inf 76.059833 inf 86.610817 35.540531 91.331190 83.967089 inf 47.392987 65.935168 15.248693 12.715721 inf 26.938895 inf 28.306261 inf 88.679284 63.851944 inf 62.990028 inf 8.807134 76.311741 86.016411 82.040935 inf 38.900615 5.614926 58.168048 6.478833 inf inf 52.838169 50.677214 17.155302 inf inf 99.028244 66.170157 14.752789 89.699806 inf 96.555872 37.697906 71.267347 inf 85.123234 65.227574 inf 78.395484 inf inf 48.119207 2.734967 96.676431 7.550593 89.142073 25.872709 88.855780
59.876698 inf 47.075196 77.902021 25.850396 inf 33.001211 13.178685 50.357196 inf inf 82.336136 1.669372 9.651887 inf 27.739855 inf 11.229847 43.557919 69.186548 50.111923 inf 85.126906 99.382759 inf 99.881741 inf 31.982382 inf 95.385761 99.197936 69.949221 95.790810 inf inf 5.388778 inf inf 70.237739 inf 79.862142 78.875848 63.578577 39.295577 4.240838 40.336452 73.243250 21.482451 11.352217 41.896410 39.152192 85.908240 inf 48.618945 87.867404 28.203930 82.072955 51.144919 59.497776 39.135652
inf 25.324649 inf 16.293675 1.064555 49.987897 inf 68.741641 49.703605 62.312780 23.742608 40.775828 inf 4.500258 18.664805 inf 32.035353 53.680534 28.359649 91.407030 37.551740 76.289665 40.777921 84.521436 inf 67.820240 inf 68.342667 52.717205 81.978407 92.563925 46.161484 21.192313 inf 61.245272 8.305749 26.001592 13.784494 5.141261 39.479926 63.984975 89.083584 49.429414 67.349856 40.392666 inf 90.302300 inf inf 30.424473 inf 4.836079 inf inf 23.487705 62.290373 inf 77.609570 inf 65.785837
3.628497 39.835686 68.338308 inf 60.788683 44.911718 inf 88.088712 inf 97.106809 inf 37.518188 13.287587 99.967300 14.036086 86.083604 66.055640 89.368676 inf inf 12.039125 inf 76.688968 inf 4.111560 29.738657 inf inf 72.405268 4.414408 inf 9.324964 97.587079 inf inf 53.456348 82.750883 83.631238 69.926163 inf 85.828092 81.478933 96.527931 18.234488 2.569676 89.178360 73.502896 7.248751 37.033534 94.187681 8.812510 15.314793 80.189616 inf 93.144315 inf inf inf 67.732882 45.365708
50.064058 86.306585 21.940820 36.245292 inf 13.692067 inf inf inf 50.575234 82.896912 33.423200 16.248270 7.492769 6.807042 inf 48.057809 12.853028 40.314945 inf 25.619921 57.330609 88.292020 27.932364 24.586470 3.018732 26.216136 98.059736 inf inf 82.681812 8.032504 95.022422 73.630246 8.469474 25.084229 6.908218 15.744968 37.766171 inf 49.326827 inf 23.660888 18.454812 10.824913 inf 71.128313 77.902736 4.446007 inf inf 63.258487 36.358241 inf 61.118436 76.835000 12.770996 22.261555 26.669639 inf
43.129614 inf 23.063764 73.067940 34.494070 inf 68.788077 46.966378 inf 43.547208 93.023407 inf 38.642816 1.084696 29.366970 inf 75.271246 18.914062 27.476276 55.439601 90.488790 95.149012 inf 88.621503 inf inf inf 97.957876 95.305951 97.903046 10.095107 67.453877 38.935913 64.946457 77.920637 75.585519 79.721135 36.616782 inf 64.577930 23.434420 22.522228 inf inf 35.712065 70.862851 43.359772 49.706572 13.443422 inf inf 82.989369 inf 75.591393 52.974319 90.627756 74.865514 inf 33.819015 54.130424
74.698211 31.278346 inf inf inf 69.937604 inf 35.716648 11.976736 1.317596 33.371808 1.318044 16.494958 inf 69.938819 inf inf 30.136223 inf 35.529438 67.467007 49.923941 9.878284 58.559300 15.122742 inf 3.824685 72.921097 inf 96.451168 93.534709 61.485828 inf 93.313754 81.637840 89.977515 36.029884 54.452623 inf inf inf 84.066155 9.405498 79.359123 61.151031 38.298226 7.910244 inf 80.914337 inf 16.265490 82.973906 49.787040 47.529526 30.675250 42.909443 58.481990 inf inf 2.466956
inf 85.833349 76.596973 79.996563 inf 98.850671 31.353027 inf 99.886121 inf inf 18.417413 17.762590 69.443204 inf inf 82.012482 inf 81.429242 61.356823 18.746744 12.075130 inf 50.098914 91.139421 84.487877 96.795059 inf 56.380149 99.164696 80.550485 inf 65.223216 62.166897 9.507373 49.648381 30.164658 34.010302 64.640745 inf 74.215719 64.854726 53.713843 54.190383 9.342421 inf inf 62.893940 inf inf 86.761715 68.432116 35.769495 86.907736 48.976824 inf 74.536128 4.735864 inf 81.974861
77.195532 13.103672 2.723765 inf inf inf 71.844191 42.669593 inf inf 65.697417 86.171961 7.801440 90.767395 inf 74.125830 inf 65.899676 inf inf 56.270210 71.604536 12.065063 inf inf 91.466778 16.071982 96.496458 inf 52.231914 88.219748 inf 23.106265 inf 1.458487 28.758798 inf 12.873655 10.787665 78.952249 91.229428 inf inf inf 65.375365 inf inf 98.737306 inf 72.760469 37.974772 44.035815 inf 88.565800 96.566539 40.434547 inf 19.565825 79.168880 27.789432
21.790654 inf 69.744536 9.675109 56.189481 13.267797 98.228592 inf inf inf inf inf 93.381504 44.366963 19.897151 44.161077 42.778583 54.037108 58.134426 87.709045 66.866977 30.932562 45.717802 83.169391 20.288283 inf 35.640687 inf 42.616311 48.082886 4.827165 29.016885 32.289939 41.602517 72.700431 8.391806 96.883363 54.529295 inf 97.487240 inf 1.870963 65.230226 74.909892 12.443990 69.294896 76.600838 18.763763 82.796775 95.890256 25.500545 inf 23.016138 97.566146 inf 96.485170 inf 51.832298 inf 96.577969
9.236620 inf 24.237498 inf 62.293729 31.949570 34.353338 inf 8.786264 inf inf 17.364050 60.925439 44.198245 72.176485 67.066927 89.696413 90.956876 44.008878 55.935112 97.176545 39.644023 8.070534 70.673385 45.681403 inf 73.265339 15.155714 inf 4.822954 35.497062 75.254922 inf inf 59.070656 35.836923 inf 83.897471 28.582287 inf inf 42.101007 inf 8.523683 5.715733 79.864248 87.471296 53.479702 inf inf inf inf inf 43.387855 inf 4.578752 inf 91.256186 inf 48.723632
12.926143 52.843642 99.856440 2.948887 8.644755 inf 78.828909 86.196480 89.133792 inf 19.210217 inf 73.913568 80.719433 10.344217 inf 83.798482 72.076504 63.559531 51.354560 88.402737 99.574804 inf 24.129367 44.139486 38.388565 14.610775 inf 21.225802 32.607640 inf 4.714295 inf 93.074009 93.420440 76.980765 32.842215 inf 29.795605 44.338604 18.361900 22.828412 24.430369 inf 56.923530 34.962891 38.046205 53.385371 43.773378 36.135649 inf 33.687656 14.462634 78.717106 inf 59.846418 11.560618 98.210385 39.157406 74.403371
inf 85.089317 inf 82.378358 44.973266 89.516476 31.509583 89.824588 60.730291 33.321080 46.433351 19.835527 inf inf 46.918907 26.831419 60.578934 inf inf inf inf 84.811014 48.229205 32.151391 inf 51.978049 72.944204 24.009393 inf inf 98.877223 92.359055 inf 53.877691 inf 96.141799 inf 58.131307 73.782624 76.504270 inf 94.150313 3.273043 99.318127 inf 31.252455 inf inf 56.980382 11.264130 inf 95.810599 89.237125 inf 63.453676 47.123879 99.956218 13.967272 inf 10.130447
26.312358 7.993885 70.260526 51.967260 55.893357 67.408874 inf 3.411570 67.161237 96.757360 91.156211 71.150873 inf inf 96.666265 30.497368 inf 44.290599 inf inf 26.050591 87.826571 inf inf 11.969594 inf 63.794493 65.459336 72.751595 35.576479 30.974176 inf 58.347555 60.602017 28.863405 46.117930 inf 83.274176 79.459226 inf inf 6.080592 77.090632 82.736832 8.769428 96.961915 90.278762 inf inf 88.202352 88.394216 inf 14.108334 1.599900 19.677915 3.200085 3.336240 8.278906 69.228011 64.335332
inf inf 2.957833 20.899824 82.986537 91.899752 56.622621 inf inf 24.803255 63.458301 51.871822 26.395799 71.967895 inf 38.301039 82.649174 inf 49.549163 85.383916 inf 43.945919 63.454517 67.843613 inf 91.153179 inf inf inf 47.511091 1.419467 22.720047 73.026937 inf 12.082289 39.853184 43.620594 2.370144 51.845492 61.121508 82.566439 25.922904 86.360020 inf 31.212430 87.911976 74.775398 58.903355 inf 18.985326 13.566466 17.313945 62.342099 75.384629 79.117242 2.676544 58.676290 53.323518 28.872627 35.769929
49.566685 42.575276 inf 39.646378 inf inf inf inf 74.114085 91.077545 60.955552 inf 8.045764 68.515916 27.570857 inf inf 87.253624 53.553264 48.757335 94.138103 57.026693 6.217578 41.835882 inf 58.988955 inf 19.784881 inf 53.492343 19.033675 37.363894 45.881140 inf 28.469045 25.834570 5.978055 43.033978 51.941624 87.333547 54.466638 inf inf inf 67.332742 60.427722 68.430960 43.378055 44.331095 40.869055 inf 66.928580 66.083864 75.918048 37.572313 7.003402 inf 67.085817 46.241105 inf
inf inf 45.517150 64.991119 64.632459 95.284282 inf 77.907089 inf 99.502597 58.893059 86.251455 50.473034 inf 73.648582 inf inf 31.210065 5.256659 inf 68.544350 84.477312 24.329640 18.330451 inf 88.735147 inf inf inf 32.559783 inf 75.986504 inf 73.932137 inf 57.791963 14.027161 88.551139 42.446199 inf 26.153873 55.953727 inf 64.862552 57.887361 21.056735 inf inf 12.566682 78.851133 16.534708 74.577619 inf 61.086699 inf 11.025944 64.332543 5.374480 inf 51.275783
2.403454 36.882416 38.151200 30.677274 28.169263 58.630312 61.964773 inf 22.912637 55.847134 21.744448 12.012511 inf 3.929220 inf 66.147468 82.863106 inf 93.444710 21.028149 8.243560 inf 50.238114 22.809496 inf inf inf 74.096615 inf 81.689686 15.544200 99.639213 50.568189 50.776176 inf inf 12.734531 inf inf 44.375319 74.681676 inf 17.264234 79.720735 56.960777 99.837081 91.892718 52.898050 inf inf 41.837233 61.455093 28.512082 44.197824 inf inf 39.322983 70.816514 inf 59.209388
94.688428 11.497917 48.934110 inf 86.210197 6.920653 inf 66.948612 inf 63.660811 20.848971 70.702600 inf inf 77.215229 9.279777 79.708714 85.820109 inf inf inf 15.262570 25.976869 inf 78.270716 66.857665 29.558402 2.057600 65.881317 inf 64.281365 78.232477 50.038505 inf 81.161921 57.417438 91.372646 inf 21.753922 64.059988 7.790077 inf 67.741827 70.099872 60.027059 18.529110 22.150796 inf 94.556653 59.014315 44.984162 16.953081 15.683023 29.435288 inf 17.877513 inf 91.499329 64.130970 67.232048
inf 10.430116 27.152928 inf inf 35.107111 42.927486 24.970824 inf 69.792170 85.374878 34.931311 inf inf 89.908660 76.500193 inf 29.221024 inf inf 89.121000 inf 10.022144 inf 12.601857 90.854064 91.872791 84.887868 inf 13.526804 53.390742 72.192233 63.294521 49.148834 88.846830 22.114683 90.065015 inf 78.181065 21.172058 20.044550 82.663231 inf 93.244377 54.424281 31.295471 92.338782 91.743609 35.347214 78.231246 66.539734 28.008854 89.685853 24.781057 90.696849 39.284244 inf 1.726212 inf 88.319859
2.021851 92.309907 55.241107 41.035063 7.135546 79.535963 53.148836 90.878948 70.380857 20.068313 47.618686 29.571468 inf 18.945611 inf 46.322913 42.808488 44.044261 inf 37.580609 inf inf 4.796512 64.479708 26.618602 71.692630 37.351254 55.321792 24.184691 57.578480 inf 2.834971 inf 16.868516 90.021153 30.896630 63.217034 inf inf inf 24.233610 inf inf 35.955114 inf 48.728642 15.821415 27.998741 74.955232 14.017134 inf 79.239700 15.753852 54.711488 99.251816 67.865402 60.476835 87.681485 28.938652 85.748372
inf inf 4.052401 inf 12.875008 99.860936 55.793480 59.036904 4.958726 53.314686 46.179668 92.434282 47.732823 36.411939 85.848247 71.613274 94.997643 inf 28.935708 inf inf inf inf 5.682128 inf 10.717629 inf 52.373830 inf 67.080822 94.431277 inf 81.955337 18.208853 82.803725 inf 91.587433 47.139774 7.971279 24.683900 48.470185 25.265824 inf 92.055322 71.281059 46.349158 87.500209 40.875011 44.260697 inf 42.770867 39.951144 44.482805 inf inf inf 40.906613 90.100723 25.780965 53.774609
12.061442 45.461379 59.663399 8.029265 55.886622 inf 1.843085 inf 94.650590 94.277999 20.254427 inf 50.131210 inf 4.643919 68.150402 89.597615 23.711800 11.829987 20.622362 51.697991 inf inf inf 73.246207 85.572605 40.475869 inf 13.230883 inf inf 96.074276 inf 10.359502 32.416924 73.430528 42.786418 37.688696 inf inf 27.283700 23.492921 inf 55.992691 35.530898 88.406912 9.064863 60.763474 17.298904 32.014202 8.875701 43.274613 90.981331 inf inf 91.942461 78.310482 63.034930 inf 81.677647
75.193355 65.131568 91.318558 inf 27.661405 68.130888 11.678971 24.238512 inf 80.131873 23.253307 95.828683 48.319597 inf 51.856030 58.017390 47.282820 72.976583 inf inf 38.113045 68.275039 inf inf 55.990106 35.460116 22.793944 inf 55.397709 9.075921 inf 15.175135 inf inf 26.525759 inf inf 45.501766 19.150463 inf 35.102173 inf 57.015365 24.123764 32.396953 16.669383 8.947824 21.593298 inf 71.673457 61.350690 1.757272 73.343685 49.691495 inf 13.581921 inf 2.494581 44.017872 59.649066
81.562486 inf inf 62.981925 87.708477 inf 33.551362 23.271598 inf 58.697374 83.692582 37.108879 inf 72.137285 inf inf inf inf 43.303748 11.934442 17.309642 inf 51.920257 67.424664 inf 7.541705 inf inf 72.656619 inf 61.454935 33.446578 inf 11.389947 24.797686 inf inf inf inf inf 61.443527 2.013225 47.613531 inf 31.612135 57.920719 68.463006 94.495479 inf 94.162636 inf 40.705834 12.384545 inf inf 98.324918 34.021158 55.498493 96.240064 63.253383
85.427845 16.781544 26.986342 54.867325 23.426050 inf inf 23.327521 71.536603 inf inf 17.636399 93.170644 inf 49.998396 59.591986 87.953441 inf 91.614469 55.576697 17.711152 25.442269 25.169946 82.739786 89.737392 inf 74.640729 29.680209 56.654025 36.356756 inf inf 37.748507 inf 19.960964 inf 17.605361 inf 99.010717 69.061471 inf 48.666472 37.521180 inf 91.710149 6.046743 15.109887 58.676505 16.807400 inf 16.919630 77.327606 inf inf inf 75.112313 42.704578 42.274211 49.921426 inf
inf inf inf inf 18.270209 inf 66.754109 80.805675 15.841604 69.086597 34.845537 59.709519 41.708292 35.140769 inf inf inf inf 74.349589 86.231120 87.245333 inf 97.806605 83.155443 inf 35.256963 inf 75.991539 94.992583 inf 78.428994 8.716475 7.803962 24.418058 36.252564 42.601865 inf 21.844192 inf 67.587189 29.548579 63.920875 inf 37.304609 28.314863 inf 28.509958 inf 46.074787 30.809076 74.503455 inf inf 99.000886 20.444066 inf 18.753560 96.647994 inf 93.429649
25.089765 10.832113 67.359867 inf 23.944729 90.609354 91.021639 inf 35.232680 inf 27.159929 inf 38.015212 12.946171 inf 17.789181 inf 34.566765 49.176477 13.495585 58.461286 54.054254 inf inf inf 17.863774 26.068159 inf inf 76.934369 inf 57.423860 90.774825 36.337656 28.760389 inf 98.097590 inf inf inf 76.027928 7.389535 inf 87.462162 inf 49.640565 92.073655 87.439545 inf 41.997889 inf 97.193487 inf 26.071267 44.447029 83.865483 77.274007 35.488619 86.448882 inf
7.102326 inf 35.748396 35.188377 inf 99.791883 inf 35.627294 inf 64.209895 inf 6.703668 inf 69.051433 inf inf inf inf 40.941990 inf 37.131760 inf 47.372448 77.531091 81.205341 42.037158 26.514998 inf inf 18.505060 inf 45.076644 inf 5.324757 92.754929 inf inf inf 18.931669 inf inf inf inf 93.895521 30.126847 inf 71.211486 5.230193 50.794384 66.425099 71.085016 inf 53.320238 inf 7.630652 42.723591 58.363116 68.801212 30.979749 21.345790
48.561972 82.436703 32.081859 29.103918 inf 31.184055 45.235111 57.571860 70.154738 10.842959 98.150449 73.217772 inf 61.066203 12.584260 91.345093 90.980817 57.511311 inf 74.922591 97.380998 53.281632 inf 10.448573 inf 63.802831 inf 2.112228 33.048026 inf 53.937219 inf inf 4.645090 61.947216 inf 29.841141 88.066016 55.979292 2.180350 6.319718 inf 60.661797 99.870820 65.535818 9.791316 66.560768 35.733002 inf 13.444427 70.020059 43.002879 41.126813 inf inf 17.736001 50.470385 inf 54.788412 60.388093
64.847135 37.864661 66.694118 inf 95.102089 41.016910 50.242216 2.532783 50.147066 66.761117 20.300462 inf 43.517343 97.873342 59.057280 4.867204 inf 35.466926 9.848777 65.989559 inf 51.926690 inf inf 36.743435 inf 82.607160 inf inf 72.530996 inf inf 66.380884 inf inf 15.642845 12.802701 92.019985 81.118811 46.530251 8.660730 79.742385 29.060777 inf 73.921613 79.322901 inf inf 29.268475 89.435558 72.673727 54.332273 inf 88.240745 28.576353 inf inf 75.074691 inf 38.504708
inf 81.424202 18.745217 29.931057 67.310020 17.849177 77.963171 inf inf 73.166984 28.009348 58.526335 5.886072 inf 41.374837 84.892989 87.394177 68.478937 37.564505 73.041652 74.034576 inf 39.953616 43.784559 89.029190 inf 64.461972 43.039223 85.276666 inf inf inf 93.726589 inf inf 37.010167 inf inf inf 21.219583 inf 66.604392 14.778458 44.267065 91.250160 32.882995 80.572761 inf 97.975707 inf 19.645619 inf 42.641813 inf 69.643129 70.585936 77.043871 28.064530 73.591562 74.302520
inf 61.934583 34.761782 43.637438 12.554633 93.236521 inf 90.109510 65.799451 18.256738 inf inf inf 83.665072 95.703117 11.374228 inf 63.387014 53.479238 4.399544 inf 33.751059 inf inf inf 81.928018 98.259443 63.995488 inf inf 14.001926 4.928491 inf 96.273359 inf 91.163296 56.481167 44.088541 inf inf inf inf 28.367654 64.061199 27.133205 64.662464 51.037832 32.117247 54.680868 72.029553 inf 48.266130 inf 20.809094 76.120062 8.290342 51.730537 inf inf 80.092516
26.534747 inf inf inf 75.859505 13.881809 44.178663 20.116593 inf 86.475382 inf 62.375078 2.860242 1.591695 inf inf 4.020895 16.490554 inf 83.152576 31.255609 97.847758 91.155410 inf 98.610770 inf 74.910269 91.789246 57.111193 66.462654 inf inf 47.468566 inf 12.513483 92.572387 4.801189 inf inf 35.826173 17.335738 73.730398 inf 31.864917 54.882162 8.346480 71.047898 58.757480 inf 66.336564 85.956100 60.555787 inf 67.785110 32.435027 inf 64.320358 33.103270 inf inf
14.301953 inf 80.676942 inf 95.482542 29.171482 89.525778 96.160529 3.048252 2.303119 18.957078 14.591754 inf 34.903739 59.492094 24.091989 inf inf 55.126337 64.557231 85.981825 22.754654 86.528567 2.874462 19.182674 11.932003 75.310881 74.976239 43.214290 84.384837 inf inf inf 41.787630 inf 30.921683 inf 80.163895 inf 95.807245 7.718304 52.286481 67.275883 47.261118 33.541191 42.648865 inf 75.307474 96.252344 96.283441 79.989732 inf inf 56.796480 inf inf 32.428610 13.540874 28.482528 inf
41.520417 56.364766 70.115912 10.016181 75.152693 3.295246 13.589920 71.967479 73.845279 98.043247 58.304961 31.073466 50.330161 18.695084 14.140208 66.377326 60.496710 inf 17.813539 33.674822 28.524910 inf 86.860950 inf inf inf 40.264244 inf inf inf 42.949485 89.209941 2.397236 93.017369 40.265797 inf 41.400564 98.536725 29.904336 44.377851 89.762832 54.777637 inf inf 22.320423 40.823376 31.181056 77.381996 34.651189 inf 65.129393 73.147044 54.088795 82.238428 inf 17.996258 9.402146 88.993502 inf inf
inf inf 6.482837 55.454934 98.479374 83.071987 6.782089 54.674110 inf 32.121855 inf 30.111387 inf inf 14.691932 47.286277 72.005815 65.876084 6.682568 15.116631 13.580450 80.211233 65.626423 inf inf 51.617608 inf 25.663107 inf 44.229617 39.940590 inf 75.054353 63.226635 inf 90.861344 inf 99.036116 16.552104 inf 89.158265 24.233694 inf inf 15.565700 inf inf 2.955415 16.979084 95.822240 65.804588 3.391491 inf 13.663090 54.827847 inf inf 39.551483 69.146249 inf
inf inf 74.210629 94.068307 19.056696 89.358231 82.713969 67.550468 30.968334 31.805223 56.869924 inf 3.036107 19.704954 22.110461 45.673545 58.730638 inf inf inf inf 40.676017 81.417762 84.937672 inf inf 81.235989 inf inf 10.679202 33.541331 inf 70.779061 inf 36.574438 14.216438 84.210978 inf 1.312332 54.671847 35.790935 inf 86.980366 73.719073 76.663121 40.426079 48.595961 84.783044 84.657617 inf 3.479724 inf inf inf inf 30.932052 inf inf 1.405418 inf
52.910128 22.681649 14.595034 33.820068 82.206424 inf inf 55.361021 32.518626 inf 92.237271 72.242321 99.503080 2.513859 24.669419 52.799523 17.169080 inf 30.122690 13.932736 inf 33.418821 inf 2.589952 inf 28.143917 inf inf 85.001541 53.866100 62.007855 inf inf inf inf 88.032397 3.654824 44.986730 inf inf inf 12.794591 6.925434 55.764471 7.178231 31.017276 58.546542 35.390312 inf 87.817023 inf 69.498342 42.982560 1.683964 inf inf 29.593381 20.190404 26.852256 inf
90.848022 inf 52.063500 inf inf 52.380726 inf inf 53.020426 62.708551 inf 60.215649 91.770152 inf 88.204547 78.763632 inf 67.123650 51.908870 70.211409 inf 54.251476 inf inf inf 25.851144 30.002063 inf inf 27.074829 38.946641 8.518200 inf 31.642715 8.141194 50.366938 inf 77.264252 inf inf inf 54.298037 78.704167 83.827994 inf 66.360927 22.247351 32.516891 52.394728 inf 15.082676 inf 36.805884 78.070349 28.280986 23.472358 53.643298 19.497637 inf 9.515316
34.035124 10.608465 87.335963 6.949819 67.714472 4.176213 inf 9.823641 41.889713 inf inf 8.147715 inf inf 68.797016 97.903972 26.960275 99.580966 76.451732 94.483845 19.273434 1.362800 33.695056 32.548404 84.984867 inf 4.342060 88.371633 inf 54.117553 66.595840 inf inf 12.300408 22.034911 39.216719 22.477027 62.199725 inf inf inf inf inf 14.861874 29.912540 5.104301 46.571138 41.288212 26.830925 84.074889 14.483115 53.540241 11.569632 49.301802 37.408448 99.385483 inf 19.018876 72.263819 19.805036
16.509563 44.397416 35.083310 10.794018 inf 29.498421 50.108261 40.748902 inf 64.868096 65.458954 42.238599 20.837233 32.654667 25.275158 inf 11.967961 inf inf 91.478982 inf 5.905400 90.367838 inf 76.392606 81.149481 88.621394 94.997440 inf inf 73.601641 97.839811 inf 68.329503 48.388637 19.872628 9.149494 inf 65.193025 61.762530 inf inf inf 39.064365 66.015523 42.822710 53.475743 19.410966 10.836921 22.772691 inf inf inf 23.828730 97.048609 inf 83.401205 25.589218 31.382850 inf
inf 89.675533 91.442500 1.746339 25.965402 inf 31.735886 22.867532 inf 76.860414 inf 36.284952 27.120274 38.682047 20.667192 inf inf 34.220426 64.530681 inf inf inf inf 68.170734 89.072817 81.628228 inf inf inf 8.310638 42.436995 83.501887 10.534492 inf 10.739408 inf inf 21.034504 27.404664 60.553447 inf inf inf 68.943073 inf 5.047731 46.823008 31.910473 48.933056 64.064437 inf 32.650440 inf 25.224192 48.949096 10.201022 91.495331 inf 98.177520 95.611804
11.224113 96.214893 69.910119 48.906072 51.984001 inf 36.514298 85.323254 inf 34.282236 1.579644 inf 66.807299 86.335489 inf inf 62.355296 39.998175 19.653399 84.989325 34.486122 20.813418 23.677494 64.254386 inf inf 72.535289 2.378091 90.465593 94.345111 inf 70.774892 88.591642 90.460479 77.082600 inf inf 56.620991 29.849507 41.186218 35.195147 48.998509 70.423611 inf 81.292844 91.085908 8.729906 inf 92.284562 inf 92.537854 18.213286 11.788322 inf 98.150912 62.202416 16.973128 inf 72.975871 57.412515
18.901205 34.691420 54.938916 67.140180 89.468111 82.123904 43.847498 20.080445 73.476588 47.815088 65.961216 66.031250 inf 42.098513 60.927028 96.434927 18.275623 19.153092 32.134068 22.422040 inf 81.396883 24.478456 59.233397 42.905789 32.873694 89.492859 inf 89.322473 79.442168 20.488219 83.651077 37.773809 12.923529 37.144483 29.147065 43.688918 23.694024 71.391288 inf 61.263753 16.664823 inf 35.905816 inf 4.397489 13.121508 56.359001 16.077227 40.666925 14.046962 11.960855 68.473461 91.491866 61.485324 inf 77.080280 52.124867 60.945736 59.577243
8.868662 51.844420 inf 20.063400 inf 47.727499 26.746003 inf inf 52.497260 82.887453 10.604326 73.364620 10.276463 98.706201 30.607627 54.250175 92.540494 50.684868 97.513839 64.658256 70.171019 47.080159 19.623492 24.755735 34.458377 inf 18.740544 inf 22.947636 11.412719 76.533911 36.081447 26.462969 86.557104 3.777561 inf 39.610824 65.052949 78.947594 45.424088 62.404288 59.085662 39.217797 3.063038 inf 22.094497 70.677967 15.506684 61.825941 inf 19.902318 51.540102 24.058462 99.499547 18.949603 inf inf inf 52.857206
inf 27.811405 42.080834 94.372308 6.020009 12.828395 27.472344 inf inf 7.309846 83.340439 7.413114 inf 93.149272 70.247105 82.242146 inf 95.408127 21.112009 8.182238 7.986413 99.818566 2.614438 54.660785 15.476816 87.187339 51.867348 19.448714 63.238355 43.456649 inf 41.446797 78.513943 78.960173 inf 6.998727 inf 81.816536 94.685976 3.858033 3.476669 69.163505 61.541003 35.262276 80.498242 11.761201 inf inf 72.689817 32.379204 inf 60.088093 4.156029 21.542924 24.317245 inf 47.364873 inf 8.823619 36.086554
33.546872 19.198135 inf 93.649098 52.820666 98.892841 inf 32.821486 29.609204 27.201991 94.374298 57.492066 inf inf 74.769511 38.553089 inf 47.193029 inf 25.898192 56.421806 35.656287 53.511287 17.857840 14.746568 76.066965 inf 82.263827 17.397437 15.796592 inf inf 15.805420 77.173425 41.501447 9.729258 82.097578 34.726416 3.866002 47.257594 1.625872 25.646279 35.538314 inf 22.536143 70.662161 inf inf 74.716256 inf inf inf 58.672296 98.079445 inf 54.106001 75.355260 23.106128 inf 58.632661
41.421704 81.504044 inf 75.030690 90.841375 68.141243 31.374926 inf inf 5.032789 inf 45.192290 15.616637 inf inf 55.842010 90.753235 inf 39.415437 69.635326 24.184262 31.997852 95.520976 inf inf 32.948197 41.536806 inf 48.210418 inf 18.161131 85.466197 6.884335 inf 91.227707 16.744912 63.094841 26.974666 inf 75.525216 51.326708 77.649542 32.873210 80.673647 3.013163 56.067958 59.002577 5.269458 inf 33.246257 inf 56.240488 inf 40.429367 93.918584 8.579589 84.660642 76.044558 80.670138 19.393477
inf 26.432546 17.523248 60.267985 inf inf inf inf 97.991164 80.031826 inf 99.507646 14.465318 39.694175 47.430219 84.153774 89.848218 inf 92.969376 93.755145 76.419126 inf 12.036548 14.901954 50.589006 inf 35.779976 84.826407 72.313585 25.976314 79.587239 inf 80.893092 1.763712 60.639681 inf 8.947890 inf 5.338891 inf 47.452754 87.568539 63.276531 inf 42.813012 74.211618 43.094058 inf 60.954631 inf 87.607055 inf 60.209147 94.312409 21.510227 75.971611 inf 45.057418 inf inf
36.491415 46.046209 inf 80.547250 inf inf 9.202120 8.578397 46.507729 37.757357 inf inf inf 54.328113 53.002444 inf 95.683424 81.978630 11.848889 80.649001 inf 63.540164 89.308370 38.387661 inf 35.360129 96.588156 inf 10.106816 62.694378 85.674844 98.027021 inf 58.347585 47.135136 72.967680 88.284050 93.856909 inf 60.565435 53.018369 inf inf 69.379736 37.128527 inf inf inf inf 76.481064 inf 73.034287 58.314364 32.749813 60.797834 inf 86.792935 86.899583 inf 66.552130
inf 96.149498 39.221769 43.157981 65.246079 84.010547 24.789026 98.479796 10.744915 inf inf 89.998039 1.270154 inf 53.461138 77.022398 9.150822 25.632142 14.302219 96.510272 84.868180 11.106761 64.055701 86.841248 58.102349 54.834460 inf 83.336882 inf 50.194624 2.292973 inf 44.820933 47.675331 inf 18.789280 4.850976 inf 48.418522 inf 39.683315 inf 45.134178 65.355704 94.901928 97.507706 80.501055 inf 71.790423 inf 90.904660 inf 49.920285 42.952073 81.568227 41.747621 77.039697 94.589527 inf 9.094665
inf inf inf 95.048522 26.050150 inf 30.916928 53.297824 inf 4.363227 inf 14.993590 1.844109 90.496679 18.130871 50.633935 inf 46.786575 68.687480 44.047663 88.469654 91.635830 6.012506 81.884333 9.682554 inf inf inf 55.753548 33.108359 inf 84.367082 inf inf inf 19.900103 inf inf 65.125780 82.743279 65.821476 inf inf 70.548802 3.787674 45.710092 41.062662 83.554156 inf 19.361377 9.906855 13.397680 inf inf 68.484160 40.856816 97.948588 80.884860 25.199161 65.770594
89.941727 49.099785 inf inf inf 67.860123 9.112532 32.433354 90.062819 88.214838 32.881283 41.876588 inf 24.962739 87.349321 42.344648 1.932260 55.780213 46.176611 7.752822 50.124414 inf inf 59.460488 inf inf 71.814229 1.588484 inf inf 9.321763 inf 28.463349 96.685524 84.860250 53.080305 61.361211 inf 39.235160 96.676583 9.828873 25.969944 75.164591 inf 1.817283 83.797470 19.374800 11.750095 24.024368 3.870062 48.854985 92.326990 inf inf inf inf 96.204663 24.612272 16.869219 51.539474
21.875078 23.682010 30.619660 12.810374 71.420807 16.376917 65.026373 40.382499 80.990470 inf inf inf 27.475205 22.009507 33.941790 4.067172 inf inf inf 24.078611 98.214424 inf inf inf inf inf 39.153922 71.904883 70.734933 inf 69.412172 53.306193 29.225403 52.379174 inf inf 43.930367 inf inf 43.679990 10.551824 49.653309 63.904210 1.817191 99.839165 27.233067 68.004151 inf 5.492753 44.796072 62.638174 99.135515 27.218208 inf inf 82.944249 23.334157 40.285210 50.955514 85.916371
51.832839 3.744992 44.286908 inf 32.786653 53.610640 42.934203 inf 28.095610 58.304744 66.544419 68.773532 44.234460 82.985267 21.992730 1.798433 85.855809 inf 20.379241 95.923348 42.474620 inf 91.740211 82.844693 88.164541 22.324472 inf 74.624191 9.142012 49.839399 inf 56.703416 49.406099 inf inf 30.020915 inf 49.798838 inf 75.806941 9.204941 inf 61.148221 24.708572 inf 39.579570 inf 49.794996 30.781054 56.609043 inf 65.409265 98.874940 inf 74.583370 inf 63.263593 inf 15.518319 90.299297
52.190424 31.577818 inf inf 53.864513 47.392538 22.635346 29.454008 inf inf inf 36.806577 37.023301 17.185444 4.534716 inf 73.173590 92.282654 inf inf 37.501242 92.302500 9.407285 inf 39.454663 95.166899 47.816380 88.761144 80.822647 3.963430 inf 94.424452 44.593576 73.664042 3.446212 7.408997 inf inf 61.992068 93.291003 inf 2.519264 18.557920 29.791419 98.422200 inf 99.585036 71.344121 88.098862 inf 96.093569 68.555099 35.215900 28.839586 22.491693 71.213510 inf 60.728059 20.781475 24.380958
28.555135 78.905796 34.721914 inf 8.741010 inf inf 28.772856 74.244780 34.487153 11.197684 27.228111 71.614619 33.948547 36.795690 25.574368 92.372837 20.188566 87.232993 18.377428 52.210539 45.686009 72.122890 53.685823 10.300665 49.740229 75.127292 46.902159 1.051107 inf 30.599560 29.976939 inf 45.136978 30.256503 69.307213 11.691390 inf 36.576183 60.782368 50.484551 28.421515 inf inf 25.980285 inf inf 75.801726 56.824231 96.833272 4.980366 21.113041 33.963991 99.020389 2.119902 inf 22.056760 inf 42.425204 53.281137
57.205874 77.061845 inf 31.888624 36.173742 44.282328 inf inf 55.504946 inf inf 54.650456 inf 19.653626 63.122612 3.114123 inf inf 82.359573 inf 54.787949 82.277292 inf 51.661611 44.939226 13.269511 inf 36.163117 12.726697 83.775532 inf 58.003392 inf inf 86.084087 inf 80.827008 44.739537 4.192346 inf 44.762620 4.450351 86.140729 25.245778 11.986731 inf 19.077143 inf 7.419344 inf inf inf 73.795388 25.585884 6.784751 12.076886 55.254331 22.718747 inf 28.469468
3.677238 74.096349 97.213589 34.057625 inf 50.923061 13.612813 66.346589 13.781697 64.115241 52.738448 25.589147 94.010688 43.741715 89.490889 inf 31.986947 47.147888 84.208550 18.403793 52.006227 39.847012 21.609103 42.219121 34.045131 inf 86.904387 inf 73.986840 61.949121 88.438362 58.589806 2.170995 inf inf inf inf inf inf 32.360704 78.827634 inf 41.689469 6.117459 79.034313 75.847238 59.538280 94.187112 88.863600 inf 4.139642 1.335413 66.135914 17.726958 47.802997 19.438643 18.998043 72.749329 18.271221 inf
