inf inf 23.421993 inf 1.717278 inf 6.437462 inf inf 66.306857 inf inf inf inf inf inf 57.469331 40.684535 inf inf 32.877034 90.978483 inf inf inf 42.985111 inf 50.969419 26.416891 inf 28.124448 66.649563 75.308987 inf 10.564722 53.414313 inf 91.175232 inf inf
inf inf inf 36.887502 68.729006 inf 90.013703 inf 96.769630 17.484833 inf inf 58.608538 inf 98.414525 95.091160 51.975517 97.118574 inf inf inf inf 27.401443 4.728604 inf 33.616943 49.968457 inf inf 15.445447 inf 36.354802 inf inf 3.473942 inf inf 69.775065 inf 60.324546
4.060040 inf inf inf inf inf inf inf inf inf inf inf inf inf inf inf inf 16.599204 inf inf 4.110024 inf 8.847878 18.179550 10.849078 inf inf inf inf inf inf inf inf 45.587507 inf 97.407784 83.957898 inf inf inf
inf 71.114169 inf inf 41.518406 inf 90.533145 63.465209 inf inf inf inf 10.592360 inf 21.705065 48.450270 11.050976 inf inf inf inf inf 23.093163 82.117254 inf inf inf 71.151166 inf 17.629771 inf inf inf 30.345600 55.463219 inf inf inf inf inf
15.673517 41.216079 inf 50.092945 inf 69.165401 72.034269 79.559001 7.389264 inf inf inf inf 26.117650 inf inf inf inf inf inf 11.043465 inf inf inf 64.136642 inf inf inf inf 31.113485 inf 1.818016 43.166953 inf inf 82.891835 inf 15.482139 inf 2.842006
inf inf inf inf 4.346565 inf inf inf inf inf inf inf inf inf inf 61.757673 inf 75.515565 inf 32.297972 76.823658 inf inf 51.063156 inf 14.654604 inf 29.692451 inf 23.290667 62.181304 inf inf inf 48.969325 8.874329 67.384463 inf inf inf
69.403393 22.411838 inf 51.945860 10.643007 inf inf inf 59.105100 96.265725 inf 9.349587 inf inf inf inf inf inf 97.474018 inf inf inf 99.641720 19.145348 13.983680 inf inf inf 45.670396 inf 99.454415 21.530566 inf inf 86.335886 12.641858 88.601320 inf inf inf
inf inf inf 47.366826 73.674233 inf inf inf 17.135210 31.583019 inf inf inf 90.810459 inf 20.819828 inf 45.372121 47.453888 75.214379 inf inf inf inf 75.347606 25.614519 inf inf inf inf 6.811532 inf inf inf inf inf 6.353697 inf inf 8.005463
inf 7.693447 inf inf 65.564527 inf 32.858576 59.442219 inf inf inf inf inf inf 57.522829 2.168607 inf 61.616328 inf 68.204885 inf inf inf inf inf inf inf inf inf inf inf 54.130466 86.873284 inf 99.890652 inf inf inf 52.945462 inf
91.643890 36.132914 inf inf inf inf 66.298778 78.249690 inf inf inf 9.008085 inf inf inf 93.166724 17.144512 61.310371 28.753327 78.083001 inf inf 78.162194 95.378225 14.971707 inf inf inf inf 72.145362 10.416383 inf inf inf inf inf inf 2.222623 inf inf
inf inf inf inf inf inf inf inf inf inf inf 10.889071 inf inf inf 56.120571 inf inf 27.583898 inf inf inf inf inf 25.255766 inf 63.710481 inf 19.761222 47.165935 inf inf 9.545687 52.416221 84.354572 inf 46.064998 39.720773 inf inf
inf inf inf inf inf inf 20.134981 inf inf 69.387926 72.606634 inf inf inf 98.583751 inf 45.398895 inf inf 99.381513 inf 22.654170 22.449941 inf inf inf inf inf inf inf 50.944461 98.007724 69.649877 inf inf inf 86.602428 99.186528 39.058079 inf
inf 18.282887 inf 94.296911 inf inf inf inf inf inf inf inf inf 60.107586 inf inf inf inf inf inf inf inf 2.578230 inf inf 29.843666 inf inf inf inf 48.246787 90.835917 inf 71.400689 94.243655 inf 45.421592 inf inf inf
inf inf inf inf 61.912015 inf inf 71.918119 inf inf inf inf 98.888933 inf inf 91.233879 inf inf inf inf inf inf inf inf 26.447591 75.189130 7.377143 inf 33.826714 inf inf inf inf inf 17.333040 61.135436 40.709968 13.195500 inf inf
inf 6.757644 inf 79.308257 inf inf inf inf 29.611409 inf inf 47.207744 inf inf inf inf inf inf inf inf 16.947092 inf inf 34.672768 65.397352 inf 75.021314 inf inf inf inf 95.004697 75.863453 inf inf inf inf inf 87.674637 36.562508
inf 65.572020 inf 26.217523 inf 44.180649 inf 31.284181 33.426305 6.246919 66.134843 inf inf 53.057438 inf inf inf inf inf inf inf inf inf inf inf 42.175175 inf inf inf 47.918243 inf inf 32.758072 inf inf 80.832457 inf 20.488123 inf inf
97.053335 77.310584 inf 72.241913 inf inf inf inf inf 29.129983 inf 85.973495 inf inf inf inf inf inf 99.441825 40.775592 inf inf 64.805542 inf inf 17.653806 14.884373 inf inf 41.630942 inf inf 7.647043 16.603988 inf inf 57.471640 23.520018 inf 42.899015
11.937794 73.712509 58.931056 inf inf 19.856229 inf 25.310798 58.268006 43.759807 inf inf inf inf inf inf inf inf 51.020061 inf inf 8.754485 13.731519 inf 26.836353 85.892722 15.832070 inf inf 80.637127 inf 50.044074 inf inf 74.153592 inf inf 74.290079 60.157844 inf
inf inf inf inf inf inf 52.816246 76.925689 inf 8.524344 7.305138 inf inf inf inf inf 4.234835 5.370446 inf 91.759102 inf inf inf 4.860676 13.465495 inf 5.063696 inf 9.944346 inf inf 75.662695 inf inf inf 63.793609 inf 22.352713 inf 63.116380
inf inf inf inf inf 58.335934 inf 72.968854 24.025686 34.150767 inf 94.126093 inf inf inf inf 94.472758 inf 65.502608 inf inf inf 68.782134 inf 93.742392 inf 89.901235 inf inf inf inf 15.902026 inf 48.849034 inf 42.076116 inf 83.113271 inf inf
75.161620 inf 57.901357 inf 28.580498 44.092841 inf inf inf inf inf inf inf inf 5.832094 inf inf inf inf inf inf inf 26.289163 inf 67.375114 8.423552 8.503230 inf inf 36.782745 inf inf 58.951218 68.216173 inf inf inf 95.333962 inf 72.347518
84.186549 inf inf inf inf inf inf inf inf inf inf 3.650969 inf inf inf inf inf 28.490739 inf inf inf inf inf 95.649950 29.137073 36.138590 inf inf 78.483925 4.232121 3.078208 69.211996 48.103526 8.666108 inf inf 93.828638 2.918215 inf inf
inf 91.286952 44.280935 89.197372 inf inf 21.496248 inf inf 9.239877 inf 80.310247 51.747990 inf inf inf 15.947046 19.263050 inf 54.309548 58.876181 inf inf inf 83.038632 inf inf inf 31.091440 99.505065 inf 61.083619 inf 17.723697 94.053843 inf 36.539677 inf inf inf
inf 94.605405 79.015204 59.816159 inf 91.491377 47.554147 inf inf 35.904274 inf inf inf inf 11.929046 inf inf inf 54.842018 inf inf 93.573380 inf inf 83.646294 4.070763 86.471561 inf inf 60.741931 inf 16.111476 inf inf inf inf inf 2.886319 inf 73.020826
inf inf 42.763942 inf 60.088808 inf 52.587311 2.817561 inf 51.030621 93.000958 inf inf 7.499266 51.816116 inf inf 29.257427 21.387741 16.045879 79.411065 58.148826 8.049424 86.358937 inf inf 19.793963 76.059212 inf 97.507071 12.003939 77.214431 12.542391 10.209508 inf inf inf 99.590946 inf 18.587593
69.228975 13.063751 inf inf inf 44.464269 inf 13.213600 inf inf inf inf 97.478958 2.944498 inf 60.159317 99.799142 34.164315 inf inf 30.850317 99.505445 inf 23.372367 inf inf inf inf 37.943406 inf 99.870557 inf inf inf 2.836353 inf inf inf inf inf
inf 80.178944 inf inf inf inf inf inf inf inf 2.472657 inf inf 14.102781 6.481273 inf 80.676701 78.373826 39.239522 57.802748 41.605275 inf inf 1.065654 91.372871 inf inf inf 25.244750 inf 30.155698 16.930478 inf 80.626797 inf inf 36.786481 52.372521 87.380391 inf
63.072621 inf inf 73.253591 inf 11.458577 inf inf inf inf inf inf inf inf inf inf inf inf inf inf inf inf inf inf 14.925103 inf inf inf inf inf inf inf inf 36.474807 inf 59.479875 76.570387 inf inf inf
37.737350 inf inf inf inf inf 53.053069 inf inf inf 39.487856 inf inf 7.253957 inf inf inf inf 2.598077 inf inf 9.196405 5.356416 inf inf 15.574850 58.678977 inf inf 97.373410 inf 4.437261 9.854149 41.163574 inf 65.586434 18.343914 inf inf 98.426756
inf 23.123719 inf 72.495991 84.030298 2.258173 inf inf inf 6.802665 6.215759 inf inf inf inf 51.777873 19.503117 10.587631 inf inf 44.407484 93.890362 56.169362 84.199860 12.674334 inf inf inf 19.481072 inf inf inf 11.473578 inf inf 62.699743 inf 26.534870 inf inf
95.605659 inf inf inf inf 38.234978 8.456755 22.428997 inf 78.957540 inf 39.750807 97.672604 inf inf inf inf inf inf inf inf 99.953957 inf inf 37.803376 2.192017 77.631883 inf inf inf inf inf inf 80.394551 inf inf inf inf inf inf
7.795095 53.006667 inf inf 20.410454 inf 78.754310 inf 41.021513 inf inf 39.152965 65.360413 inf 41.013177 inf inf 30.015936 42.523621 46.713256 inf 88.840705 90.330096 46.035126 18.688861 inf 10.249379 inf 25.232807 inf inf inf inf 96.647743 inf 99.407321 inf 87.900167 49.015454 inf
59.565839 inf inf inf 85.103838 inf inf inf 5.629090 inf 54.303351 55.713620 inf inf 72.829168 33.209871 79.511258 inf inf inf 28.528473 32.250125 inf inf 27.984832 inf inf inf 91.514194 48.192004 inf inf inf inf 56.073978 inf inf 60.733092 inf inf
inf inf 45.419704 45.908059 inf inf inf inf inf inf 58.516383 inf 14.252149 inf inf inf 77.349193 inf inf 43.381084 30.303199 66.104367 68.442881 inf 89.032671 inf 53.248048 36.739982 38.248795 inf 90.884523 70.218955 inf inf inf inf inf inf inf 33.572514
45.910712 27.565461 inf 65.092949 inf 85.811392 28.551837 inf 3.410183 inf 56.088483 inf 93.148035 49.261791 inf inf inf 80.187903 inf inf inf inf 66.957260 inf inf 11.050881 inf inf inf inf inf inf 88.321518 inf inf inf 28.902326 46.461517 inf inf
58.748502 inf 45.578889 inf 35.674183 7.208097 60.781051 inf inf inf inf inf inf 89.370629 inf 34.110490 inf inf 4.844655 43.589581 inf inf inf inf inf inf inf 27.348624 43.932867 49.293308 inf 29.710047 inf inf inf inf inf inf inf 63.732689
inf inf 30.250532 inf inf 40.634137 47.988190 49.212067 inf inf 84.491245 26.797696 69.720187 48.690435 inf inf 23.051314 inf inf inf inf 98.180126 26.462222 inf inf inf 76.550130 2.854063 77.712487 inf inf inf inf inf 59.224813 inf inf inf inf inf
35.536028 64.571193 inf inf 39.271765 inf inf inf inf 15.727652 97.466901 31.206897 inf 78.865650 inf 14.632320 89.432674 72.218350 30.420586 94.358243 69.630315 53.897616 inf 19.118841 38.285651 inf 40.141838 inf inf 20.371153 inf 62.596322 92.614849 inf 46.316229 inf inf inf inf inf
inf inf inf inf inf inf inf inf 50.999508 inf inf 35.461208 inf inf 4.535496 inf inf 29.181190 inf inf inf inf inf inf inf inf 63.687670 inf inf inf inf 53.057740 inf inf inf inf inf inf inf inf
inf 65.829876 inf inf 89.044900 inf inf 46.662871 inf inf inf inf inf inf 29.064177 inf 72.083936 inf 62.479084 inf 49.880149 inf inf 78.408084 34.267572 inf inf inf 17.145612 inf inf inf inf 34.307174 inf 79.860556 inf inf inf inf
