inf 25.354510 62.714875 66.923307 inf 23.491979 29.772866 inf inf 60.626709 65.200668 inf 22.205734 68.010255 79.697572 48.597896 inf inf inf inf inf inf 63.799119 inf 98.224822 inf inf inf inf 64.557712 13.717481 58.530590 82.396536 inf 32.095973 inf 53.830962 inf 14.405039 inf inf inf inf inf inf
68.374882 inf inf 90.514222 inf 6.834662 28.658995 inf 37.125905 inf 65.784807 28.468688 inf inf inf 39.726890 66.165362 inf inf inf inf 80.832659 inf 33.678224 inf inf inf inf 57.249331 56.819914 inf inf 76.822856 79.538169 23.381626 5.586901 13.279851 inf inf inf 13.065432 inf 25.839578 inf inf
9.550247 inf inf 56.428834 27.525637 inf inf 73.401741 inf inf inf inf inf 4.121690 57.326633 inf 32.489582 inf 96.103931 inf inf 51.195052 inf inf inf inf 14.965639 74.246984 inf 46.879988 inf 36.816526 61.963739 inf inf 69.423729 45.908903 inf inf 82.216820 inf inf inf inf inf
14.576427 55.284413 67.411541 inf inf 76.113869 inf inf 11.418579 inf inf 50.324739 59.829640 8.297582 inf inf 98.116758 24.540371 inf inf inf 76.918539 87.886064 97.441133 49.903178 inf 49.697382 inf 75.941152 inf inf inf inf inf inf 8.022437 51.146313 43.005179 inf 64.470722 inf inf inf inf inf
inf inf 57.025313 inf inf 41.211738 inf inf inf 70.523485 inf inf inf inf 62.434688 inf 24.751919 inf inf 6.195329 inf inf inf 23.454267 93.340644 inf 92.923008 46.867793 inf 96.516574 inf inf inf 70.813578 inf 43.262630 58.544568 85.580985 33.461642 inf inf inf inf inf inf
1.220825 18.014167 inf 83.686586 35.764886 inf inf 79.075282 81.980126 inf inf 92.673006 inf inf inf inf 4.193227 inf 34.546160 inf 5.435578 91.493472 inf inf inf 4.764949 inf inf inf 47.886238 67.827403 inf 8.665036 81.799075 inf 31.471520 37.829588 inf inf inf inf 46.552751 9.351727 inf 14.227158
75.405607 17.851155 inf inf inf inf inf inf inf inf 45.680966 80.557716 63.048181 18.133716 71.183598 66.380125 inf inf 2.714112 inf inf 66.518645 94.422769 inf 75.958671 42.891499 inf inf inf 89.691312 inf inf 6.201457 90.864287 inf 39.556387 inf inf inf inf 8.895639 inf 70.109984 55.636743 5.762386
inf inf 24.179040 inf inf 38.307550 inf inf 84.674528 81.105114 inf inf inf inf 57.939618 13.209647 inf inf 96.670242 13.006524 22.875397 inf inf 54.718512 66.291156 inf inf 24.285987 inf 86.117469 83.147566 95.018986 53.942361 98.742088 inf 57.028050 inf inf inf 80.782317 57.315622 5.144719 inf inf inf
inf 99.498588 inf 3.320108 inf 12.040744 inf 61.413725 inf 63.291811 71.560996 53.586766 40.625763 inf 76.840551 inf inf 63.455420 inf 61.994880 22.019437 50.799881 10.923993 56.758458 inf inf 47.288901 80.818851 inf inf 8.734782 inf 5.122980 inf 32.112115 42.242740 inf inf 94.849790 82.316958 inf inf 84.325991 91.504306 inf
22.100855 inf inf inf 55.249478 inf inf 52.897803 2.537012 inf 35.316210 54.555966 inf 14.947232 inf inf 48.900412 inf inf 58.916923 9.518931 61.765015 80.947952 inf 4.050880 inf 77.555939 89.087669 inf inf inf 11.916954 35.681761 inf inf inf inf 29.278711 inf inf 60.711535 7.786402 inf inf inf
50.158467 7.876596 inf inf inf inf 61.990077 inf 29.601464 79.192099 inf inf inf inf 60.406539 inf inf 71.170957 inf inf inf 72.084208 inf inf 56.223897 69.747320 75.476330 inf inf 57.200072 inf inf inf inf inf inf inf inf inf inf 89.245941 inf inf inf 60.556859
inf 41.582261 inf 47.394509 inf 51.514561 94.016692 inf 68.142403 81.614725 inf inf inf inf inf inf inf inf inf inf inf inf inf 96.982858 inf inf inf 77.354572 inf 60.066954 13.472603 36.354527 23.010785 inf inf inf 69.337344 inf 44.336400 inf inf inf inf inf inf
28.572275 inf inf 83.225486 inf inf 60.292499 inf 58.350846 inf inf inf inf inf inf 26.482810 37.308159 inf inf inf 36.567159 31.638553 88.800705 inf 25.049409 inf inf inf 74.509781 inf inf 49.196281 inf inf inf inf 25.162864 51.838744 10.156188 inf inf inf inf inf 97.930698
11.586857 inf 33.950465 11.102513 inf inf 26.048463 inf inf 37.689260 inf inf inf inf inf inf inf inf 52.546466 24.091851 inf inf inf inf 25.767057 2.767684 98.291764 77.812046 89.424651 51.825084 68.800583 inf inf 42.462383 42.914556 20.533886 50.202823 60.627000 inf 35.469399 inf 34.290650 inf inf 64.688685
97.609569 inf 1.996893 inf 65.682511 inf 44.336194 77.129535 13.094513 inf 4.057507 inf inf inf inf inf inf inf 70.040709 inf inf 74.744790 inf 91.443260 81.338751 48.671480 inf inf inf inf inf inf 98.082041 17.725663 65.922371 inf 70.107844 inf inf 39.844842 85.267097 92.753976 inf 9.473384 inf
30.736599 32.537331 inf inf inf inf 27.700941 24.453237 inf inf inf inf 4.319645 inf inf inf inf 67.195385 inf inf 55.548103 1.372835 inf 44.284304 18.264101 inf inf inf 41.622276 17.572094 inf 63.662305 inf inf 87.849536 57.846333 inf inf 91.262039 12.812499 inf inf 17.968294 57.084704 63.567597
inf 58.824089 85.065333 55.578645 60.890741 60.640138 inf inf inf 5.898752 inf inf 60.287720 inf inf inf inf inf inf inf inf inf 59.920149 93.006063 inf inf inf inf inf inf 56.356111 inf inf inf 92.055883 inf 89.855709 25.898314 78.773796 inf inf 63.069659 inf 34.462594 inf
inf inf inf 73.197652 inf inf inf inf 13.412025 inf 58.695931 inf inf inf inf 89.832917 inf inf inf inf 61.723158 48.751577 inf inf 35.123403 inf inf 15.887629 71.684431 12.969178 inf 20.984806 inf inf 55.004291 inf inf inf inf inf inf inf inf inf inf
inf inf 22.778689 inf inf 56.608478 99.758997 40.039228 inf inf inf inf inf 6.611484 90.466771 inf inf inf inf 7.161628 inf inf inf inf inf inf 33.569091 inf inf inf inf 41.925669 69.160097 inf inf inf inf 52.341774 inf inf inf 66.984764 inf 8.129230 inf
inf inf inf inf 23.564566 inf inf 79.871884 35.938702 24.212445 inf inf inf 85.893957 inf inf inf inf 87.989336 inf inf inf 19.299169 62.171589 inf inf 94.158263 21.163274 51.041401 79.824533 inf inf 61.791041 inf 81.048247 17.652988 inf inf 68.891369 inf inf inf inf inf inf
inf inf inf inf inf 73.011872 inf 36.819233 6.181699 70.505787 inf inf 71.748587 inf inf 86.939780 inf 50.293102 inf inf inf inf inf 97.420036 inf inf inf inf inf 6.195589 92.169467 inf 87.712060 26.729246 inf 15.512041 inf 40.203337 inf inf 32.424361 66.752367 inf 21.525388 79.908175
inf 39.821689 38.643803 34.106410 inf 28.353042 3.600209 inf 20.130768 27.171348 18.471012 inf 83.206021 inf 97.929450 47.986153 inf 81.455688 inf inf inf inf inf 9.820315 96.061079 87.816533 inf inf inf 56.116074 inf inf 30.405068 inf inf 23.397408 inf inf inf 37.414138 91.659273 66.356881 inf inf inf
41.637473 inf inf 46.859172 inf inf 49.237904 inf 72.782846 80.252315 inf inf 89.058252 inf inf inf 8.527958 inf inf 13.580275 inf inf inf 60.496410 inf inf 16.399616 inf inf inf 19.225646 57.013097 inf 15.710831 inf 78.987887 inf 5.011386 inf 7.697642 60.668626 48.432195 71.195322 inf inf
inf 18.888864 inf 83.550346 91.962153 inf inf 56.931212 5.809935 inf inf 17.886205 inf inf 8.366008 50.418583 40.150475 inf inf 18.386977 58.663850 70.762662 69.907049 inf inf inf inf inf inf 24.105303 81.263152 17.107794 inf inf 15.846276 66.392187 inf inf inf inf inf inf 6.257851 inf 15.572174
78.479687 inf inf 48.772112 62.770256 inf 15.381312 45.815859 inf 27.208184 34.768044 inf 17.798111 68.028216 80.553950 92.724616 inf 75.422779 inf inf inf 66.268195 inf inf inf inf 57.076816 inf inf inf inf 71.569543 96.950642 inf inf inf inf inf inf inf inf inf 75.809881 inf inf
inf inf inf inf inf 94.385327 49.630606 inf inf inf 77.540574 inf inf 48.919178 59.767030 inf inf inf inf inf inf 50.910958 inf inf inf inf inf inf 13.276284 35.176589 95.193816 inf inf inf inf 74.857704 inf 33.943674 inf inf inf inf inf 53.862982 inf
inf inf 83.307972 56.314180 39.619593 inf inf inf 14.233808 4.513734 13.101147 inf inf 35.502003 inf inf inf inf 11.199977 25.843144 inf inf 27.060929 inf 48.766868 inf inf 41.578575 67.972908 52.759954 96.446370 inf inf 59.099803 inf 94.723627 67.508224 inf 21.476952 inf inf inf inf inf 90.644105
inf inf 50.153705 inf 43.869179 inf inf 1.783445 79.242670 23.866509 inf 37.798143 inf 55.533374 inf inf inf 79.161096 inf 56.719154 inf inf inf inf inf inf 1.591762 inf 58.864331 inf 97.038220 inf 37.461171 49.241585 inf 39.199085 6.336606 inf 63.111098 inf inf inf inf inf inf
inf 7.672621 inf 6.823967 inf inf inf inf inf inf inf inf 64.984445 3.456890 inf 83.412696 inf 35.372854 inf 58.112429 inf inf inf inf inf 83.901980 26.493123 64.571349 inf inf 38.822866 59.103728 2.355493 77.375382 92.677032 58.221064 inf 96.955257 inf inf inf inf 93.430738 inf 79.148442
91.653366 51.284689 87.364752 inf 52.470506 15.913232 11.900420 32.394673 inf inf 37.578730 48.584755 inf 91.634492 inf 63.075662 inf 15.756827 inf 62.414695 78.909030 85.245456 inf 18.241495 inf 76.792479 64.791379 inf inf inf 61.420661 inf inf inf 14.530615 29.315465 49.367270 inf 62.995568 inf inf 97.361642 85.495653 inf inf
93.428903 inf inf inf inf 54.891216 inf 68.952283 83.722557 inf inf 38.744032 inf 26.333743 inf inf 90.486891 inf inf inf 89.050320 inf 54.118054 23.194894 inf 22.673439 28.917555 76.662632 1.480646 14.590792 inf 37.123190 inf inf 60.445371 inf inf inf 68.898770 67.417625 inf inf inf 6.247686 inf
15.004437 inf 45.629596 inf inf inf inf 6.077642 inf 99.048850 inf 84.850418 49.193501 inf inf 73.977744 inf 15.234618 17.206528 inf inf inf 89.931448 36.338325 38.653266 inf inf inf 61.185963 inf 66.642422 inf inf 5.478110 29.757850 inf 79.411955 10.143089 25.493728 inf inf 58.455743 inf inf 73.319357
53.367295 71.874977 16.075290 inf inf 11.455041 68.617318 83.890629 92.960243 59.683610 inf 77.567330 inf inf 28.350591 inf inf inf 20.764560 29.037037 91.657590 74.771577 inf inf 66.168678 inf inf 96.252320 73.307828 inf inf inf inf inf inf inf inf inf inf inf inf inf inf 91.836266 83.576947
inf 37.896621 inf inf 62.783830 53.429856 4.872060 13.031938 inf inf inf inf inf 29.953712 14.461937 inf inf inf inf inf 69.342949 inf 65.613669 inf inf inf 8.014124 91.837194 86.521322 inf inf 74.646780 inf inf inf inf 45.736401 inf 18.188075 inf 37.052175 inf 99.168523 inf inf
58.099816 67.121664 inf inf inf inf inf inf 43.360116 inf inf inf inf 89.185826 16.738775 49.316983 49.390013 48.105691 inf 28.322020 inf inf inf 22.460491 inf inf inf inf 75.183351 64.601145 61.580956 80.786020 inf inf inf inf inf 62.674990 96.352845 inf inf 19.054720 44.610103 79.023862 87.071304
inf 53.135545 61.681608 68.974666 68.926810 27.686505 18.817377 82.636532 10.014573 inf inf inf inf 62.605870 inf 82.014681 inf inf inf 86.948579 43.147207 71.292988 63.942885 12.490612 inf 91.174290 52.654283 6.117490 18.318346 12.363274 inf inf inf inf inf inf inf inf inf 63.725834 17.881198 59.038841 85.995973 inf 77.343909
94.400533 25.254876 53.709392 69.829920 62.281638 8.792770 inf inf inf inf inf 9.004934 66.919107 73.249956 40.520613 inf 11.086388 inf inf inf inf inf inf inf inf inf 79.108981 38.416424 inf 25.253349 inf 80.647241 inf 5.892573 inf inf inf inf inf 98.068492 inf inf inf 88.305395 inf
inf inf inf 62.712627 4.470021 inf inf inf inf 49.801165 inf inf 8.625997 7.113042 inf inf 31.489357 inf 76.174550 inf 17.313289 inf 15.125502 inf inf 74.498509 inf inf 97.249504 inf inf 49.422268 inf inf 97.085034 inf inf inf 82.388559 inf 27.635019 52.169758 81.377962 inf inf
43.148777 inf inf inf 22.254732 inf inf inf 43.242765 inf inf 51.712987 22.894212 inf inf 63.917214 93.681033 inf inf 90.811941 inf inf inf inf inf inf 36.155364 3.032853 inf 96.461940 70.082337 54.873253 inf 44.112761 47.715667 inf inf 77.470317 inf 82.626007 inf 65.243678 inf 19.035565 inf
inf inf 33.677688 54.301343 inf inf inf 51.233510 40.929777 inf inf inf inf 78.002745 91.672980 80.503408 inf inf inf inf inf 18.672414 75.371508 inf inf inf inf inf inf inf 48.549567 inf inf inf inf 96.468416 7.276793 inf 55.249916 inf inf inf 89.036802 inf inf
inf 58.955863 inf inf inf inf 16.413439 68.863018 inf 85.631494 79.285895 inf inf inf 46.652644 inf inf inf inf inf 76.232277 46.453310 5.683091 inf inf inf inf inf inf inf inf inf inf 72.963911 inf 30.443184 inf 37.162807 inf inf inf inf inf inf inf
inf inf inf inf inf 97.184877 inf 82.038103 inf 99.383898 inf inf inf 62.894766 83.037659 inf 56.670918 inf 26.377398 inf 61.487407 73.756285 53.786456 inf inf inf inf inf inf 51.297455 inf 78.637749 inf inf 73.473037 26.376339 inf 14.154453 90.912083 inf inf inf inf 10.261962 99.171969
inf 4.129119 inf inf inf 76.842367 31.831188 inf 38.134351 inf inf inf inf inf inf 33.877119 inf inf inf inf inf inf 31.775828 98.646622 49.955512 inf inf inf 66.111786 54.660387 inf inf inf 29.203122 26.830933 44.080851 inf 90.246262 inf 23.602383 inf inf inf 15.848594 31.430814
inf inf inf inf inf inf 18.152544 inf 8.827202 inf inf inf inf inf 50.860423 91.831371 48.966521 inf 47.562690 inf 10.800658 inf inf inf inf 27.613498 inf inf inf inf 49.852782 inf 64.871975 inf 65.965502 inf 91.169840 inf 56.366094 inf inf 77.805115 24.958347 inf 92.778313
inf inf inf inf inf 83.436004 92.996540 inf inf inf 5.153429 inf 61.888982 36.280478 inf 7.266317 inf inf inf inf 3.466202 inf inf 58.056136 inf inf 18.168038 inf 81.558350 inf inf 38.842246 31.510495 inf 29.950197 2.033728 inf inf inf inf inf 18.704165 54.205318 62.597982 inf
