inf 25.344437 inf inf 6.820491 inf 21.222319 64.665715 68.930652 69.254708 14.050305 75.489024 inf 67.138176 inf 18.349213 75.164467 inf inf 21.195272 86.991049 inf inf inf inf 24.908248 36.824284 33.595835 inf 83.351974 inf inf inf 25.707568 inf 33.048758 56.534259 inf inf 27.115406 inf 78.982036 inf inf 32.318568 inf 71.145272 inf inf inf
46.896735 inf inf 3.971229 inf 36.572635 9.027431 1.732227 inf 76.916909 inf 38.858291 inf 57.776241 inf inf 2.168941 inf 31.930018 inf inf inf inf 88.571176 45.343972 inf 95.991144 inf 21.322986 inf 70.329043 81.072836 91.069851 inf 59.299179 inf 75.775675 57.772341 inf 64.781013 56.208385 8.139327 69.590059 76.149853 inf inf inf inf inf inf
inf inf inf inf inf 61.283256 17.406232 inf inf inf 26.833699 inf inf 9.229376 inf inf inf 42.248572 inf inf inf inf 97.056928 inf 52.878373 91.960339 inf inf inf inf 6.112212 57.286229 40.313001 inf 66.023699 inf inf inf inf inf inf 80.584093 10.664343 inf inf 4.989150 inf inf 79.721105 11.046407
inf 55.123851 inf inf 4.006954 inf inf 12.041669 inf inf inf inf 43.639114 82.830427 83.097545 inf inf 86.063567 inf 33.967604 inf inf inf 76.440294 inf inf inf 25.500050 10.777357 inf inf 4.931447 inf 29.414648 34.766861 85.589130 inf inf 7.516305 20.387033 38.809671 inf 58.227181 inf inf inf inf 17.317460 4.229799 inf
57.089674 inf inf 31.845812 inf 96.243187 4.815585 10.310551 inf inf 37.235009 inf inf 43.501552 inf 78.354356 inf inf inf 84.930831 inf 23.054857 inf inf 21.111171 30.209134 69.043444 85.917166 72.457533 34.484248 inf inf inf 70.536030 75.588218 inf inf 79.070214 31.631211 73.736703 inf inf inf inf inf 73.609465 inf inf inf inf
inf 35.836412 60.761700 inf 56.693696 inf 2.453730 inf 48.017789 inf inf inf inf inf 66.009450 15.953715 24.404989 inf inf inf 62.451345 inf inf inf 69.555975 inf 86.259132 inf 4.357273 33.421915 inf 22.943801 inf inf 78.544487 67.379215 4.429126 inf inf inf 79.074533 22.173640 inf 63.514816 99.853242 inf inf inf 66.506809 36.448327
30.458498 76.999226 54.192970 inf 55.679776 71.814429 inf inf 54.466353 22.175309 13.721694 inf inf inf inf 19.325002 19.048908 inf inf inf inf inf 64.220733 48.279600 14.262363 inf inf 10.638619 inf 53.018927 inf inf inf inf 34.112767 inf inf 21.673122 inf 57.783070 2.056398 22.115256 inf inf inf 75.385972 inf inf 83.579420 19.203172
33.893978 90.104073 inf 39.132878 40.101659 inf inf inf inf 50.275151 inf 18.395424 inf inf 71.437900 inf inf inf 51.925661 5.179726 inf 94.221705 71.682748 inf inf 32.601143 inf inf inf 29.209260 50.335841 59.467015 41.541803 67.215272 99.865895 34.018839 inf inf 33.805518 45.933214 inf inf inf 55.461172 inf inf inf inf 6.071479 inf
92.176291 inf inf inf inf 31.811201 75.656871 inf inf inf inf 50.533869 inf inf 46.407794 inf inf 79.451430 inf 12.820386 inf 30.503412 92.785957 inf 78.406220 17.469184 inf inf 22.406762 16.699737 92.924926 inf 61.550723 12.181204 34.527477 inf 40.001634 17.879847 22.429564 25.129913 33.209079 inf 94.422018 inf inf inf inf inf 78.712453 inf
35.531692 12.369234 inf inf inf inf 70.630523 70.077121 inf inf inf inf inf inf 86.602990 94.256807 98.390111 inf inf 6.806761 68.157137 inf inf inf 89.412912 74.835246 inf 74.045259 76.547108 inf 57.172247 86.878651 58.958100 inf 37.768888 inf 17.994718 56.045536 inf inf inf inf 38.016467 inf inf 76.590484 93.166807 43.321508 inf inf
24.472782 inf 37.789593 inf 2.427766 inf 1.183097 inf inf inf inf inf inf inf inf inf 28.553721 43.680563 14.821510 25.251298 inf inf inf inf 52.515255 inf 2.801249 64.744838 inf inf 35.297753 inf 37.057123 inf 60.874477 inf inf 21.203693 86.574984 inf inf 43.941682 inf inf 29.324075 inf 8.015310 inf 10.087768 93.148105
80.279736 1.463611 inf inf inf inf inf 9.807653 14.661136 inf inf inf inf inf inf 57.377902 52.495103 inf inf inf inf 99.412388 59.874809 93.376482 64.058053 inf inf 1.710129 29.577660 inf inf inf 37.418534 inf 33.773507 34.112777 inf inf inf inf inf 39.161841 14.241316 inf inf 35.365262 inf inf 23.068613 inf
inf inf inf 5.177333 inf inf inf inf inf inf inf inf inf inf inf inf 22.658262 1.672245 54.305789 inf 28.713022 inf 69.355760 44.552602 inf inf 55.937089 19.425604 95.539944 69.435123 57.617037 1.667415 inf inf 73.913971 inf inf inf 91.682959 3.168264 inf 27.878701 inf inf inf inf 58.236144 54.158583 80.640240 inf
84.180728 25.430245 92.294601 78.872897 68.896646 inf inf inf inf inf inf inf inf inf inf inf 48.697222 inf 23.747131 inf inf inf inf 92.505629 inf 83.817697 48.739685 37.066243 inf 17.128286 inf inf 23.902565 90.605696 inf inf 89.015440 inf inf inf 55.312071 30.806483 inf 43.242892 22.154532 9.520099 61.014466 inf inf 94.729538
inf inf inf 6.008494 inf 14.359285 inf 96.150712 57.265400 31.077013 inf inf inf inf inf inf inf inf 89.029680 71.839966 inf inf 71.965389 inf inf inf 72.852911 49.867473 inf inf inf 94.318603 inf 81.995336 inf 74.688260 98.409015 2.971877 inf 18.629632 28.103138 inf 35.312450 inf inf inf inf 35.345645 69.783810 inf
41.635642 inf inf inf 73.907882 85.330387 37.030835 inf inf 62.100912 inf 15.374891 inf inf inf inf 34.852213 68.918624 inf 39.754420 inf inf 65.944501 inf inf inf 10.207002 inf 73.691556 39.099043 65.317993 24.417487 16.105291 47.247526 62.710962 inf inf 94.006271 inf 35.109511 inf inf inf 48.024360 62.949156 inf 38.504443 inf inf inf
50.629071 42.598024 inf inf inf 94.028114 10.339507 inf inf 8.997831 95.784474 74.246155 93.551070 40.391438 inf 69.936685 inf inf 14.466527 70.762387 inf 66.546672 inf inf inf 33.600340 inf 8.710686 52.634913 45.247219 inf inf inf 9.749590 inf inf 92.707970 35.810117 69.230524 inf inf 39.408507 inf 82.872403 82.887717 49.996145 12.685488 inf inf inf
inf inf 51.017235 62.366669 inf inf inf inf 54.309232 inf 67.905559 inf 25.283521 inf inf 37.269024 inf inf inf inf 61.259590 inf 81.484942 inf inf 46.027908 inf 68.016698 inf inf 80.571124 inf inf inf inf 74.701773 inf 90.833641 3.793041 27.432678 83.417963 88.587387 inf 12.787736 75.715547 inf inf 18.446339 inf inf
inf 17.428863 inf inf inf inf inf 79.925463 inf inf 86.242375 inf 70.969102 64.649642 98.611694 inf 67.435941 inf inf 12.830458 5.609033 inf 24.143823 inf inf inf inf 87.291903 25.704092 46.864948 inf inf 52.232346 inf 26.074485 inf inf inf 33.134854 inf inf 65.464688 5.131743 15.674426 inf inf inf 4.802023 inf inf
85.004767 inf inf 93.655415 1.611226 inf inf 1.329077 35.426932 52.029420 53.211986 inf inf inf 86.367932 94.844353 8.934483 inf 72.893825 inf 72.958738 49.866074 61.302476 79.562887 47.605067 inf 1.098628 inf 48.682583 inf 70.385270 38.804187 inf inf inf inf 54.130400 inf inf 79.644603 33.032279 99.325792 inf 83.889230 46.344734 13.472998 inf 6.283035 49.674162 inf
28.670992 inf inf inf inf 74.345437 inf inf inf 87.160930 inf inf 57.488111 inf inf inf inf 94.578579 50.981627 99.663843 inf 85.654843 inf inf inf 81.977136 inf 10.957275 76.473917 98.791739 inf 6.035406 inf 73.679248 inf inf 11.147595 39.060862 96.918613 inf 55.296835 72.818794 63.310955 inf inf inf 60.979618 inf inf inf
inf inf inf inf 8.090386 inf inf 66.229861 47.621149 inf inf 22.232182 inf inf inf inf 1.217160 inf inf 73.229236 80.529389 inf 39.234462 inf inf inf 63.128375 78.553386 inf inf inf 26.406780 inf 2.765409 inf inf 76.169914 56.109627 inf 26.572393 82.478157 inf 51.847216 inf 68.274959 inf inf inf inf inf
inf inf 72.648133 inf inf inf 65.063725 96.505115 73.123101 inf inf 94.633384 83.742222 inf 81.667545 95.976895 inf 70.732038 66.419474 76.895557 inf 81.022445 inf inf inf 54.249658 64.488766 inf inf 59.305154 inf inf inf inf 44.736800 7.548834 inf inf 16.339694 inf 15.467653 inf 91.629003 inf inf inf inf inf 66.013944 48.164770
inf 21.000968 inf 4.397750 inf inf 43.011797 inf inf inf inf 67.339639 43.569885 2.695345 inf inf inf inf inf 45.451278 inf inf inf inf 55.744970 inf inf 55.398971 3.409759 inf 62.625527 74.843553 inf 50.227017 30.780481 67.842467 36.018400 inf inf 74.306626 inf inf 98.975322 58.929664 28.415669 10.740254 inf 38.604024 inf 49.997714
inf 33.044775 24.962927 inf 93.373693 25.987866 30.089139 inf 41.843331 11.266594 66.240283 16.088276 inf inf inf inf inf inf inf 48.941121 inf inf inf 75.727054 inf 7.447362 25.382889 inf inf 17.141129 49.421745 38.402446 3.276132 95.305893 90.944340 inf inf inf inf 95.894420 23.019179 inf 54.917035 inf 71.614107 inf 69.130585 73.492473 inf inf
63.735179 inf 89.011087 inf 59.416132 inf inf 62.312757 46.883280 76.174372 inf inf inf 30.035455 inf inf 90.210134 58.257665 inf inf 45.599005 inf 64.951395 inf 9.825032 inf 9.395901 73.982154 64.156711 66.239359 35.984627 51.924719 inf 92.126026 inf 23.187036 inf inf inf inf 3.700594 74.372879 inf 2.151878 78.451059 inf inf inf 41.985482 inf
21.942972 86.843772 inf inf 18.591034 82.107965 inf inf inf inf 98.241503 inf 71.927209 85.689356 9.110206 49.141804 inf inf inf 87.815132 inf 52.708855 16.000128 inf 46.159306 56.721060 inf 32.469548 inf 50.508323 inf 69.688267 92.849931 inf inf 68.047396 inf inf inf inf 55.434987 41.499393 inf inf inf 30.428187 98.145715 inf 10.246966 inf
65.814520 inf inf 96.820229 68.722035 inf 60.884803 inf inf 68.036390 9.934189 90.533199 98.325636 75.604043 79.738148 inf 31.214303 56.043780 3.013000 inf 7.642969 17.333260 inf 74.358460 inf 18.280805 63.321276 inf inf inf 36.865816 inf 64.837083 59.806200 inf inf 13.189540 inf inf 10.649740 81.099643 inf 60.557102 inf inf inf 62.152546 79.172883 inf 41.245171
inf 36.108208 inf 33.247688 65.408584 43.711921 inf inf 74.957860 13.664123 inf 4.702329 89.481748 inf inf 12.147876 89.625595 inf 44.241697 19.289926 40.648724 inf inf 82.436810 inf 20.821520 inf inf inf inf inf 81.283456 19.887149 85.512125 inf 30.344698 inf inf inf inf inf inf inf 50.019148 inf 52.053635 inf inf inf 96.764633
95.690739 inf inf inf 51.446499 57.671154 30.038397 30.733511 1.232317 inf inf inf 98.830668 15.590339 inf 6.801289 28.417257 inf 26.406395 inf 58.512989 inf 46.484127 inf 17.800430 61.366583 48.772639 inf inf inf 34.158265 16.751696 87.314241 74.056249 inf 30.397563 inf 15.150512 inf 86.124582 81.170431 64.515070 inf inf 68.546822 23.472169 inf inf inf 59.637347
inf 23.801619 31.431156 inf inf inf inf 99.731097 61.150538 6.417537 3.431994 inf 51.327562 inf inf 92.402896 inf 16.361712 inf 37.363875 inf inf inf 42.827268 93.973781 43.032858 inf 55.531542 inf 19.605594 inf 94.132753 22.293242 27.971172 96.820754 47.164624 inf 43.263749 26.787947 inf 68.676502 inf 89.805539 inf 12.564747 inf 21.344124 65.198671 inf inf
inf 44.022789 65.744516 5.128639 inf 84.887761 inf 92.760943 inf 16.121817 inf inf 46.859011 inf 51.139638 50.957246 inf inf inf 48.274076 64.585977 28.669877 inf 97.761749 65.156535 57.318821 25.446501 inf 8.611865 52.075702 23.554350 inf 47.866941 inf inf inf 63.323848 inf 54.958182 inf inf 19.281139 62.854855 inf 17.977711 65.719414 inf inf inf inf
inf 86.383417 88.583606 inf inf inf inf 71.816591 34.850511 55.106695 73.717621 88.609638 inf 27.468739 inf 45.733338 inf inf 68.121683 inf inf inf inf inf 1.211598 inf 44.886601 8.886124 84.670331 20.605243 15.188291 67.332295 inf inf 61.081869 inf 19.217885 82.545184 inf 24.714127 21.847285 inf inf inf 23.332306 inf 75.028260 inf 83.156674 73.913817
83.548510 inf inf 21.525311 67.959002 inf inf 60.401922 34.860610 inf inf inf inf 31.928540 9.224339 19.368292 7.625127 inf inf inf 15.086376 61.131262 inf 19.578837 72.855040 63.489254 inf 70.005873 83.777364 65.469857 71.370127 inf inf inf 8.205564 inf 90.885623 2.218732 inf 42.958428 inf inf 4.422779 inf 76.152608 50.001234 inf inf inf 7.128568
inf 51.228935 87.196758 21.252382 11.449346 49.096614 31.996636 59.179971 64.596827 96.776638 54.806935 21.384711 21.527184 inf inf 53.731433 inf inf 2.141297 inf inf inf 75.544245 57.021252 32.531514 inf inf inf inf inf 49.705330 inf 70.353187 71.417681 inf inf inf 22.414807 22.219690 inf inf 37.987140 54.830641 43.372572 18.602498 inf 64.266349 39.489902 inf inf
75.285532 inf inf 68.876360 inf 56.377322 inf 85.685168 inf inf inf 78.695887 inf inf 18.157105 inf inf 74.085626 inf inf inf inf 34.804906 54.565896 inf 85.495761 81.197201 inf 88.353105 79.769597 40.680713 inf inf inf inf inf 6.236566 inf inf inf 74.925546 99.426065 inf inf 47.773028 inf 84.814339 inf inf inf
82.901844 1.727972 inf inf inf 44.418941 inf inf 5.159122 85.004503 inf inf inf 21.442898 16.233770 inf 44.869070 inf inf 21.379520 20.796807 90.442160 inf 59.222930 inf inf inf 44.779022 inf inf inf 81.680725 32.639784 49.039832 inf 50.369448 inf 92.456020 58.776283 6.510400 inf 42.407797 inf inf inf inf inf inf 98.838176 inf
inf 6.237349 inf inf 80.443335 inf 89.723259 inf 56.382524 82.745245 74.773180 inf inf inf 64.062537 97.414658 18.778143 27.717188 inf inf 72.221021 34.153260 inf inf inf inf inf inf inf 5.804032 83.121995 inf 1.505582 13.927350 10.786565 inf 13.154309 inf inf inf 92.888221 31.229108 39.793560 61.336724 49.992320 74.484267 inf inf inf inf
inf inf inf 66.413551 4.032620 inf inf 44.755798 75.154187 inf 74.234062 inf 11.551799 inf inf inf 73.115425 42.571818 51.516181 inf 79.838074 inf 13.850267 inf inf inf inf inf inf inf 63.942346 33.234896 inf inf 94.529858 inf 31.955486 inf inf inf 60.506605 27.092150 inf 67.563587 inf 75.273918 inf 79.072433 inf 19.698558
46.856443 70.373910 inf 39.060114 60.913463 inf 92.924867 73.310265 46.349712 inf inf inf 87.537220 inf 95.293546 63.395217 inf 44.900456 inf 55.921992 inf 20.708678 inf 38.576034 77.049233 inf inf 28.881993 inf 49.422832 inf inf 42.351239 89.550608 inf inf 56.653075 inf inf inf inf 78.254897 inf inf inf inf inf 86.112322 inf inf
inf 69.717656 inf 23.580050 inf 41.946806 40.001081 inf 11.995503 inf inf inf inf 53.440249 60.310453 inf inf 62.465488 inf 52.138457 98.858345 49.107593 54.707240 inf 87.126253 29.801109 73.061826 84.370792 inf 98.842191 50.949696 inf 24.842406 inf inf 58.289407 inf 92.436525 54.928361 inf inf 6.524235 78.098230 inf 45.486357 2.386055 inf inf inf inf
98.581396 77.828974 11.156833 inf inf 67.638581 45.266811 inf inf inf 98.957522 66.884317 40.824193 75.142577 inf inf 78.280055 59.264039 26.582952 86.015007 4.870779 inf inf inf inf 6.197926 21.044779 inf inf 12.280444 inf 31.526521 inf inf 27.520175 36.109110 82.679653 29.584252 12.107325 34.826090 55.035160 inf 3.242967 17.042930 51.213720 inf inf 53.068969 7.325044 85.336918
inf 48.854793 64.670904 56.375251 inf inf inf inf 11.676502 28.471022 inf 61.311122 inf inf 24.693426 inf inf inf 11.430122 inf 61.210945 46.340613 46.809641 55.853195 42.691407 inf inf 12.863981 inf inf 7.817641 6.948135 inf 28.266465 16.174746 inf inf 34.091258 inf inf 50.493158 8.268342 inf inf inf inf 55.680524 inf 95.348877 inf
inf 41.322670 inf inf inf 57.055084 inf 94.427469 inf inf inf inf inf 65.901672 inf 27.332700 87.337382 57.300187 5.617701 70.078058 inf inf inf 30.256770 inf 40.019802 inf inf 5.240015 inf inf inf inf inf 30.215310 inf inf 78.532515 16.002331 inf inf 16.808304 inf inf 74.163698 9.589259 30.949712 inf 69.592323 74.242769
54.930506 inf inf inf inf 96.290982 inf inf inf inf 78.609117 inf inf 57.752260 inf 6.960031 44.848444 4.387843 inf 33.058756 inf 7.599550 inf 51.574965 21.272316 19.206897 inf inf inf 62.305451 38.947270 36.950383 57.486449 49.122739 90.306910 77.711209 inf 46.494386 inf inf 97.677184 78.044399 inf 28.635381 inf inf 64.182057 27.770206 61.582285 inf
inf inf 3.365373 inf 58.141294 inf 48.201140 inf inf 16.750625 inf 57.966446 inf 25.073816 inf inf 27.181535 inf inf 12.111089 inf inf inf 28.257972 inf inf 8.075871 inf 34.702191 96.954407 inf 40.576437 inf 39.396078 inf inf inf 29.488596 59.474780 inf 37.581085 inf inf 5.782679 inf inf 7.002766 inf inf inf
30.837518 inf inf inf inf inf inf inf inf 71.205798 5.801265 inf 92.602924 90.672706 inf 89.910603 39.703917 inf inf inf 52.636620 inf inf inf 46.403222 inf 58.176189 77.868352 inf inf 88.546758 inf 44.136074 inf 44.310205 23.100827 inf inf inf inf inf inf 93.100864 30.460186 67.640370 66.821196 inf 26.968364 inf 6.646120
inf inf inf 86.816176 inf inf inf inf inf 25.955556 inf inf 60.427533 inf 58.267096 inf inf 11.210568 74.370131 56.593721 inf inf inf 38.216243 58.847160 inf inf 97.477148 inf inf 96.279977 inf inf inf 36.973844 inf inf inf 37.067564 96.654262 inf 25.240911 inf inf 52.175434 inf 3.529988 inf inf inf
inf inf 51.716456 5.250734 inf 97.214830 19.201674 26.387884 93.563965 inf 4.726784 47.480121 98.834422 inf 79.228581 inf inf inf inf 79.930770 inf inf 70.187143 inf inf 37.542992 46.111622 inf inf inf inf inf 32.426306 inf inf inf 4.742966 inf inf inf inf 45.339083 23.020411 82.535939 25.349093 inf inf inf inf inf
inf inf 31.691026 inf inf 79.732217 58.477880 inf inf inf 48.479992 inf inf 18.396061 inf inf inf inf inf inf inf inf 86.944212 61.494153 inf inf inf 57.053417 60.195624 8.447020 inf inf 15.696117 78.071962 inf inf inf inf 46.661075 inf inf 78.857358 inf 54.645817 inf inf 91.180922 inf inf inf
