inf inf inf inf inf 1.401833 88.434087 26.290996 94.465013 inf inf inf inf inf inf 47.834287 20.274109 inf 6.941638 inf inf 88.681640 inf inf 85.933532 inf inf inf 53.083335 11.620629 28.580529 inf 77.655573 inf 17.071382 89.038300 23.576993 88.311974 inf inf 71.235051 inf 40.210867 15.393179 inf 48.616859 inf inf 21.954063 inf inf 68.325063 77.962956 48.988620 74.375571
inf inf inf inf inf 92.804258 inf 83.136314 inf inf 90.702234 24.642064 7.482968 20.478794 inf 15.435125 79.811346 inf inf 23.201965 91.675014 75.062206 inf 36.821630 inf inf inf inf 48.122379 inf inf inf 26.391288 43.747265 inf 88.326707 97.375212 inf inf inf inf 6.293576 73.111525 inf inf 28.206906 90.599903 inf 26.969433 26.693529 inf 59.849444 30.269371 74.595318 inf
inf inf inf inf 75.077348 inf inf 43.295070 inf 33.091001 inf 74.842686 inf 47.221912 77.128220 inf inf inf inf inf inf 69.545553 12.500044 60.268967 65.334872 80.411679 52.042689 inf 59.047169 2.329910 50.827855 24.391107 inf 19.598720 inf inf inf inf 19.975615 inf inf inf 99.053960 94.606587 inf 59.549695 43.857038 45.088073 inf 2.923234 92.138033 3.669294 inf inf inf
inf inf inf inf inf inf inf 91.435260 inf inf 68.523217 inf inf inf inf 7.886592 inf 54.604005 67.091576 inf inf inf inf inf 44.974874 82.365496 2.831681 inf 41.146960 inf inf 16.590175 19.486587 45.103361 inf inf 46.964722 inf 70.861881 87.109568 73.923844 43.567454 inf 41.363328 48.903348 50.990695 inf inf inf 74.293603 inf 35.612436 5.555204 60.770489 10.937300
inf inf 57.580679 inf inf inf inf inf 34.213622 inf 64.293785 54.710124 53.032517 81.782513 20.737474 inf inf inf inf inf 40.167651 69.540281 79.697601 95.928361 69.468493 inf 37.733516 inf inf 59.201087 inf 67.394428 62.233412 inf 85.855521 inf inf 20.787799 inf inf inf inf inf inf inf 35.316820 inf inf inf inf inf inf 49.120116 5.467584 28.240943
54.768280 84.897924 inf inf inf inf inf inf inf inf inf inf 62.666695 inf 77.623139 inf inf inf 78.051765 inf 47.059629 13.629923 inf inf 71.893168 24.364794 87.000535 74.480986 41.303392 inf inf inf inf 33.201040 64.679438 77.250910 63.526655 inf inf inf inf 12.972957 21.419444 inf inf 67.409030 84.988259 20.764723 74.990103 95.891762 80.022583 49.616655 75.199076 50.286701 49.135019
90.309478 inf inf inf inf inf inf inf inf 31.997371 inf inf inf inf 21.889419 inf inf 38.471833 inf 15.760346 inf inf inf 19.490684 inf 98.396674 19.316761 71.916850 60.279029 72.129043 inf inf 18.070422 38.675320 inf 56.323182 inf 62.675502 inf 92.086155 19.879952 inf 40.074424 inf 60.599229 27.950400 63.102259 inf 10.296716 91.295663 inf 96.771812 89.248544 8.905339 17.377195
3.051271 94.360235 28.606831 58.155760 inf inf inf inf 26.162090 79.520156 97.849647 76.909853 18.590636 26.064867 inf inf inf inf 55.025110 inf 42.916401 inf 79.800938 92.613515 inf inf 1.194376 inf 85.603415 inf 14.100437 inf 71.181504 12.024601 inf 28.107904 3.599354 inf 72.423462 inf inf inf inf 18.143046 31.834295 98.917863 84.996141 inf inf 34.970841 inf 97.399217 49.512765 inf inf
20.897467 inf inf inf 46.734306 inf inf 13.188799 inf inf 81.083117 18.870154 87.011868 72.413798 26.068126 inf 4.517621 93.673364 44.249406 inf 10.727667 90.584134 inf inf inf inf inf inf 36.421016 5.012169 inf inf inf 81.334369 inf inf inf 79.605067 inf inf inf 83.425418 33.493622 inf inf 32.501581 inf inf 68.697763 inf 80.563866 inf inf 16.156578 inf
inf inf 11.191903 inf inf inf 73.428132 45.734475 inf inf 69.117641 inf inf inf inf inf 63.994446 inf inf 83.785345 inf inf inf inf inf 19.475753 inf inf inf 82.890081 63.526094 inf 11.582557 inf inf inf inf inf 29.702279 27.229439 20.896753 84.379328 inf inf 67.344337 84.800297 inf inf inf 47.885711 inf 17.240265 36.678681 inf 59.820940
inf 9.261734 inf 65.662744 58.067634 inf inf 61.816449 50.551344 56.176150 inf inf 56.260646 inf inf inf inf 44.775228 inf 88.170788 inf inf 65.515217 68.800636 inf 78.640976 78.705025 inf inf 19.487717 80.378298 26.477705 inf inf inf 86.250184 20.425313 inf 17.799924 inf inf 65.683028 inf inf 30.788775 inf inf 35.009263 inf inf inf inf 78.186054 70.182150 16.587980
inf 27.701384 91.457673 inf 7.606306 inf inf 36.082041 69.485269 inf inf inf inf inf 4.694447 inf 36.575910 77.960104 89.333189 inf inf inf inf inf 59.906318 50.400637 inf 32.266007 58.843958 inf 22.859759 inf 10.689658 78.196860 inf inf 81.584344 inf 60.464786 2.231308 inf inf 96.323555 inf 80.162583 inf inf 86.178122 inf 68.403897 inf 79.631273 66.377927 inf inf
inf 50.247911 inf inf 9.049177 35.643483 inf 25.964967 30.639860 inf 77.388920 inf inf inf 59.360498 inf 82.248024 inf 23.905336 inf inf 34.860382 40.812439 inf 71.174522 inf 36.679726 50.332804 inf 74.029285 85.036324 40.346140 inf 65.455162 62.604361 8.919880 inf 4.314234 inf 41.688100 4.404749 inf inf inf 27.597926 inf inf 88.172055 7.831027 18.410845 21.995023 inf inf 65.745476 16.988873
inf 22.817410 59.085145 inf 19.568503 inf inf 95.822763 25.876294 inf inf inf inf inf 24.767875 19.046974 21.855049 inf 20.345680 89.112123 inf inf 65.391901 inf inf inf inf 33.818572 inf inf 73.216014 inf inf inf inf inf 80.944830 20.479601 inf 93.480132 inf 30.337670 inf 19.121016 inf inf inf inf inf 32.692205 inf 33.494222 50.784897 48.675939 98.650833
inf inf 60.365907 inf 16.240875 46.785370 93.014735 inf 86.863429 inf inf 50.414806 24.972728 89.105636 inf inf inf inf 10.783107 inf 99.165271 22.501804 inf inf 18.302857 inf inf 16.962427 30.060282 inf 70.437576 1.841015 inf 4.148439 40.392111 75.088610 95.235528 94.769535 98.456577 inf 43.861427 36.890485 inf inf inf 37.740810 inf inf 32.018378 inf 58.045094 inf inf inf 89.515109
11.510423 72.068904 inf 23.590341 inf inf inf inf inf inf inf inf inf 90.588219 inf inf inf 15.218312 77.303883 10.614250 95.831299 35.002534 inf 93.689777 inf 27.601053 inf 53.833249 inf inf inf 21.412521 12.746697 68.583159 inf inf 87.010611 63.340367 69.616426 34.761327 2.587913 inf inf inf inf inf inf 71.755455 99.766027 inf inf inf inf inf 65.741460
94.394042 92.213275 inf inf inf inf inf inf 96.729102 8.058182 inf 94.559208 8.238488 94.708995 inf inf inf 94.606370 inf inf inf 7.040292 25.735833 inf inf 46.645750 62.797514 37.688938 inf inf 85.889019 1.553480 inf 95.432960 inf inf 24.425788 inf inf 92.016451 93.677783 inf inf 85.586640 49.233048 36.697865 inf inf 81.261153 inf 35.459969 95.410966 46.174645 97.815830 26.404483
inf inf inf 78.078414 inf inf 21.913417 inf 32.474517 inf 49.262912 36.781060 inf inf inf 8.650934 9.723386 inf inf 98.127940 56.860502 61.277286 2.952560 inf 4.730818 inf inf 34.513856 inf 29.751005 64.085055 57.018912 inf inf inf 75.870309 41.378180 inf inf inf inf inf 27.753904 inf inf inf 63.594958 1.572384 23.579363 81.582864 56.080721 inf inf 20.178438 5.854509
12.071179 inf inf 63.098802 inf 88.169828 inf 94.030036 66.696380 inf inf 20.600640 45.076286 33.726074 38.297049 80.255270 inf inf inf inf 14.369514 39.744480 87.719469 47.060002 inf 36.309301 28.826550 inf inf 10.188985 inf inf inf 17.198430 23.831003 60.464888 inf 62.963556 inf inf 79.313559 7.782346 22.748854 63.274799 17.015759 12.189850 inf inf 42.617687 inf inf 58.990646 inf 32.050842 inf
inf 73.300833 inf inf inf inf 32.745689 inf inf 68.320207 89.115116 inf inf 80.584940 inf 19.233461 inf 49.396573 inf inf 76.886540 inf inf 26.881863 inf inf 88.056186 90.980928 72.638307 inf inf 13.760669 72.533617 inf 16.146285 30.341022 77.273723 75.219446 inf inf inf 9.106758 30.406749 inf inf inf 61.166498 inf 34.943801 41.478587 inf 55.968149 67.279134 inf 79.538404
inf 61.884469 inf inf 48.775928 14.437479 inf 18.970838 25.756318 inf inf inf inf inf 72.068085 55.217836 inf 74.579378 36.725878 86.002589 inf 89.217528 60.542439 35.455095 17.745705 inf 21.155610 inf 77.565552 inf inf inf inf 44.637195 inf inf 18.927680 inf 34.998758 77.184180 inf inf 45.234625 45.799393 50.885578 inf inf inf 30.456912 15.038630 inf 68.921837 inf 10.022180 inf
17.859296 44.551154 73.889600 inf 44.045840 84.178021 inf inf 8.609907 inf inf inf 20.390475 inf 73.825289 49.280182 89.141386 52.854121 86.072440 inf 48.828555 inf 92.056584 inf 36.330371 inf inf 66.862314 inf 47.208637 inf inf inf 72.796861 56.480964 inf 20.881979 inf inf 32.330772 85.029885 inf 82.820827 inf inf inf 9.686272 inf 9.290310 38.008182 73.598833 70.242540 15.605236 inf inf
inf inf 24.049328 inf 82.792440 inf inf 50.729168 inf inf 94.080100 inf 43.137580 39.386463 inf inf 14.855022 84.642315 28.393405 inf 72.479607 81.608757 inf 65.624582 6.599231 inf inf inf 84.940534 inf 94.733881 58.252305 inf 61.862769 45.095890 63.373553 4.387210 36.761883 inf inf 38.665255 inf inf 68.110860 95.658866 70.494171 34.679122 inf inf 75.919494 inf inf 16.222266 inf 16.730093
inf 8.562771 32.534247 inf 68.964831 inf 76.758653 62.145295 inf inf 84.327236 inf inf inf inf 81.926068 inf inf 95.530788 15.768000 68.896775 inf 66.273233 inf 77.193330 inf inf 97.137056 inf inf inf inf inf 83.539731 44.534625 72.033440 inf 23.984337 73.183215 4.137351 86.082120 59.605914 50.266081 inf 44.355508 inf inf 66.079771 64.511344 inf 9.357597 inf 83.292258 inf inf
50.152433 inf 64.506874 11.833590 45.754708 71.023591 inf inf inf inf inf 79.332106 73.209603 inf 57.902407 inf inf 71.972927 inf inf 26.316174 4.263956 61.232074 35.527846 inf 42.551331 28.736018 64.368031 15.751133 74.763450 67.496709 inf 93.903189 inf 72.311564 inf inf inf inf inf inf 16.942109 inf 92.345786 64.564451 98.590616 45.319914 93.833935 inf inf inf 91.769240 inf inf inf
inf inf 52.141696 36.298961 inf 47.948894 81.691896 inf inf 63.840249 34.145894 54.586318 inf inf inf 26.572049 42.079080 inf 43.914339 inf inf inf inf inf 81.738115 inf inf 97.182605 inf inf inf inf 85.190252 51.676946 93.399283 inf inf inf 21.445427 inf 51.074829 94.154545 inf inf 6.265662 inf 20.982148 61.402395 99.457303 95.580364 58.624161 56.496528 inf 81.933539 inf
inf inf 5.676027 70.880740 35.320496 60.061403 55.572084 44.263275 inf inf 1.576215 inf 76.331463 inf inf inf 12.753160 inf 55.055669 11.007836 99.877909 inf inf inf 67.219713 inf inf 53.134055 inf inf inf 12.710554 24.311982 60.551522 inf inf 62.510997 inf inf 50.088386 23.335135 37.130611 86.686195 inf 6.712720 inf inf 14.612418 inf 47.311711 inf 80.581936 46.906776 46.080568 50.662239
inf inf inf inf inf 97.238479 37.355349 inf inf inf inf 82.011657 19.209444 43.829263 21.502732 80.407620 4.067942 72.532089 inf 4.665326 inf 38.468171 inf 82.738576 84.976078 43.223910 18.090327 inf 85.598422 inf inf 63.404041 inf inf inf inf 7.137714 93.628974 inf 64.085575 inf inf inf inf inf inf 83.056082 inf inf 50.262451 inf inf 24.260607 inf 36.032922
36.759630 50.755048 90.644986 50.904122 inf 21.827262 30.968098 37.702680 13.086392 inf inf 53.427357 inf inf 19.415760 inf inf inf inf 43.746678 99.399386 inf 80.045574 inf 12.702118 inf inf 49.502415 inf inf inf inf 52.841834 inf 84.465027 inf inf 66.909990 39.767996 inf inf inf 49.682622 41.036628 30.006108 34.174384 41.308749 inf inf inf inf 44.826562 inf inf 96.851582
98.128798 inf 69.939185 inf 6.215155 inf 57.791582 inf 36.582881 96.286836 27.537513 inf 25.177693 inf inf inf inf 86.284294 88.373779 inf inf 70.405330 inf inf 58.846299 inf inf inf inf inf 30.186251 20.213667 28.533667 23.580351 14.567190 inf 73.635438 inf 60.743682 inf inf 69.756762 25.949963 50.165758 inf 73.969763 inf inf inf inf 68.533410 inf inf inf 13.782674
33.673915 inf 66.917840 inf inf inf inf 37.115382 inf 32.578447 83.564489 34.542456 42.696751 14.884169 61.947795 inf 44.741478 88.481546 inf inf inf inf 88.438854 inf 72.249899 inf inf inf inf 48.062075 inf inf inf 83.266104 inf inf 99.611682 27.988662 inf inf inf 41.195813 36.500252 49.868937 80.634150 inf 3.236857 inf 37.630381 67.379023 99.366309 inf inf inf inf
inf inf 6.526757 9.671170 50.272542 inf inf inf inf inf 30.928380 inf 79.409728 inf 34.015835 3.757891 38.043663 50.739770 inf 30.184154 inf inf 44.868723 inf inf inf 29.805768 71.666676 inf 67.381811 inf inf 85.099551 83.371636 inf 10.499593 48.072982 96.534322 83.826067 79.200031 inf 87.950806 inf 39.091257 69.597510 99.165437 inf inf 56.090027 inf 93.946386 inf inf inf 47.803189
57.360649 58.121867 inf 67.110204 61.977430 inf 98.074702 7.489619 inf 29.212153 inf 95.069179 inf inf inf 44.842865 inf inf inf 63.546033 inf inf inf inf 83.803617 28.383816 94.139895 inf 12.272889 69.328029 inf 71.251266 inf 19.876950 54.700371 inf 47.106517 25.459156 inf inf inf inf 73.546559 inf 16.941761 17.432668 98.802344 inf inf 35.244547 inf inf inf inf 33.179277
inf 65.818575 54.159919 54.669272 inf 26.129149 75.902894 26.880154 59.942847 inf inf 85.432562 47.110374 inf 69.707673 95.173705 48.586999 inf 34.367553 inf 5.169315 4.455135 37.988357 10.759832 inf 28.312601 8.126008 inf inf 92.085651 90.493030 20.579385 13.710298 inf inf inf 68.433041 61.801898 inf inf 64.933232 inf 60.592784 inf inf 70.778134 81.389957 inf 64.746120 inf 15.454459 78.776349 19.983728 inf 91.017827
44.824029 inf inf inf 53.761644 44.613477 inf inf inf inf inf inf 3.248128 inf 32.986222 inf inf inf 53.054856 51.003081 inf 70.702293 64.673018 69.841735 87.949692 56.395280 inf inf 4.984666 96.435442 inf inf 36.472909 inf inf inf 45.596418 inf inf inf inf inf inf inf 30.281301 inf 94.676091 95.577390 5.533352 inf inf 58.328413 30.507326 66.411076 85.131507
98.996809 41.593567 inf inf inf 71.675071 29.305355 55.779657 inf inf 66.802731 inf 93.352311 inf 62.498376 inf inf 56.074426 18.211727 49.309040 inf inf 30.162700 40.603062 inf inf inf inf inf inf inf 92.891927 inf inf inf inf inf inf inf inf 68.422073 inf 15.557327 inf 30.378574 inf 41.333272 8.375466 inf 70.309337 inf 77.028844 inf inf inf
28.891684 44.222308 inf 75.731826 inf 32.564176 inf 25.905496 inf inf 39.712110 17.858567 inf 64.824467 1.385098 5.310201 98.926353 67.077979 inf 56.196666 9.634709 20.446294 68.738908 inf inf inf 58.536869 52.228221 inf 32.072762 53.968048 48.785551 84.011226 96.903951 35.741516 inf inf inf inf inf inf inf inf inf inf inf inf inf inf 97.218219 inf 56.281043 98.281172 inf inf
67.126602 inf inf inf 47.699705 inf 68.052043 inf 28.736660 inf inf inf 63.455958 70.455908 19.494524 6.818859 inf inf 58.290083 44.840774 inf inf 46.020223 90.556473 inf inf inf 76.619480 96.457222 inf 66.441319 99.473290 67.431503 90.863422 inf inf inf inf inf inf inf inf 73.913929 inf 11.155429 47.718818 65.691103 70.198209 inf 50.199177 9.776833 inf 4.125851 inf 9.118659
inf inf 65.090889 70.077043 inf inf inf 32.553769 inf 65.629449 14.423201 15.456438 inf inf 70.227388 94.306006 inf inf inf inf 20.041401 inf inf 67.866759 inf 25.878303 inf inf 5.469774 41.410116 inf 93.126973 inf inf inf inf inf inf inf inf 73.148762 inf 7.348296 inf inf inf inf 13.443999 17.481677 inf 16.783332 inf 37.893395 66.749700 74.091140
inf inf inf 84.753544 inf inf 11.830910 inf inf 63.324639 inf 84.774324 26.610503 50.255136 inf 69.141165 34.473245 inf inf inf 40.261151 50.636466 inf 89.913795 inf inf 92.849242 91.869107 inf inf inf 55.611172 inf inf inf inf inf inf inf inf inf 11.185538 17.298274 14.748582 inf inf inf inf inf inf inf inf inf 18.476452 35.438643
37.748123 inf inf 86.496875 inf inf 43.420518 inf inf 39.107727 inf inf 54.153523 inf 89.788754 35.724909 31.489027 inf 53.745426 inf inf 56.186829 45.996478 8.506346 inf 30.810987 42.227373 inf inf inf inf inf inf 29.367288 inf 56.462295 inf inf 36.714425 inf inf inf 11.421671 inf inf 39.662578 inf 69.889450 39.491630 inf inf 16.064425 17.117467 inf inf
inf 47.938984 inf 12.460127 inf 42.371116 inf inf 87.598777 83.505194 5.650516 inf inf 55.422214 70.485250 inf inf inf 88.604055 56.499886 inf inf inf 27.928389 97.995769 48.892644 59.499185 inf inf 57.766649 9.266722 68.086909 inf inf inf inf inf inf inf 45.668110 inf inf inf 92.033218 58.854003 inf inf inf 89.302724 inf 46.741512 inf inf 54.691416 inf
24.896045 42.553521 76.614853 inf inf 67.337765 88.116423 inf 34.163597 inf inf 24.027947 inf inf inf inf inf 51.314917 43.084723 35.794921 20.396689 36.332752 inf 64.816209 inf inf 47.943619 inf 61.167474 32.570328 41.067530 inf 96.402701 61.790284 inf 25.480744 inf 47.940542 18.682954 69.870355 94.618229 inf inf inf 70.912450 inf 75.778735 25.787644 inf 62.091644 73.406372 inf inf 14.401595 3.066428
80.008992 inf 6.537569 83.061094 inf inf inf 89.572113 inf inf inf inf inf 68.809139 inf inf 18.083990 inf 85.806007 inf 33.724544 inf 99.328000 inf 9.520502 inf inf inf 5.281898 73.992582 91.722013 9.536583 inf inf inf inf inf inf inf 37.535787 inf 83.833955 inf inf 72.426928 9.444712 91.587538 inf 64.245542 39.623700 53.476295 64.593774 inf 93.345534 inf
inf inf inf 29.010368 inf inf 91.714864 31.352282 inf 11.067438 64.361735 61.262749 4.747781 inf inf inf 36.944774 inf 29.480871 inf 3.902990 inf 71.846287 87.468415 32.818972 45.948283 62.020843 inf 37.040619 inf 16.398271 36.632005 75.474623 inf 34.736073 66.937333 inf 48.873244 inf inf inf 57.433621 18.958832 71.356112 inf 70.606622 54.694505 21.452322 inf inf inf 31.133288 inf inf inf
92.112199 48.853795 84.967393 50.190183 86.328062 85.098897 82.224578 31.916538 67.319508 39.690595 inf inf inf inf 53.391209 inf 23.458960 inf 23.211540 inf inf inf 72.695562 inf 3.763142 inf inf inf 19.137170 38.766396 inf 13.902007 78.923125 54.294344 inf inf inf 52.793947 inf inf 18.314421 inf inf 97.429692 1.575158 inf inf inf inf 78.575627 92.854350 inf 64.353496 inf inf
inf 62.981383 62.139854 inf inf 82.524194 19.160952 94.514124 inf inf inf inf inf inf inf inf inf 32.129721 inf 31.212867 inf 25.717913 74.373234 inf 83.740959 72.476971 inf 34.154238 97.306890 inf 79.274010 inf 56.902851 19.910488 92.094279 92.677857 inf 10.843587 inf inf inf inf 87.773637 87.003045 34.574755 inf inf 4.530510 28.486027 inf 24.829677 30.043217 inf inf 93.267665
inf inf 52.569073 inf inf 85.652897 inf inf inf inf 29.480685 8.664702 75.433840 inf inf 13.955049 inf 90.557417 inf inf inf inf inf 91.161812 90.875307 16.306012 19.046364 inf inf inf inf inf inf inf 24.945177 18.789942 inf 49.802573 6.187169 inf 17.839749 inf 96.156613 inf 51.773586 inf 70.549006 inf inf inf inf inf 10.641847 62.787385 inf
8.797248 83.881982 inf inf inf 42.073995 34.447668 inf 96.487388 inf inf inf 1.636701 inf 83.534620 9.332866 3.808737 29.684008 51.063693 2.959598 66.871824 86.814521 inf 81.399441 inf 48.981174 inf inf inf inf 86.147938 87.301923 inf 94.327580 61.316070 inf inf inf 9.566319 inf 62.824580 25.354808 inf 35.553906 inf inf 20.855046 inf inf inf 19.832349 inf 23.299276 inf 47.576520
inf 68.196950 70.325115 90.120065 inf 8.916784 88.510617 28.185874 inf 63.271429 inf 15.194545 17.057205 62.481146 inf inf inf 58.206590 inf 67.216923 90.534097 43.952492 56.685196 inf inf 1.468555 32.304886 23.250819 inf inf 38.454099 inf 41.007634 inf inf 52.592121 25.822607 57.734927 inf inf inf inf 87.363316 18.052025 inf 95.192371 inf inf inf inf 19.741044 22.772224 inf inf 80.464652
inf inf 82.692443 inf inf 7.995058 inf inf 20.327048 inf inf inf 27.411657 inf 9.461367 inf 35.745229 58.606436 inf inf inf 23.310110 inf 77.479671 inf 95.276847 inf inf inf 74.803551 63.047576 46.061047 inf 19.731366 inf inf inf 45.923081 27.605872 inf inf 91.056144 58.860475 6.422719 inf 36.642971 75.438029 inf 95.670204 19.873484 inf inf 10.133703 inf inf
97.547199 27.473597 70.013050 51.361985 inf 75.900751 54.324251 8.346151 inf 34.223596 inf 27.470737 inf 66.602418 inf inf 38.371181 inf 93.907510 20.972493 47.581765 43.325239 inf inf 16.150996 73.820043 57.547166 inf 74.818876 inf inf inf inf 75.564964 76.817664 63.320897 65.495111 inf inf inf 52.013003 inf inf 4.574749 67.040673 inf 72.185723 inf inf 2.006765 inf inf 19.024546 74.971185 inf
98.489778 42.147976 inf 11.244847 93.741374 97.258114 65.057394 50.852483 inf 87.377680 35.964085 20.867200 inf 3.552090 inf inf 75.063912 inf inf 56.809464 inf 53.074630 64.041582 12.560278 inf inf 64.416401 79.044990 inf inf inf inf inf 59.452844 4.609370 inf 98.190168 87.750079 42.417813 inf 53.541488 inf inf inf inf 18.428379 inf 96.200791 4.846258 inf 66.409190 12.547794 inf 10.761270 inf
59.700149 33.997661 inf 88.426872 25.729253 99.138101 21.198822 inf 68.166378 inf 67.914062 inf 64.501319 44.487042 inf inf 98.014035 69.473987 86.026067 inf 18.538773 inf inf inf inf 27.332022 50.288665 inf inf inf inf inf inf inf 39.567805 inf inf inf 93.737164 20.844373 inf 14.080924 26.888929 13.304496 inf inf inf 80.389369 inf inf inf 59.516067 14.951062 inf 86.172925
43.202005 inf inf 9.462965 68.591076 91.193870 68.337362 inf inf 47.414342 21.908399 inf 93.253904 53.521054 24.369823 13.917447 93.667042 89.363909 inf 2.308188 inf inf 71.425998 inf inf inf 95.914459 55.564882 59.100525 18.607212 inf 58.693508 60.427929 74.234114 42.416047 inf inf 38.485627 87.467613 74.039162 inf inf 80.766783 inf inf inf 89.178877 inf 93.633173 30.648702 inf inf inf 22.733197 inf
