inf 94.701695 15.725394 72.445415 inf 57.576102 inf inf inf inf inf 22.539056 7.796496 41.569029 63.526911 79.463279 inf inf inf 91.343776 81.062167 inf inf inf 41.593801 9.358112 96.413223 inf 67.867659 76.905431 50.933341 46.300529 inf 52.666913 inf 79.493471 43.333507 72.881356 2.208730 65.965794 22.132255 inf 61.112546 inf inf 72.168802 10.744724 inf inf 20.798834 inf inf 1.902120 89.107056 1.845406 inf inf inf inf inf
38.913330 inf 87.222878 70.480225 26.811643 inf 86.528314 69.652505 95.297626 65.198620 inf 25.436305 inf inf inf 86.187082 inf inf inf 61.877132 inf 81.942697 83.691326 53.704126 60.252052 36.955359 43.587704 47.459003 inf 77.465592 45.917958 inf 85.936859 inf 19.032390 48.532023 67.666735 inf inf inf inf inf inf 10.644236 82.467132 inf 45.818245 inf inf inf 8.122986 26.357780 40.905152 45.840259 10.215140 82.503680 48.033494 inf inf 90.838110
53.698417 99.033321 inf 21.209980 77.446415 64.086846 24.703453 91.000106 inf 1.743486 inf 47.305099 13.191315 inf 7.723196 13.794411 inf 19.614172 98.008502 inf inf inf 23.909008 inf 32.370497 inf 9.344617 10.708194 inf inf inf 2.605274 69.610394 55.807109 93.302906 inf inf inf inf 32.457923 inf 39.945113 inf inf 70.041431 inf 37.133818 inf 56.701820 inf 78.300131 inf 48.229269 85.121923 inf 55.662475 86.284534 37.723075 inf inf
93.517859 41.310307 17.275290 inf 84.118171 12.067918 inf inf 72.954397 15.442954 10.695990 inf 58.675475 inf inf inf inf 66.678978 59.677118 2.830858 67.028096 47.031916 inf 22.619216 54.496040 inf inf 2.617014 inf 99.043437 inf 21.356178 61.303635 64.127282 79.223374 inf 69.871226 98.219712 inf 44.591004 48.840050 inf inf 63.354232 inf 64.268155 75.409853 inf 16.548233 inf 42.049454 80.745971 inf inf inf inf inf 89.051451 inf inf
inf 48.998118 80.280625 40.063478 inf 88.048006 94.764068 99.169169 60.242469 68.354496 inf inf inf inf inf inf inf 37.756625 2.298232 51.980832 inf 85.383914 inf 75.017627 97.174497 38.235882 6.151143 inf inf inf inf 96.468550 inf inf 57.624621 5.570077 69.883352 75.946969 inf 82.075435 34.472270 inf inf 67.363061 inf inf 33.104179 inf inf inf 48.587268 inf 7.831960 inf inf 51.242000 inf inf inf 67.107077
15.319842 inf 41.390375 10.719231 71.745038 inf inf inf 51.949613 inf inf inf 3.022245 75.939856 88.031688 25.765412 inf 79.391717 inf 91.362845 inf inf 45.285565 inf inf inf 89.808788 22.541499 inf inf 77.584978 86.918344 96.628731 72.426189 43.765281 inf 11.171509 inf 72.474500 55.592219 inf 28.947984 26.891881 inf inf inf inf 41.064032 inf 28.156656 inf 54.025445 19.793227 14.526551 64.069152 inf inf 29.399485 inf inf
inf 8.931994 90.607779 inf 20.292287 inf inf inf inf inf 40.466487 94.714609 89.421362 36.604180 inf 61.509899 50.338094 73.413523 23.578458 inf inf inf 27.822283 79.568791 inf 81.592784 inf 80.447302 inf inf inf inf 26.136712 23.984075 28.815803 72.644021 inf 34.926885 inf inf 55.067126 62.488987 17.302912 91.539693 66.440733 inf inf 22.630043 inf inf 33.780367 inf 81.174737 34.549107 inf inf 2.126071 1.884004 inf inf
inf 61.116308 72.762673 inf 44.385179 inf inf inf 98.608357 16.599709 inf inf inf 15.851690 50.497480 35.748473 inf inf inf inf 52.225745 inf inf inf inf 27.800476 inf 12.763365 23.642167 inf 14.040957 inf inf inf 67.101036 33.656789 5.981582 12.031357 inf 52.341898 inf 49.928493 inf inf inf inf 12.992234 inf inf 51.580583 35.807334 inf inf 49.299717 17.824206 inf 81.156906 inf 37.080168 inf
inf 67.009828 inf 21.823966 24.186484 3.449825 inf 43.152072 inf 40.953838 inf 94.365242 92.441709 inf inf inf inf inf inf inf 38.376900 inf inf 43.772611 91.963013 inf 76.238031 38.216126 inf inf inf inf 23.558233 71.502460 inf 60.025097 3.698146 21.032036 55.952157 inf 76.960164 89.174792 inf 40.598063 58.455449 81.154955 41.054975 inf 55.361002 inf 74.277691 inf 61.354442 inf 70.219029 inf 98.419850 inf 23.557428 95.478020
inf 11.451273 18.189084 41.359417 65.173576 inf inf 7.941833 89.977325 inf 27.281671 inf 41.655358 8.886814 inf inf inf 91.498453 63.477281 inf inf 1.865952 inf 62.433013 72.539425 72.508919 inf inf 67.883182 inf inf 18.277320 87.710975 inf inf 40.086270 inf inf inf inf inf 82.679881 76.753205 61.649690 94.410641 39.605768 inf inf inf inf 23.135050 5.933513 7.191612 59.532294 32.710641 inf 59.566374 61.778101 90.815822 inf
inf inf inf 12.574560 inf inf 60.517520 inf inf 44.652836 inf inf 14.377168 45.218866 inf inf 33.445202 inf 29.460257 18.020159 51.138410 inf 57.723995 16.312787 inf inf inf 38.193416 inf 45.071272 inf inf 4.414688 73.504467 1.715195 inf 26.558517 94.804208 82.696571 inf 7.059172 36.652436 inf 71.967382 inf 22.850989 inf 23.364765 89.194480 inf inf 29.172012 inf 75.568510 36.139751 inf 54.220665 inf 37.761038 inf
77.518085 68.328595 86.673960 inf inf inf 56.891365 inf 88.052277 inf inf inf inf inf 42.388546 inf 18.960535 inf 99.057427 96.890068 inf inf inf inf 79.554220 inf inf 28.848495 76.329165 inf inf inf 22.129497 inf 14.171179 74.826482 70.175842 3.763239 4.941197 inf inf 44.982839 97.275466 62.096912 45.073125 inf 42.090269 35.299677 4.960026 65.480335 inf inf inf inf 8.771327 60.403000 29.635617 inf inf 50.964600
24.980123 inf 18.229811 77.630047 inf 64.226293 60.952901 inf 43.168630 13.083846 98.350388 inf inf inf 77.845164 inf inf 78.775876 64.668197 22.915346 20.328560 48.263269 inf 94.052126 inf 52.201823 inf inf inf inf 58.614583 inf 59.279604 inf inf 90.839860 83.378373 inf inf 13.144010 inf 48.501161 inf 80.905984 78.237178 72.005046 inf 28.263438 97.947452 inf 69.231077 inf 90.024783 94.024139 inf 56.430826 79.628896 84.209446 62.268287 inf
28.231340 inf inf inf inf 92.700430 26.023498 32.168310 inf 87.893782 66.250161 inf inf inf 70.710610 inf 21.792097 49.700765 inf 91.077525 48.182681 inf inf 48.461236 inf 99.563958 inf inf inf 81.587686 75.053064 85.699611 39.381957 inf inf 59.175975 inf inf inf 9.071708 26.913734 inf 36.913396 inf 19.621648 inf inf inf 49.318268 19.068848 92.957832 23.045646 inf inf inf 89.453120 inf 51.735018 inf inf
22.036766 inf 50.273259 inf inf 40.731880 inf 35.100967 inf inf inf 16.966692 53.636765 82.142722 inf inf 26.318637 11.041519 37.340629 inf 76.637743 inf inf inf inf 30.524853 30.330144 inf inf 71.222571 98.182343 inf inf 50.680138 inf 14.675371 inf 37.061768 inf inf 98.792333 45.589800 71.439074 32.659172 inf inf inf 96.679466 inf inf inf 21.207177 inf 11.925866 inf 3.870169 86.866718 20.874055 42.687528 inf
43.051677 13.572863 26.465619 inf inf 66.624625 45.524746 88.219775 inf inf inf inf inf inf inf inf inf inf inf 5.392029 inf inf inf inf 87.667222 inf inf 4.009113 inf inf inf 32.073019 inf inf inf inf 35.389461 75.912444 inf 69.050126 inf inf 2.631018 inf 55.465204 inf 38.716506 70.718893 inf 51.828258 inf inf inf 16.874157 19.807465 inf 7.234191 16.808190 inf inf
inf inf inf inf inf inf 47.102993 inf inf inf 95.138466 36.065632 inf 67.742686 95.617480 inf inf 72.059671 22.904358 75.732100 60.337070 34.965695 20.157047 inf 60.878095 28.747097 inf 49.530668 50.309511 33.747846 85.676136 17.633240 7.025507 inf 36.560452 2.590635 inf inf 92.659857 35.604261 inf inf 21.756404 inf 87.934595 55.970913 81.250700 inf 35.750195 77.271923 44.610119 inf inf 18.305695 inf inf inf inf 83.840285 inf
inf inf 79.804102 28.471671 13.740536 99.752698 21.452271 inf inf 86.198195 inf inf 76.007245 68.650836 48.595698 inf 86.786614 inf 88.941199 6.451156 66.565727 15.247184 83.797413 inf inf inf 97.822304 30.167158 inf 3.734803 inf inf inf 66.153786 inf 67.525689 7.748026 inf 8.859728 inf 47.257607 44.429233 47.375337 5.411765 inf inf inf inf inf 68.900542 61.675493 9.455186 47.158953 inf inf 72.551349 32.564774 13.651866 78.149759 64.875883
inf inf 95.170029 36.257978 52.458270 inf 80.470359 inf inf 28.488143 49.566878 77.747332 9.031317 inf 38.698061 inf 52.103055 63.381768 inf inf inf inf inf 26.121553 inf inf 68.595262 33.263144 inf inf inf 15.426681 inf 46.315661 14.657928 inf 16.407086 34.374189 82.091021 inf inf inf inf inf 38.126990 inf inf inf inf 90.723327 11.513826 inf inf inf inf 69.737991 87.615034 inf inf inf
42.865784 73.601180 inf 16.882614 71.387854 46.503502 inf inf inf inf 27.344180 2.290013 42.621708 29.526167 inf 96.507612 23.799171 62.254429 inf inf 3.394798 35.684856 inf 36.830511 27.871386 inf 87.291219 65.688839 60.134838 72.280584 inf inf 5.247715 59.967477 inf inf 89.514315 3.421156 inf 62.448975 27.270831 5.611254 61.071321 48.806610 53.152029 inf inf 25.187365 50.364400 inf inf inf 54.047781 86.543241 inf inf 47.632731 inf inf 55.535734
42.331180 inf inf 67.950164 inf inf inf 84.050296 96.859370 inf 64.111358 inf 14.432378 28.236190 56.092783 inf 99.128487 51.535211 inf 81.781240 inf 85.557558 inf 76.763526 8.217109 inf inf 97.659959 51.330194 28.024336 inf 86.374253 inf inf inf 81.867293 inf inf inf 47.296360 inf inf 56.857814 inf inf inf 1.845795 inf 20.881650 inf 76.881959 89.102681 inf 64.655189 inf inf 5.583672 inf inf 4.826327
inf 3.958829 inf 87.733766 92.077271 inf inf inf inf 40.031992 inf inf 72.434080 inf inf inf 33.912382 96.393983 inf 14.382894 61.228098 inf inf inf 76.503720 27.033228 38.724495 61.327413 inf inf 32.678012 51.710632 73.011758 3.019851 36.095061 inf 60.550610 10.196728 inf inf inf inf inf 2.851651 31.741292 70.325904 inf inf 36.895957 4.882522 83.792045 20.854272 inf inf inf 35.596288 inf 89.641987 35.932557 86.902764
inf 98.947252 3.039213 inf inf 95.341419 84.067050 inf inf inf 4.108946 inf inf inf inf inf 61.487943 63.697461 inf inf inf inf inf inf inf 27.637706 37.358279 64.536642 inf inf inf 99.292277 37.556646 86.974997 64.604036 63.164046 72.277534 32.644569 27.662330 60.997248 73.301443 inf 14.945856 83.118269 77.552960 inf inf inf inf 29.910074 2.144850 inf inf 91.999752 61.904093 inf 29.161140 26.160479 inf 86.718204
inf 80.180295 inf 52.553335 70.519240 inf 77.444407 inf 42.930325 7.092564 91.642960 inf 63.282723 44.622335 inf inf inf inf 6.320013 20.406293 83.920070 inf inf inf 60.187156 87.446141 inf inf 62.194945 5.622401 37.378676 79.241877 inf inf inf 24.660506 inf inf 6.561498 inf 64.495632 inf inf inf 77.655922 inf inf inf inf 69.417603 inf 98.780405 inf inf 1.725468 30.171746 40.256880 inf 9.138317 inf
25.213322 50.293204 97.939789 48.468537 99.176916 inf inf inf 19.112589 13.046847 inf 31.181738 inf inf inf 16.704649 54.758939 inf inf 57.670975 32.787364 22.242510 inf 34.157470 inf inf 94.962806 inf 24.860272 inf 42.178774 40.234508 43.887641 30.912414 67.025324 inf inf 52.071101 inf 49.838932 22.955397 inf 51.745979 44.431364 inf inf 63.816353 inf 69.403362 25.591085 inf 39.089237 inf 57.419233 inf 24.233750 inf 75.989775 74.405439 inf
70.168617 67.344566 inf inf 63.743719 inf 34.973171 45.418619 inf 32.581903 inf inf 3.873919 88.815153 76.936095 inf 40.306803 inf inf inf inf 76.962779 95.604128 13.498043 inf inf 24.032391 inf 37.449493 8.570807 70.694850 12.355138 inf inf inf inf inf 26.845959 inf 68.843590 62.550256 inf inf inf inf 75.666216 35.197623 11.212457 inf inf inf 28.187425 inf 53.085682 81.230648 4.286036 7.317345 inf inf 2.347646
94.625754 17.812376 9.791828 inf 20.450663 9.228642 inf inf 81.489742 inf inf inf inf inf 24.794125 inf inf 25.130236 28.497359 26.276434 inf 87.397280 19.423982 inf 66.180472 57.882269 inf 95.765739 inf 23.446622 44.772699 7.515194 inf inf 51.199952 82.942642 53.917050 82.029469 inf 19.347049 71.778203 23.292498 inf inf 20.112809 inf 93.653354 inf 83.293443 inf inf 83.409479 67.768630 69.599234 inf 72.132531 inf 62.917334 32.298125 50.603783
inf 14.679140 93.914303 25.574879 inf 14.779070 41.149187 60.333429 65.124202 inf 94.208797 44.356950 inf inf inf 24.664147 22.996100 24.106234 21.118590 74.415890 3.985208 48.369434 93.596529 inf inf inf 27.792988 inf inf inf 87.935873 inf inf 24.361538 inf inf inf inf inf 89.460784 33.165936 inf inf 23.383619 37.682247 inf inf inf 19.898021 19.557670 94.494305 inf 62.520452 48.564831 94.160941 89.705826 inf 48.344010 86.748745 inf
73.285275 inf inf inf inf inf inf 57.283481 inf 86.735535 inf 74.661337 inf inf inf inf 78.589176 inf inf 59.341620 9.213574 inf inf 59.659706 41.118665 55.303356 inf inf inf inf 98.063887 21.061334 inf 78.791954 10.870057 56.489624 inf 56.203710 inf inf 30.167115 inf inf 51.089395 28.924369 inf inf inf inf 53.224101 38.813638 inf 50.828312 37.858241 1.256250 inf inf 57.729238 89.979258 inf
63.291946 22.447391 inf 64.728484 inf inf inf inf inf inf 49.728496 inf inf 96.690802 60.477681 inf 75.023582 25.474792 inf 5.758569 74.647619 inf inf 49.625836 inf 57.270260 29.410790 inf inf inf 41.199447 inf inf inf inf 56.402427 inf 64.719936 inf inf inf inf inf inf inf 11.608883 inf 94.513545 46.547776 20.998025 inf 69.209824 inf inf inf 60.003167 15.819763 inf 11.180038 inf
74.713986 26.284638 inf inf inf 74.099759 inf 98.122665 inf inf inf inf 81.667486 50.240501 18.911576 inf 33.426994 inf inf inf inf 36.256319 inf 76.537149 82.247565 82.139346 15.018249 6.197366 56.823416 94.400137 inf inf inf 91.509922 45.289472 inf 64.313615 inf 70.773025 37.811319 inf inf inf 53.358230 inf 55.913900 inf 7.665860 73.420119 23.513799 inf inf 84.610400 inf inf 81.798699 41.065322 27.373944 79.814275 43.655439
57.430348 inf 87.392384 2.183797 2.601840 61.465977 inf inf inf 55.714505 inf inf inf 31.785931 inf 81.718228 39.488908 inf 71.071944 inf 50.085086 61.944367 73.027585 42.398258 69.289944 85.471582 80.990412 inf 99.005570 inf inf inf inf inf inf inf inf inf inf inf 14.869888 inf inf 67.410438 53.546666 inf 66.768629 90.818255 13.294355 inf 2.127227 72.870662 inf 25.202610 inf inf inf inf inf inf
inf 59.275262 15.578219 4.882456 inf 72.433482 13.291416 inf 70.206156 72.531558 77.887474 88.906386 55.064589 54.037387 inf inf 51.375073 inf inf 94.188610 inf 77.424941 63.224545 inf 20.620770 inf inf inf inf inf inf inf inf 76.108654 36.957571 inf 89.318535 51.006970 36.412932 inf 73.939211 46.629668 inf 95.534395 36.309896 9.737926 inf 13.310692 inf 41.522139 inf inf 1.134848 82.933924 76.513036 40.051157 50.326078 28.188766 inf 68.451070
19.735912 inf 20.940591 76.768686 inf 77.148514 64.461269 inf 17.038605 inf 3.017857 inf inf inf 96.652499 inf inf 79.602904 92.893350 85.771597 inf 10.298468 79.085423 inf 92.105809 inf inf 99.571180 62.464384 inf 41.894773 inf 13.695273 inf inf inf 2.803043 92.634796 96.839765 inf inf inf inf 78.392618 inf inf inf inf 64.813830 inf 19.419553 inf inf inf inf 61.022070 20.183112 inf 78.079445 21.793353
inf 49.049668 26.450479 20.631555 20.679473 86.976129 38.020299 10.265176 inf inf 97.033973 43.259933 inf inf inf inf 3.879955 inf 9.487775 inf inf 94.507481 96.373425 inf 62.713394 inf 61.000907 inf 59.669837 inf 60.260572 inf 80.896353 inf inf inf 11.510796 32.613824 inf inf 54.965951 inf 57.856812 inf 52.627197 70.326116 39.187944 inf inf inf inf 62.364838 inf inf inf 18.234436 90.015440 inf 20.042605 inf
52.298837 33.256407 inf inf 16.511819 inf 11.150643 14.694736 76.162865 92.983666 inf 88.852239 1.016112 37.816534 91.729028 inf 10.764138 78.215911 inf inf 20.232717 inf 29.590819 2.907961 inf inf 14.353344 inf 27.247873 85.982005 inf inf inf inf inf inf inf 28.236409 33.590066 inf 75.570419 inf inf 19.334684 inf 29.162035 40.225617 92.729856 inf 65.921125 54.262362 4.989090 inf inf 10.719423 inf inf inf inf 67.482589
8.377443 49.110763 inf 81.937294 43.223403 33.286805 inf 42.803726 31.410725 inf 4.503064 3.124918 47.666845 inf inf 35.535716 inf 93.157905 95.739408 23.225040 inf 91.318875 39.915990 inf inf inf 79.951132 inf inf inf 45.895435 inf 21.020075 61.458189 81.696626 inf inf inf inf inf 65.342454 98.485447 inf 99.918306 7.591174 inf 90.184413 91.145791 inf inf inf 82.366433 inf inf inf 55.177532 9.744213 inf 50.792251 inf
80.984220 inf inf 79.873628 65.642965 inf 35.789518 27.256173 52.419119 inf 85.474332 55.075321 inf inf 54.084199 71.513853 inf inf 95.623699 2.071560 inf 81.466903 80.918003 inf 97.399320 12.196761 14.871809 inf 21.801586 87.626438 inf inf 72.598305 13.751854 10.814436 6.683939 inf inf inf 94.637335 24.564454 inf inf 36.840702 inf inf inf inf 47.326829 85.875494 25.733397 99.668381 21.834371 86.769806 inf inf 87.799227 inf inf 96.866341
60.656276 inf inf inf inf 62.069455 inf inf 61.512997 inf 93.221896 58.379024 inf inf inf inf 95.371459 35.046756 67.297057 inf inf inf 79.921649 37.679197 inf inf inf inf inf inf 48.730625 inf 82.269079 29.415501 inf 79.562782 inf inf inf inf 65.108340 78.014532 inf 6.702675 62.944816 89.697411 inf 46.572458 inf inf 82.596091 92.674574 56.075990 74.002202 inf 66.250769 34.894320 inf inf 51.335119
99.902569 inf 70.081899 9.326360 81.341528 67.401373 inf 39.907437 inf inf inf inf 68.669792 23.345263 inf 64.512750 16.624329 inf inf 36.668864 92.308019 inf 14.963500 inf 1.850481 33.949540 56.853523 85.875494 inf inf 90.612290 inf inf inf inf inf inf 79.405860 inf inf 13.146063 inf 64.310052 inf 39.048831 95.348478 66.094743 29.492291 inf 16.114852 50.948619 inf inf 92.706034 16.291303 inf 57.987598 16.640370 inf inf
50.643719 inf inf 26.843760 18.510076 inf 78.137394 inf 86.246799 inf 94.511182 inf inf 74.535275 40.554451 inf inf 30.855897 inf 57.880322 inf inf 65.202587 80.022965 19.076487 6.961676 76.964671 48.666275 55.781528 inf inf 95.773757 82.681348 inf 63.626968 98.950522 72.223140 87.419333 25.390706 75.118981 inf 60.056025 inf 30.178063 22.255063 inf 90.010133 inf 10.113738 inf inf 30.464798 inf inf 47.416466 inf inf inf inf inf
inf inf 79.478849 inf inf 22.919637 15.957073 50.327780 63.350629 16.497520 15.072282 64.772743 55.250970 inf 50.357063 inf inf 65.888290 inf 61.465932 inf inf inf inf inf inf 54.695662 inf inf inf inf inf 48.309612 inf inf inf 16.944977 inf 5.948644 inf 97.552927 inf inf 51.954763 inf 85.300208 76.822080 29.898834 63.471338 inf inf 13.851913 84.452110 inf 71.192367 50.727500 inf 2.428378 43.278105 inf
44.433262 inf inf inf inf 60.239814 8.572043 inf inf 34.205121 inf 54.145544 inf 50.606733 35.933956 76.270317 65.357732 51.421550 inf 95.803668 47.666198 inf 97.850061 inf 10.630477 inf inf inf inf inf inf inf inf inf 58.690018 inf inf inf inf 59.471089 inf inf inf inf inf 44.403153 93.511354 inf 43.249266 4.280862 inf 18.470561 5.187189 27.042097 48.768149 41.962231 91.809700 inf inf inf
inf 67.617835 inf 34.943960 19.357629 inf 19.468354 inf 99.994152 67.008726 35.226908 44.391281 97.034464 inf 65.057121 inf inf 62.596356 inf 12.607855 inf 98.873469 96.323474 inf 54.577103 inf inf 48.897893 83.681558 inf 63.661611 92.654507 61.362196 34.501273 inf 61.971501 70.472560 34.437217 41.090952 inf 16.463931 14.282867 inf inf inf 72.450405 inf 74.610082 50.510057 94.819532 inf inf 86.401871 65.741796 72.548734 58.138659 inf inf inf 65.319116
inf 97.364631 18.667788 inf inf inf 90.067059 inf 68.926780 31.954800 inf 22.912072 79.221732 30.452110 inf 20.583749 12.654882 inf 52.168105 55.214299 inf 78.787980 5.433842 9.834169 inf inf 37.332113 54.483843 38.379968 inf inf 50.422492 98.057262 inf 31.747933 inf 42.463829 inf 21.397034 49.785290 17.916346 inf inf inf inf 27.650650 72.683226 38.136936 74.648914 54.563405 inf 4.952268 inf inf inf inf 48.844365 inf 40.195186 inf
83.529982 inf inf 47.660293 inf inf inf inf 32.823820 80.179779 36.654096 inf 98.266957 inf inf inf 22.643870 inf inf inf inf 12.042849 inf inf inf 98.363849 inf inf inf 35.965476 58.316932 inf 55.306596 inf 14.049351 6.825092 inf inf 3.498159 90.844031 inf 91.236459 81.727151 49.607355 59.397771 inf 99.591683 inf 49.467032 inf 70.753907 inf inf inf inf 21.550787 inf 78.774828 inf inf
53.867734 30.416117 71.860998 78.960599 41.549277 inf inf 71.135829 38.013011 inf inf 13.646157 inf inf inf 65.970091 25.656952 inf inf inf 26.573758 inf inf inf 37.050222 88.593976 99.666604 inf inf inf inf 6.305092 inf inf 63.018622 70.488481 88.741918 inf inf 19.278446 89.237603 70.513849 41.406938 inf 2.989087 75.329324 inf 75.508461 inf inf 17.695535 inf 41.964727 90.631476 inf inf 81.146555 inf inf inf
inf inf inf inf inf 7.372191 29.062087 inf inf inf 16.526217 68.538115 82.062319 inf 29.895954 98.121664 inf inf inf 70.339126 inf inf inf inf inf 98.096685 inf inf inf 52.744581 15.715024 17.566026 10.369187 inf inf 88.106481 28.398256 inf 5.286998 77.066428 inf 17.379372 inf 34.502323 34.413765 inf 66.569909 inf inf 88.324774 48.932496 23.126114 95.131498 13.927425 inf 82.800461 36.794108 70.786610 inf inf
inf inf 35.132948 46.971245 inf inf inf inf 89.520963 inf 52.161469 12.982335 83.951630 95.482814 inf inf 76.840671 inf inf 21.768152 80.425766 50.137602 inf inf 69.376122 inf 30.649315 61.137748 inf 17.908114 78.923811 94.119880 inf 9.445860 inf inf inf 52.872864 inf inf 51.965249 81.537679 63.153394 72.273760 36.896887 43.405547 inf inf inf inf inf inf 20.962702 inf 73.843856 inf 14.606705 inf 96.829857 inf
56.984302 inf inf inf inf 81.422555 inf 24.518429 inf inf inf 95.373408 inf 37.620144 inf 12.691776 57.227119 80.548987 3.849405 inf inf 90.733849 14.747354 62.482060 8.336380 inf inf 30.233088 10.873121 95.428004 68.940691 inf 39.349863 inf inf 37.020595 inf 25.330201 inf 51.517734 inf inf 27.688426 16.234483 14.773669 inf inf 16.376177 inf inf inf 80.035988 88.628967 inf inf 30.536264 inf 30.927874 inf inf
inf 74.325919 51.457436 65.097686 76.834052 inf 32.788170 51.407665 93.225167 36.855472 inf inf 63.257327 47.159028 inf inf 33.416459 66.263889 40.533001 inf 38.830264 41.065743 29.180082 inf inf inf inf 90.659587 42.775575 inf inf 20.985251 inf 14.288237 inf 90.456175 inf 45.282491 38.046306 98.865725 inf inf inf inf inf 71.290929 35.989141 63.977570 inf inf inf 72.330111 inf inf 48.798451 85.655240 inf inf 43.420007 inf
inf 2.006518 inf 94.635724 inf 23.714262 inf inf inf 51.252462 76.596599 inf inf 64.074284 69.046551 inf inf 23.105653 inf inf 66.856015 9.449796 inf 8.928121 84.875361 58.967536 66.003618 inf inf 24.656088 inf 14.325658 inf inf 71.736346 9.397279 78.832005 73.271437 2.819531 inf 54.955491 69.921952 84.007103 inf 54.423021 inf inf 24.875977 inf 79.431300 76.284560 inf 8.096793 55.196094 69.483495 inf 29.446968 66.347141 inf 70.158265
91.041967 75.239090 25.608121 inf 33.698198 69.685723 62.543322 inf 62.196292 47.179931 inf inf 16.246102 inf inf inf inf 20.763797 inf 91.588692 inf inf inf inf inf inf 38.815352 40.692560 66.333047 inf 64.292594 inf 73.317031 inf inf inf inf 71.449627 73.156524 inf inf 54.352722 12.962855 40.377047 inf inf 92.937382 93.162075 47.292190 56.652891 inf 60.167235 inf inf 75.015987 inf inf inf 12.879906 78.861446
64.855748 84.679335 6.311523 inf inf 19.976560 54.855489 93.145484 inf 21.378776 80.784188 inf 9.096135 inf 47.798172 40.106918 25.255726 inf inf 33.337497 12.602952 inf 58.340611 inf 18.150808 69.111875 65.642646 25.280600 22.815130 inf inf 79.255788 25.757635 inf inf inf inf 45.422035 14.490804 44.228353 inf inf 71.607322 87.313963 inf inf 24.038468 77.723385 inf inf inf 16.303891 inf inf inf 30.514113 inf 11.502195 inf 44.065485
83.417204 44.319069 inf inf inf 15.229021 inf 87.275627 52.885489 18.815422 49.054803 82.475278 inf inf inf 69.033725 inf inf inf inf inf inf 50.995884 87.223078 inf 90.043432 inf 59.761831 16.226554 inf inf inf 72.784234 inf inf 56.809646 inf inf inf 65.330212 49.438718 85.493129 32.161235 34.478785 inf inf inf inf 5.313373 inf 89.861366 21.078611 36.816204 inf inf 61.470142 inf 36.445190 77.079986 94.789747
inf 80.297992 79.256619 inf 30.187784 inf inf inf inf inf inf 97.433201 88.168342 96.923905 9.710526 inf inf 67.648474 92.999724 inf inf 6.126494 inf 48.684300 16.536332 72.560460 71.823558 85.238112 inf 11.188797 49.354250 inf 27.553168 49.208640 16.148354 inf 75.057056 inf 28.677653 inf inf 12.950733 96.787677 83.840478 inf 30.129507 inf 64.057595 inf 45.653999 44.534185 inf inf 21.668293 6.849945 inf 88.409535 inf inf inf
inf 50.618079 60.928019 inf inf inf 71.458609 11.803617 71.075550 8.802241 15.024512 76.097435 38.793462 inf 19.627080 24.888284 inf 22.665598 29.939698 51.295901 10.175529 inf 81.336440 61.645834 inf 58.455776 inf inf inf 79.623254 41.032561 inf 12.534434 92.782448 52.479789 inf 31.827645 12.256209 84.325763 55.190292 inf inf 51.161888 inf 8.860007 inf 83.402978 86.815773 78.902747 inf inf 14.748207 inf inf inf 52.864907 inf 73.832797 inf inf
inf inf 19.960929 29.963856 inf 29.176488 95.485431 inf inf 56.364831 inf inf 95.592581 56.024299 72.978451 68.472953 inf 42.645386 inf inf inf 53.669961 34.897963 inf 45.625644 inf 71.828294 21.981727 7.622912 inf 77.387966 inf 21.618070 inf inf inf inf inf inf 66.496309 inf 59.286454 inf inf inf 80.849706 inf 96.156326 inf 87.422098 inf 40.324698 inf 94.597987 37.364868 inf 40.507927 inf inf inf
inf inf inf inf inf inf inf 79.366491 70.171300 21.248820 9.533060 inf 45.949043 inf 38.850594 inf 22.392656 11.551005 inf inf inf 56.634328 inf 33.263820 69.561911 inf 8.978265 55.514041 77.246609 50.548224 30.206959 inf inf 77.867407 78.824935 inf 33.606080 inf inf inf inf 84.902135 inf inf 14.886585 inf inf inf 99.567286 inf 47.145999 inf 19.227706 inf 81.820875 inf inf inf inf 51.676788
inf 12.794506 inf inf 10.757273 inf inf inf 11.565305 inf inf 98.266411 inf inf inf inf inf 47.497700 inf 67.082565 12.116068 23.384949 38.344104 inf inf 49.908763 94.601099 inf inf inf 18.344924 inf 41.509557 52.720608 inf 70.110678 inf 69.690445 75.902595 inf inf inf inf 20.322411 inf inf inf inf inf inf inf 64.385653 80.811936 50.109629 96.311179 inf inf inf 71.370391 inf
