inf inf inf 79.072741 47.559407 inf 60.183971 inf 47.452454 20.275245 48.279196 82.484501 inf 46.094872 inf 32.077007 inf 19.153911 26.498960 55.495416 42.427353 31.868608 42.081313 6.693079 25.012567 inf inf 81.548523 inf 88.417514 inf 84.799933 inf 28.984516 79.956290 21.788024 inf 25.196612 61.983163 89.665358 inf 65.961623 26.412329 inf 15.688094 42.551539 75.625882 inf 88.209592 inf 50.522779 55.332324 41.818971 27.763875 72.871724 inf inf 40.415783 91.318555 33.906333 inf 80.326183 inf 31.568497 83.711912
inf inf inf 62.985985 inf inf 56.360737 inf inf 12.429814 52.984742 inf 48.283980 inf inf 79.073565 36.800896 inf 3.729463 35.268738 inf inf 30.998950 11.109691 inf 19.281021 43.951805 52.230907 24.302135 inf inf inf 25.051563 89.349670 inf 9.128761 92.506866 99.920182 inf inf inf inf inf 4.996801 inf inf inf 41.670291 25.531586 inf inf inf 28.109057 99.005201 inf inf inf inf 91.483171 91.631170 inf inf inf 45.409862 74.098404
inf inf inf 96.675792 77.945666 inf inf 31.537120 48.342345 1.209436 17.011771 13.873462 96.568217 44.214739 2.774650 inf inf 93.405032 inf inf inf inf 50.612677 1.832151 17.227553 98.434601 19.722643 36.852225 inf 46.412464 32.639365 inf inf 54.863105 99.784293 inf inf 88.440685 inf 35.641635 86.464453 inf inf inf inf 28.711360 32.456029 44.010944 68.547591 inf 94.219143 1.625996 1.151822 16.098878 77.539216 inf inf 6.387605 inf 37.982076 7.327047 49.157562 inf inf 67.209089
37.721336 4.883334 18.851158 inf inf inf 70.942324 81.679595 inf inf inf inf inf inf inf inf 76.966221 83.948012 82.169981 inf inf inf 61.918300 32.173573 inf inf 23.894621 inf inf 59.962163 inf 31.993550 39.181043 25.951431 67.572043 inf inf 46.281351 inf 34.496042 54.598648 80.901287 inf inf inf 79.456595 9.857682 inf inf 59.194554 37.195515 45.566028 25.749096 98.866869 inf 28.770638 2.520860 inf 11.973245 23.477506 95.039784 90.855093 inf inf inf
91.205452 inf 32.474947 inf inf 12.050655 62.140044 24.826871 inf 98.364357 inf 8.027081 inf inf inf 51.161108 inf 69.511192 45.917427 inf 47.537767 97.325318 62.350556 inf inf 14.939661 55.820864 inf 4.889002 inf 34.376392 68.158281 inf inf 77.772601 74.635380 21.441597 inf inf inf 27.356201 inf inf 7.762833 inf inf 67.315615 82.947800 76.802621 2.985169 77.364740 inf inf inf inf 21.179374 82.307750 14.591154 71.787759 inf inf inf 29.401031 65.372350 32.412994
inf inf inf inf 38.583363 inf 72.821939 89.173649 51.315391 inf inf 27.644419 inf 58.946861 inf inf 63.227369 14.033807 inf inf inf 42.504173 inf inf inf 12.958254 inf inf 73.359608 70.644042 77.126373 inf inf inf inf 65.890827 3.410732 89.103427 inf 90.728996 inf 72.206371 30.573656 85.484384 82.037746 93.263462 20.019736 inf 83.989358 74.040101 inf inf inf 54.956934 61.535698 inf 17.401119 71.855244 inf 80.324794 23.668152 33.411726 62.427787 inf 83.485225
99.740324 54.010718 inf 22.768070 72.967173 97.954185 inf 26.620872 41.491839 inf 26.172192 60.860277 74.801166 10.252646 85.025034 inf inf inf inf 2.035149 15.500333 95.062904 inf 36.042802 inf 80.714485 inf 79.294007 inf inf inf 6.410690 98.887263 66.020274 inf inf inf 74.717416 inf 90.230142 14.008260 85.728590 inf 23.386592 inf 54.073516 19.253298 inf inf 39.078566 inf inf inf 16.140816 inf 19.128352 24.734689 21.971472 57.823157 inf 65.889884 inf inf 14.470614 2.458733
inf inf 26.047189 4.950544 72.003215 15.040949 17.150126 inf inf 78.779566 inf 80.249200 inf inf 57.611165 30.193390 56.723389 inf 41.535139 inf inf inf inf inf inf 15.569488 inf inf inf 52.584946 2.402461 77.583060 23.217781 inf inf inf 64.378690 89.892888 inf inf inf 56.699570 17.782912 48.044797 inf inf 26.923565 inf inf 58.320066 91.453856 99.767328 17.293440 inf inf 28.246186 51.616567 8.855763 69.879174 86.646074 69.622101 inf inf 31.247560 52.393812
65.518391 inf 50.196816 inf inf 88.936292 67.353969 inf inf 28.025773 35.003690 24.779750 inf 54.011174 47.713182 inf inf 36.437946 94.593032 inf 88.977003 73.339490 inf 13.033858 81.896871 inf 85.591303 inf inf 47.116991 inf 91.020800 50.456694 43.157839 inf 37.215451 inf 17.681831 inf inf 84.161920 30.778360 inf inf inf 79.697869 inf 45.520079 23.779485 inf 31.528330 inf 14.493044 26.232877 inf inf inf 98.416350 66.089855 16.160769 99.162288 17.993773 inf 65.522150 73.265531
49.697841 89.528898 87.132510 inf 26.254662 inf inf 38.913752 9.281750 inf inf 19.514935 48.123824 inf inf inf inf 22.078167 5.725663 72.573219 inf 85.930600 39.481625 79.649218 31.037966 40.508866 inf inf inf 71.334370 inf inf inf 39.167172 inf 81.988707 82.416828 97.507242 74.489537 inf inf inf 61.607010 inf 81.039484 67.113092 31.888327 37.143974 inf 15.182750 74.008813 16.408737 72.651958 inf 61.860158 inf 98.048353 37.706876 64.957348 inf 79.022522 99.080568 inf 9.379845 26.187150
98.750512 11.220764 17.326976 inf inf inf 69.194841 inf 50.883778 inf inf 56.968800 inf 38.616196 19.731955 inf 33.695682 19.412019 14.787650 67.041103 73.305517 90.204876 3.927294 inf 20.860128 inf inf 43.367360 inf inf 19.071724 84.941418 42.005735 89.690744 inf inf inf inf inf 78.830526 inf inf 36.251097 inf 40.108000 17.015566 39.595085 inf inf 73.457329 71.462521 inf 24.345033 inf 94.942904 81.697161 inf 13.907097 54.790837 inf 5.482863 25.744132 inf 86.921528 16.361692
88.376651 inf 83.060386 inf 66.908410 77.837640 26.313562 78.262629 32.248039 12.490648 26.137760 inf inf inf 50.496714 inf 79.322728 inf 67.468641 inf inf inf 42.882397 inf inf inf 45.757422 31.688113 inf inf inf 60.426098 57.563073 inf 43.676265 53.379218 inf 50.131063 98.366172 44.311868 46.404483 inf 39.289358 71.540316 7.380851 inf 64.229601 12.027838 16.657515 77.919576 89.873534 92.535672 inf inf inf 77.215020 inf inf 55.851685 94.862892 52.679514 5.182429 71.077552 inf inf
inf 27.037588 12.059593 inf inf inf 47.416547 inf inf 78.016374 inf inf inf 47.356953 8.767912 42.287941 inf 33.604892 48.751764 94.839595 13.273230 inf inf 95.087557 20.182739 28.239107 87.841260 inf inf 78.830157 inf 78.241685 57.552485 inf inf inf 50.447092 7.688575 inf 97.416710 79.962233 inf 9.665553 16.007618 inf inf inf inf 30.564888 inf 8.634588 90.935399 72.407724 18.368172 42.996938 94.427059 inf 15.934053 inf 93.290574 inf inf inf inf inf
52.951967 inf 50.143339 inf inf 73.731192 17.349856 inf 43.883245 inf 68.116974 inf 75.691741 inf 22.883000 inf inf inf 18.948755 inf 98.932345 45.697200 inf 79.389774 84.107086 inf inf 11.098371 inf inf 79.618447 inf inf 34.935266 53.445841 76.940428 35.664909 7.892091 inf 50.878845 21.326985 56.745297 inf 85.320886 26.857803 3.936069 inf inf inf inf 5.736763 inf 79.600948 39.099013 89.014254 6.951305 35.703528 12.743816 59.292081 79.245050 27.835228 inf 15.739602 inf 52.901514
inf inf 44.935033 inf inf inf 34.576740 61.164863 34.885774 inf 61.725907 77.530085 28.723435 50.759939 inf inf inf inf inf 82.929853 inf inf 76.900616 inf inf inf 2.833212 79.434195 42.186858 86.753332 inf 60.638672 inf 18.466761 79.105523 inf 42.618257 inf inf inf 51.999859 18.507844 inf inf 44.037717 inf inf 67.777040 57.513108 inf 79.443252 78.771082 inf 93.052585 inf inf inf 24.901748 inf 14.864564 71.563189 inf 54.159525 inf inf
96.720079 66.749500 inf inf 95.815679 inf inf 35.773546 inf inf inf inf 94.517006 inf inf inf 45.878099 inf inf 8.072468 2.279571 17.526207 11.469320 inf inf inf inf inf inf 2.369518 42.284619 inf 77.366185 73.111077 90.890028 59.962040 inf 7.340819 34.505350 29.385874 inf 90.267579 78.688256 29.629049 31.114454 64.802395 73.989334 inf 67.352078 71.448126 inf 25.453952 inf 45.761905 inf inf inf 34.072952 90.915541 15.436599 inf inf inf inf 56.013397
inf 76.064705 inf 4.407073 inf 73.097359 inf 68.892888 inf inf 56.115508 95.289848 inf inf inf 89.053734 inf 19.431703 inf inf 38.172697 inf 83.970532 inf 6.792058 inf 33.747448 47.083402 inf 27.163435 50.054003 4.864911 46.615167 inf 94.006361 inf inf inf 50.663531 inf 71.369771 90.862935 inf inf 63.115538 18.310035 58.340810 inf 46.750360 71.702765 inf inf inf 4.793451 3.347289 inf 28.118332 inf 73.059698 3.136250 79.294654 inf 85.407214 35.903384 37.486939
32.350565 inf 94.950378 18.609285 16.155151 15.775470 inf inf 78.194990 59.823508 19.205313 inf 97.841983 inf inf inf 28.640885 inf inf 10.673827 88.212242 inf inf 20.037548 inf 35.348083 72.653233 92.436256 inf inf 97.802682 inf inf inf 47.574934 70.872180 inf inf inf inf inf 72.705176 inf 31.519661 inf inf 23.490628 50.922838 84.262164 inf 7.067147 49.533688 11.616841 inf inf 75.080215 inf inf 33.213471 inf inf inf inf inf inf
14.295063 90.868019 inf 93.533018 80.933204 inf inf 23.681654 41.666583 51.007416 43.025946 81.313917 7.752218 8.499543 inf inf inf inf inf inf inf 82.104151 22.660731 25.885672 36.936744 96.408307 10.972624 inf 5.546905 28.446814 inf 74.842366 7.049982 97.027519 11.441577 inf 73.287509 inf 78.305436 inf inf 63.982151 12.706597 91.719252 inf 46.412214 5.340002 19.606034 39.049951 inf inf 20.069629 inf inf inf inf 21.498339 inf 95.672669 inf 72.160731 87.027114 2.628362 23.768581 inf
43.465420 57.459562 inf inf inf inf 63.801007 inf inf 76.216086 44.005309 inf 61.649386 inf 13.588666 14.552779 inf 14.805918 inf inf inf inf 19.667446 82.638279 89.065175 inf inf inf 62.755520 42.965036 58.938951 57.754047 38.858440 15.730411 inf inf inf 31.464856 28.216068 inf inf 94.054196 inf 38.737545 inf inf 79.004958 inf inf inf 35.834594 inf 54.544263 inf 83.229679 75.101583 83.207670 50.368299 4.922356 99.182812 inf 11.969664 inf 89.813953 inf
4.216805 inf inf inf 54.642907 inf 2.004840 inf 78.425808 inf 29.391167 inf 9.929150 63.182837 inf 85.781011 9.753282 43.679411 inf inf inf 51.347370 inf inf 9.292414 22.306995 inf inf 67.720460 95.007672 inf 25.352755 20.516460 76.845295 inf 14.477546 inf 31.689493 62.094956 inf inf inf 43.939523 inf 91.748986 inf 16.092019 inf inf inf 35.887301 inf 77.886141 inf 27.950350 inf 83.484143 inf 62.108399 74.617430 inf 48.211286 93.588823 inf inf
6.225720 inf inf inf 77.764463 23.718224 58.064558 inf 41.062233 41.084948 41.504658 inf inf 8.022391 inf 59.147507 inf inf 56.449617 inf 89.604570 inf 2.302429 58.846760 23.630312 99.091987 inf inf 45.731962 77.693539 31.988015 35.522064 inf 57.547773 inf inf inf 60.728080 72.519545 32.159970 68.150560 90.761751 inf 44.408301 inf 10.416026 inf inf inf inf 20.291640 inf inf inf inf inf 21.453162 14.847130 inf inf inf 27.211825 inf 87.176484 inf
36.728824 93.459558 44.329018 46.795864 18.594740 inf inf inf inf 54.894795 9.412334 71.913222 inf inf 3.312711 92.063511 15.252420 inf 91.738600 43.577978 inf 85.733437 inf inf 49.563507 4.917887 inf inf 70.734088 34.725184 20.102295 48.437588 inf 35.442448 49.757732 60.386324 55.042625 inf 62.327634 inf inf 44.018044 66.264096 7.350183 inf 86.412704 4.109790 37.958332 52.712855 inf inf inf 8.348583 inf 20.368045 inf inf 27.730489 11.703372 inf inf inf inf 32.722367 inf
32.990802 84.032927 18.746986 50.704473 inf inf 45.888703 inf 53.146917 61.660761 inf inf 81.835098 99.282276 inf inf inf 99.547908 16.872406 76.205741 inf 13.587174 inf inf inf 66.654454 inf 6.853200 29.025782 5.403538 inf inf inf inf 75.305709 41.971649 inf inf inf inf inf 92.695662 inf 79.532421 28.341007 5.881667 inf 88.309725 95.070601 inf 48.839020 7.664177 42.343111 80.383574 inf inf 31.719293 98.070736 inf 47.777869 inf 10.405880 inf 19.479374 55.534969
19.660422 inf 20.859285 inf inf inf inf inf 55.451503 93.316454 19.005522 inf 49.404394 27.063795 inf inf 16.098660 inf 57.228362 12.819413 64.195186 41.752658 61.713778 inf inf inf inf 88.929369 84.220235 8.732731 64.190197 58.562121 inf 79.995589 80.241055 inf inf inf inf 24.618784 inf inf inf inf 55.055033 inf 1.121271 98.865168 82.170833 49.781933 inf 61.223631 inf 56.413495 99.983887 inf 45.513973 87.896537 inf inf 20.546587 15.455932 3.343672 82.402095 44.730251
inf 36.447514 94.552638 inf 27.823224 55.753215 2.988528 25.759295 inf 8.798001 inf inf 95.179973 inf inf inf inf 98.773807 20.841909 inf 57.153094 44.084388 60.004922 31.117948 inf inf 96.228031 42.442270 18.205751 90.134516 62.417199 3.888280 41.498856 inf inf inf inf 88.899962 inf 8.964941 42.504420 6.210463 68.834952 inf 92.371222 32.222342 20.396865 inf 34.004217 11.408301 56.710395 59.769990 inf inf inf inf inf inf inf inf inf 36.985780 inf 28.040343 76.218244
inf 59.229662 60.985130 3.408238 1.508186 inf inf inf 94.367280 inf inf 69.773226 51.821687 inf 51.364908 inf 80.514865 35.126276 49.842037 inf inf inf inf inf inf 69.580863 inf 35.030394 3.770863 90.267088 41.030453 88.825921 95.732382 46.088525 inf inf 17.637745 inf 7.700579 inf 52.535427 inf 29.952888 inf 18.924249 34.011640 inf inf inf inf 83.677804 inf 16.490758 inf 74.242384 inf 59.797066 8.571056 inf inf inf 4.764943 50.407641 inf inf
53.386499 91.833788 48.801199 inf inf inf 57.370022 inf inf inf 33.353599 4.635223 inf 87.542569 54.947779 inf 94.751382 59.336270 inf inf inf inf inf 53.385532 87.177968 90.096791 65.517864 inf 38.697522 inf inf inf 13.176667 inf 53.566564 53.659506 23.655693 inf 93.889964 inf inf 27.619967 inf 59.219353 inf 60.722726 inf 39.919040 inf inf 74.566395 34.945321 63.734026 33.537620 77.080554 inf inf 5.363314 27.283328 44.586384 inf inf inf inf inf
inf 16.778306 inf inf 70.593179 72.902672 inf inf inf inf inf inf inf inf 22.708060 inf inf inf 46.819437 38.019530 45.288147 19.051480 62.872248 98.296701 78.468735 19.391137 44.753911 51.073006 inf inf inf inf 20.526282 81.268397 inf inf 67.159888 29.929857 inf inf 23.778585 99.221716 59.821816 inf inf inf 52.931970 14.905556 43.396859 inf inf 10.605487 inf 87.415229 4.018509 inf 52.083311 71.005568 96.094994 42.585543 1.657218 5.893566 85.843505 52.906167 66.059681
43.075264 inf 7.021950 40.983286 inf 71.452384 inf 59.164556 81.930850 17.437021 inf inf 11.361213 inf 43.225565 56.207931 21.932351 inf 13.409364 47.603950 58.953638 60.735147 45.274463 55.702691 1.659091 15.618811 3.753035 inf inf inf inf 95.025992 inf 30.989369 inf 27.159471 69.795973 inf inf inf inf 49.227669 inf inf 22.031267 inf inf 68.727326 51.521125 8.880703 inf 75.168575 inf 98.045794 3.768121 inf inf 16.753682 45.772047 inf inf inf inf 32.966163 60.401352
inf inf 86.664155 inf 9.529510 78.216028 inf 54.423261 inf inf 2.064532 inf inf 38.277460 inf 94.052835 7.516452 57.008874 inf 25.409719 inf 30.200315 38.926670 inf 45.529975 34.978230 74.146969 inf inf inf inf inf 73.210813 inf inf 15.905498 inf inf inf 8.366621 70.212504 inf 25.742211 22.174244 inf inf 26.055725 inf 24.304648 inf inf 51.042792 47.268473 inf inf 3.188605 inf inf 6.500478 36.484525 46.467378 inf 91.188319 57.669450 43.192917
29.465741 inf inf 26.833508 53.151293 inf 37.188479 39.234394 72.803257 inf 86.843153 42.281832 67.684041 inf 82.527725 inf 61.365169 inf 36.479659 47.385496 73.961759 15.661817 93.356809 inf 15.522054 78.628100 72.484895 inf inf 69.108373 inf inf inf 68.846708 65.610546 60.183130 inf inf 64.993519 29.339194 inf 40.724507 inf inf 39.988559 10.696345 98.801507 inf inf inf 56.538825 27.574624 55.133145 inf 18.322558 inf 86.563646 41.448726 14.376120 inf inf inf inf inf inf
inf 40.009449 inf 89.787941 inf inf 10.406828 79.391360 85.633481 inf 66.610381 11.657858 24.278512 inf inf 88.034384 83.957237 inf 26.491195 71.205808 14.743864 inf inf inf inf 23.165539 22.801855 47.361872 58.669991 inf 44.878934 inf inf inf inf 77.833968 59.408556 inf 66.912140 inf 35.341989 inf 66.894983 inf inf 29.591148 47.775484 inf inf 98.552789 66.180411 34.852447 98.142020 inf 82.092493 79.333911 45.922922 16.376966 inf 95.575706 inf 59.976916 45.758530 43.788782 inf
34.496402 2.652311 40.661417 26.160365 inf inf 41.181590 inf 42.824754 10.878367 26.579812 inf inf 62.548032 52.791603 18.901679 inf inf 39.658710 30.959929 75.999822 9.446651 55.510070 inf 6.403833 inf 33.326285 inf 10.215635 58.982258 inf 53.624026 inf inf 59.476572 55.618412 63.402284 9.074715 inf inf inf inf inf inf inf inf inf 76.425259 inf 95.071203 48.703189 inf 69.119330 75.662610 17.091056 70.206948 63.273066 inf 24.388568 26.244855 inf inf inf inf inf
42.964281 inf 93.656134 52.217357 74.885964 inf inf inf inf inf inf 71.231957 inf 40.207618 63.127004 76.072023 80.395943 48.588335 83.148020 inf inf inf 97.158593 98.159821 47.697665 inf inf 90.100621 inf inf inf 63.738193 inf 37.676003 inf 22.145050 68.247365 inf inf inf 73.395205 82.574701 inf inf 83.944203 87.684478 2.821627 30.965967 inf 1.064272 83.303715 inf 43.866038 inf inf inf inf inf 96.669484 inf inf 99.426839 inf inf inf
66.942454 37.331391 inf inf 79.736739 97.719243 inf inf 81.465157 35.765453 inf 51.445056 inf 25.860954 inf 11.880369 inf 30.553881 inf inf 97.728380 inf 74.391426 47.751135 inf inf inf 62.002352 inf 5.745205 30.068305 97.212112 27.526879 28.166604 33.750291 inf inf inf inf 18.820360 23.707519 inf inf 91.656805 inf inf inf inf 48.191442 inf inf 8.102947 inf inf inf inf 17.675301 99.875458 inf inf 48.811806 76.080154 inf 64.889276 71.030732
inf 77.103042 inf inf 71.889529 18.705294 inf 98.565640 inf 49.802006 inf inf 87.626102 29.901172 34.052601 inf inf inf 38.621537 inf inf inf 19.543048 inf inf inf 83.010336 66.997460 62.146943 83.409384 inf inf 1.853202 39.363217 96.935570 inf inf inf 63.939045 inf 95.699308 75.438646 87.277234 13.221599 inf 18.418450 80.808251 72.878322 inf 84.514604 inf 96.868845 22.394519 11.711093 inf 68.206992 inf inf inf inf 70.526443 48.613561 inf 9.783719 91.307539
54.633521 38.728554 34.686791 17.905995 inf 79.886022 55.279744 64.223946 92.995961 98.414613 inf 71.740216 17.587970 73.288294 inf 65.473623 inf inf inf 15.489237 41.841424 86.661857 inf inf inf 9.109363 inf inf 59.478267 inf inf inf inf 17.741749 inf inf inf inf inf inf inf 66.315867 inf inf inf 9.674081 inf 93.420551 33.495356 89.373102 22.520516 17.951135 84.904528 99.589839 95.954954 61.444880 19.455256 62.953430 inf inf 97.342397 43.278804 18.599057 inf 71.252565
87.572032 inf inf inf inf inf inf inf inf 34.002420 inf 19.655120 inf inf inf 59.929309 4.076847 inf 83.716839 31.346955 86.991618 43.940590 17.805563 inf inf inf 95.845105 12.336502 inf inf inf 58.744550 36.763340 inf inf inf 80.752532 inf inf 32.084744 46.571618 inf 19.213012 80.466243 37.074161 57.870572 28.520578 39.246204 inf 96.276580 86.370046 inf 64.857271 inf 55.562251 inf 60.709952 inf 87.107243 98.009478 inf 71.951310 99.620566 inf 25.656869
19.922355 inf 78.273203 18.059218 inf 4.064339 67.685613 inf inf inf 59.832472 50.760872 65.612314 38.763350 inf 18.612183 inf inf inf inf inf 26.394601 inf inf 50.839541 33.822134 inf inf inf inf 25.589485 7.399127 inf inf inf 4.992698 inf inf 38.367011 inf 86.776766 inf inf inf inf 55.844952 72.485506 41.410631 54.717270 77.869234 77.237051 inf 90.076348 inf 37.911857 16.734814 64.525133 9.761386 71.025338 30.881213 inf 99.436338 9.431956 inf 89.713877
inf inf 71.222087 67.482267 47.483660 inf 87.347661 inf 44.750998 inf inf 80.842902 41.865828 21.920740 69.425980 inf 91.331469 inf inf inf inf 21.795306 inf inf inf 58.817459 77.805191 inf 42.792892 inf 37.231873 inf 81.332225 inf 19.622147 53.341701 33.479218 inf 79.876158 97.308303 inf inf inf 2.931639 55.781295 inf inf 63.548333 48.303331 75.662554 40.664451 inf inf inf 52.917641 inf 4.776714 97.283950 14.532904 inf inf inf inf 84.672669 inf
10.619171 inf inf 15.885963 inf 86.154775 48.568286 82.315913 64.941287 inf inf inf inf 9.092670 4.640233 90.307360 3.894121 15.256608 70.534757 69.337669 inf 93.427905 88.721114 27.649949 inf 31.991309 inf 67.698279 32.680812 63.061718 inf 61.006322 inf inf 79.173812 inf 36.945634 4.222361 inf inf inf inf inf inf inf inf inf 23.942799 inf 90.278268 63.435237 77.473490 inf 64.097712 58.868624 29.931223 inf inf 58.859555 91.486820 44.136617 59.693010 inf 45.478883 inf
38.459385 inf inf inf inf 25.888197 inf 60.463965 inf 50.015774 19.663092 44.196463 63.133881 inf inf 2.604029 inf inf 68.041123 inf 89.791378 inf 24.007278 inf inf 68.559182 42.493418 inf 26.117287 inf 83.173498 inf 89.459812 inf inf inf 95.158198 inf 69.114944 inf inf inf inf 25.444856 94.987550 inf inf 51.847203 43.109102 47.102905 79.781906 26.810720 inf inf 65.889072 inf inf 4.156733 inf 64.502522 11.398161 inf inf 10.438615 86.606134
inf 32.770585 inf inf 10.429470 27.437276 35.324683 22.442918 inf inf inf 24.371857 69.282373 59.082188 inf 18.633709 inf 70.300576 58.702868 53.205583 inf 70.446120 54.805304 53.646892 inf inf inf 71.109525 inf inf 83.415965 inf inf inf inf 38.740802 9.736842 inf 31.158687 inf 7.406252 inf 26.537218 inf inf 59.275286 69.689127 50.582921 inf inf inf inf 76.266932 inf 69.525339 81.031386 inf 7.717866 33.202698 30.609449 11.641226 97.043923 11.075755 inf inf
97.962666 inf inf inf inf 5.285808 inf inf inf 94.819237 76.375923 86.106973 inf 38.568348 4.922591 10.956185 67.203614 inf inf inf 82.651642 inf inf 30.171998 75.660647 17.661161 97.491342 inf inf 79.044909 inf 59.311109 inf inf 93.867571 inf inf inf 84.671187 inf 46.717622 inf 99.485690 inf inf inf inf 53.218316 9.266898 17.784316 1.345451 inf inf 32.218784 96.239034 inf inf inf 1.140680 inf inf 32.472623 26.416148 10.941528 60.148565
26.788954 inf 67.237524 84.560809 inf 44.264479 27.277120 inf 96.323803 69.344935 46.485317 inf inf 15.960348 inf 32.544544 37.138878 inf 72.169635 inf inf 66.371252 35.151031 17.494645 inf 22.104221 33.369823 65.995959 inf inf inf 50.821380 84.140159 inf 84.327910 inf 71.186944 80.895485 34.437172 99.903323 inf inf inf 39.361219 inf inf inf 24.126023 59.691529 inf inf inf inf 59.922786 79.136297 inf 20.720591 32.421548 25.658803 17.562598 inf 20.409621 86.164315 82.070306 inf
86.916761 inf 27.857380 65.282999 16.471985 13.763937 89.211466 91.485830 inf 61.174527 88.244128 31.697547 inf inf inf 52.415092 86.629171 61.068016 23.168742 16.603166 22.331825 inf 69.779305 inf 86.054433 74.730155 inf inf 70.111015 inf 75.757872 1.615379 25.665594 inf 80.050258 inf 44.583623 inf 18.416900 17.568850 inf inf inf 93.348711 inf inf inf inf 93.359263 inf 5.970193 inf 22.591044 9.463035 19.032161 69.296622 inf inf 88.882963 84.196432 91.490339 inf inf inf inf
inf 38.848823 75.941376 inf 55.641170 inf inf inf 35.381105 21.337512 inf 85.960130 inf inf 32.146558 inf inf 65.985742 62.866134 inf inf inf 88.445242 56.272580 35.745472 inf inf 83.286115 76.383236 76.603554 inf inf inf 76.159956 54.250329 inf 14.147216 47.802305 85.037568 25.132218 14.688219 30.432578 5.486896 6.953878 50.970979 84.696839 inf inf inf 13.165906 inf inf 45.028102 5.505406 inf 36.701131 42.887660 95.762679 inf inf 75.781138 94.440872 inf 40.577318 30.783753
47.559604 68.826574 75.018485 inf 21.989865 76.035248 inf inf 9.765263 inf inf 11.419168 49.971786 inf 17.023879 77.028773 51.448700 71.438436 62.543238 inf inf inf 40.529738 52.534933 7.266200 55.662968 inf inf 92.517283 84.134189 98.843678 inf inf inf inf 15.829469 inf 57.175230 inf 82.744237 8.334482 inf 13.467509 inf 59.020968 45.634246 43.278551 inf inf 79.280962 43.043475 40.232448 inf 75.609320 inf inf 7.121667 65.171705 inf 56.090754 81.262934 33.442019 21.192101 28.343996 inf
inf inf inf 38.182917 12.110326 13.141858 90.136791 84.063891 inf 42.300058 76.621275 8.710534 inf inf inf 44.016873 31.364560 inf inf inf inf inf inf inf 25.067816 88.124902 inf inf inf 38.359894 inf inf 1.178921 17.074789 36.712525 inf 43.403195 74.622910 87.353183 5.434965 23.088945 35.419212 26.788074 inf 74.666491 inf inf 85.926267 92.391983 inf 53.837959 83.452411 92.992089 10.777527 inf inf 58.715273 92.539942 inf inf 24.524012 inf inf 48.285264 49.923417
52.962553 inf 1.134516 24.660636 64.911460 inf inf 19.053248 8.057666 73.650165 23.726058 70.114803 84.877279 84.346213 45.589107 inf inf 94.317514 inf 77.665052 26.746117 1.399327 inf 25.108339 inf 47.243929 71.645267 99.105776 inf inf inf 2.766645 49.161166 52.132584 4.928249 inf inf 6.823046 78.775375 22.794034 70.951017 14.795445 48.419911 inf 45.426901 inf 47.468225 inf 87.189504 86.488185 inf 95.857150 inf 98.780565 inf 64.251814 86.227699 inf inf inf 20.078201 inf 27.576525 11.601638 8.157775
24.090640 inf 17.172549 10.098889 inf inf inf 25.600896 inf 73.693341 inf 8.745508 91.591421 inf 49.458570 41.075917 inf 13.280506 59.041511 inf inf inf inf 15.768809 58.876162 26.418777 inf 69.183548 58.800202 52.204829 55.616825 79.517325 72.869859 inf inf 50.350313 55.625519 8.197809 inf inf inf 8.616520 78.307200 inf inf inf inf inf 13.619899 37.450883 64.585764 inf inf 62.019529 94.710124 42.747368 inf inf inf 88.341185 73.196704 68.390291 inf 12.134264 71.889396
24.248638 18.815627 35.284936 79.782897 inf inf inf 5.671363 83.168771 3.175673 39.939676 inf 23.847539 71.512659 inf inf inf 68.940047 inf 83.977112 16.932638 inf 78.654703 27.891504 inf inf 8.633023 45.640513 inf inf 6.225671 93.808424 39.159009 59.574595 76.802316 inf 30.719732 99.143407 87.317512 44.054100 inf inf inf 39.464572 inf inf 10.914708 77.399970 inf 24.019767 inf inf inf 12.490001 34.830328 inf 7.532121 58.441274 84.321404 58.755967 44.705729 23.724139 85.128226 78.974042 22.636033
6.425375 83.597361 74.399969 87.956961 inf 39.437103 65.082984 inf 76.045116 inf inf inf 58.157231 37.815210 22.751150 37.486570 27.510843 inf inf inf inf inf inf 39.588124 69.017503 inf inf 17.306371 74.480167 22.413650 inf inf inf 24.145895 inf inf 48.445460 63.654474 inf inf inf 2.582921 inf inf 21.272068 18.480179 5.869031 21.672221 54.450398 90.205597 66.317127 96.542380 20.767318 inf 89.050512 inf inf 52.703674 inf 27.250738 inf 77.561031 13.445094 inf inf
88.856757 inf 70.311223 inf inf 42.553100 inf inf inf 36.917757 98.489931 inf 2.965144 48.403321 inf inf 15.930166 inf inf 73.422497 60.986878 inf 81.818275 inf 61.878892 inf 8.048741 43.142477 40.490065 10.512509 inf 34.215271 32.945646 61.469396 inf inf inf 43.539574 26.145877 33.620813 97.027174 93.556650 57.659220 96.495644 90.409236 83.880807 50.393209 inf inf inf inf 72.934557 79.570372 22.346358 inf inf 96.070786 75.729282 inf 96.542783 inf 90.551545 78.724872 55.855238 28.326079
inf inf inf 48.379206 96.371912 inf 10.907991 61.976931 inf inf 48.496272 7.198925 46.429598 99.258495 inf inf inf 30.581363 inf 89.877284 inf inf inf inf inf inf inf inf inf inf 36.203777 inf 70.356018 80.049483 inf inf 36.991921 97.535957 inf 25.099964 inf 69.139080 inf 77.774250 inf inf 48.394403 20.189627 inf inf 47.439882 59.381536 inf inf inf inf 60.113980 inf inf 33.664032 69.884106 inf inf inf inf
inf inf inf 11.950137 46.077379 67.632574 37.304824 71.566654 inf 41.117059 inf inf inf 47.323306 inf inf 50.331101 inf 11.725294 28.844362 62.862965 93.568876 inf 31.255334 14.904469 inf 87.756209 inf 22.191034 inf inf 80.462907 22.218799 45.822047 inf 20.003723 inf 70.533445 99.368855 40.180264 68.798885 inf inf inf inf 44.153979 inf 41.386495 44.142007 8.004752 76.624203 inf 31.323788 inf 33.146467 43.994916 inf inf 46.533849 inf 1.499868 53.284461 50.125030 85.327599 inf
63.089632 inf 14.914197 inf 69.822885 78.267387 76.532938 13.445686 15.956758 99.368232 89.369046 inf 94.912478 80.860445 73.998836 96.141527 inf inf inf 6.243183 inf 29.107029 78.952163 15.098700 7.295368 inf 7.384620 64.048695 28.777587 10.351162 inf 59.098539 30.047231 inf inf 33.041640 inf 92.687802 inf 71.010500 55.039263 inf 82.623289 32.483529 inf 64.453609 inf 20.743228 87.615783 25.418764 inf inf 11.303063 26.362391 64.370550 inf inf inf inf 52.380510 inf inf 80.404097 inf inf
99.792761 48.635196 inf 68.661858 27.100228 inf 76.949896 21.306747 41.998067 60.660395 18.182050 47.936028 inf 74.126371 inf 37.474048 88.175322 4.761689 41.681344 2.222766 5.109092 inf 65.305228 inf inf inf inf 21.723814 62.074540 48.164422 2.920594 27.096595 inf 84.563917 74.765726 inf inf inf 44.059015 77.101492 90.432938 44.619845 inf 66.290530 15.649650 49.752493 19.094836 inf inf inf inf inf 52.638829 inf inf inf 76.803236 inf inf 60.170402 inf 67.753112 95.507930 30.194187 inf
18.825024 6.681862 34.546786 60.607841 inf 59.542129 inf 56.021284 34.437038 inf inf 74.293748 19.726141 98.733054 98.029380 87.588509 92.159627 inf inf 5.361327 44.764887 inf inf 7.039260 inf inf inf 96.347918 92.438010 inf 6.599799 inf 57.661084 26.821298 inf inf inf inf 65.858341 42.865411 inf 65.113223 89.332752 80.113682 inf 78.835082 16.527917 inf 7.162092 inf inf 12.894341 56.017991 49.913278 13.864455 91.884363 inf 88.207878 51.851295 inf inf 97.383787 inf inf inf
inf inf 35.751481 10.094240 inf 34.007681 44.280292 1.878813 64.308102 7.387569 46.456280 57.962628 inf 12.132840 40.786834 inf 6.716853 inf 6.061085 inf inf inf inf inf 35.572300 inf inf inf 45.248227 inf 91.578648 inf inf inf inf 45.529147 94.091629 69.309405 inf inf inf 67.266825 59.869921 17.138888 inf inf 48.189147 76.295556 66.189040 83.981319 40.522443 70.110852 3.972357 inf inf 65.615934 3.924459 inf inf inf inf inf inf 63.791418 inf
31.046957 inf 53.046101 24.142740 inf 59.823650 inf inf 40.031859 55.638504 88.447771 53.178897 inf inf inf inf inf inf 93.451609 17.263589 71.710850 23.747662 inf 87.073005 43.511833 63.257771 65.190247 inf 89.650888 inf inf inf 50.412261 inf 92.089266 89.420548 97.460397 71.795974 41.239848 20.465558 inf 65.190208 inf 33.903057 80.933498 89.050847 inf 60.638431 17.487906 inf inf 85.759226 31.235205 45.833777 28.725355 inf 47.556301 inf 59.132078 22.628831 inf inf inf 22.698104 59.244043
inf inf inf inf 43.314865 68.403880 inf inf inf inf inf 49.422553 inf 75.136040 50.944522 inf 37.884308 inf 87.276436 inf 27.845869 inf inf inf 98.357564 inf 77.308740 inf 29.623431 inf 71.591498 inf 16.200258 inf inf inf inf 17.632166 84.787707 62.500438 inf inf inf 33.261124 93.057220 17.531664 inf inf 42.188042 inf 77.418151 inf 10.080352 39.447504 19.140964 inf 91.828351 59.036325 86.845471 inf inf inf inf inf 14.398159
47.002451 80.953294 inf inf 82.671561 inf 11.429857 8.556042 90.516264 96.080797 46.513379 inf inf inf inf inf 30.767800 inf 50.247975 64.886433 inf 89.141584 85.053570 84.867265 77.358159 35.109121 inf inf 81.931613 25.987797 35.486212 inf 96.258568 inf inf 57.894577 17.627694 inf inf inf 76.868335 82.892663 45.563624 inf 52.108985 97.226257 inf 47.550567 84.216326 37.150116 99.164058 14.278970 89.805643 inf 69.804501 inf 59.414056 inf 96.612404 inf 93.315577 65.608059 inf inf 17.051785
19.815580 9.939446 93.691694 inf 31.776108 46.992858 37.079854 51.159425 47.432459 46.865264 35.378489 inf inf 73.731707 inf 54.603362 56.390590 inf inf inf inf inf inf 77.610767 82.652738 1.559718 inf inf 87.143125 59.219561 68.500858 inf inf inf inf 9.046728 38.071995 4.056625 27.239047 54.831855 inf inf 62.691448 inf 62.219302 inf inf 60.380488 inf 8.518760 5.170752 95.220939 75.579396 inf 52.812830 inf inf inf inf inf inf 46.160231 34.819943 89.814696 inf
