inf inf 33.739723 3.791074 10.563030 63.709264 30.926655 1.083804 inf 54.193119 inf 27.942263 83.708797 inf 77.937886 inf inf 58.358744 inf inf 49.440708 23.657719 inf inf inf 65.804393 11.833733 inf inf 15.444177 90.266111 32.741443 inf 10.994049 inf inf inf inf 4.401713 inf inf inf 22.036999 inf inf 40.094263 88.289899 36.304508 inf inf inf 9.746395 98.888731 61.773767 inf 73.736298 56.351921 20.910610 inf 72.220248 70.237094 inf inf 81.734216 35.286022 52.663809 26.994343 71.723802 91.264344 76.827321
inf inf 91.003407 inf 28.274291 36.097440 62.523190 84.329100 inf 50.842514 77.812040 14.727218 inf 54.103648 inf 87.052646 inf 11.119461 inf 32.940803 inf 15.384291 inf 22.107545 30.924510 inf inf 86.954729 inf inf 7.622857 inf 90.776975 inf inf inf inf 72.532448 39.304940 inf inf 27.125321 inf 16.225624 inf 91.028478 inf 10.466365 63.480492 92.252814 33.460664 inf inf inf inf 35.412799 inf 79.515654 33.734215 92.573336 59.456521 75.932493 8.139815 5.911183 inf inf 30.447542 23.833597 68.660532 35.620463
79.585176 13.309184 inf 54.265777 16.381919 inf 65.700703 inf inf inf 60.448912 42.597411 7.616765 64.976407 99.735857 14.368772 96.973484 81.754784 20.483972 13.609165 78.864217 inf 67.127887 76.506445 81.524154 11.512069 3.358020 inf 53.322591 inf 83.411305 inf 78.593413 79.937636 inf inf 38.042725 27.461214 inf inf 97.174413 inf inf 5.682338 19.530510 46.126267 94.287037 inf 25.556096 87.509100 inf 89.216221 inf 99.542773 45.658040 inf inf inf inf 85.863718 inf 94.693890 67.251790 98.361573 72.410520 inf inf inf 7.456732 17.272868
37.836248 inf 90.540099 inf inf 9.858468 66.111856 11.702541 49.348887 inf inf inf 4.694185 96.751030 inf inf 86.078573 45.472626 inf 59.832845 90.952987 28.714829 inf 29.324342 inf 4.729536 74.482278 inf 90.893161 inf 37.505865 99.192438 48.635658 inf 12.005320 inf inf inf inf 35.960527 inf inf 37.417066 45.391415 41.046061 58.802026 36.738869 11.199738 24.500887 inf 98.850696 inf 65.227917 91.701951 99.524814 inf 48.271142 60.597472 inf inf 31.208869 inf 53.305945 inf inf inf 97.913631 inf 94.807290 63.366468
78.003372 38.719967 70.151850 inf inf inf 74.524831 inf 22.668032 inf inf 82.297361 inf inf inf inf 85.271639 inf inf inf 14.485776 31.723466 23.541707 50.201581 75.833124 54.796383 inf 59.858076 inf inf inf 27.256032 inf 92.977882 inf inf inf 11.427942 inf 83.864367 4.194317 inf 49.224788 inf 58.605802 37.900109 38.194836 55.087010 inf inf inf 5.479861 22.673163 inf 18.026379 inf inf 53.043733 7.296838 inf 11.597366 inf 18.319738 81.423976 inf 27.919973 inf 30.874222 inf 76.193241
17.519721 68.068139 inf 84.034711 inf inf inf 31.254557 49.296577 86.034905 36.420622 inf 34.374729 31.228837 inf 48.121714 inf 60.107723 31.241038 90.854672 inf 16.026951 inf 97.253991 inf inf 51.138735 72.272579 99.587891 inf inf 95.246767 inf inf 10.190486 35.620029 49.536441 77.027099 inf 41.897777 94.581933 inf inf 84.294137 35.393968 14.914912 inf 14.407129 1.479212 inf inf inf 74.264682 50.321682 inf inf 19.132644 63.074140 51.492684 inf 98.886211 inf inf inf inf inf 21.301175 9.364600 inf inf
23.575815 84.183240 94.593378 12.152726 85.244154 inf inf inf 55.808709 7.287663 87.829629 27.607477 inf inf inf 2.954269 5.515001 inf 81.818562 83.797272 inf inf 93.276269 58.107887 inf 87.114321 inf 25.798882 inf inf inf inf 69.382811 45.515592 34.340939 inf inf 2.046615 inf 94.240920 inf inf 99.316521 inf inf inf inf 87.500764 72.283475 18.984043 inf inf inf 87.622033 14.098270 20.426563 inf 2.139823 inf inf inf inf 18.252428 24.783237 inf 9.117547 inf 92.663830 20.975502 79.411493
47.286315 27.286012 inf 59.618567 inf 64.516577 inf inf inf inf 79.762723 66.605340 inf 83.657291 89.656443 86.382611 inf inf 50.130367 45.835958 inf inf 71.002689 72.036486 inf 9.534520 inf inf 13.844614 inf 55.279135 inf inf inf 5.500184 inf 92.996569 inf inf inf 3.594688 5.785793 inf inf 27.799819 inf 95.137786 inf 89.449753 31.577308 inf 15.239898 60.148711 inf inf 4.130444 inf 91.923441 57.781514 3.854251 inf inf 86.410076 19.480081 inf 52.339260 22.188492 inf inf inf
inf inf inf 50.328279 30.641551 1.725260 81.077120 inf inf inf inf 32.922647 44.964800 inf 16.476988 14.976104 inf inf 95.062978 94.738886 inf inf inf 89.939919 35.061164 inf 9.685406 inf 20.508948 84.651331 3.602543 61.720306 55.336879 98.014311 67.886765 28.123889 inf inf 43.422836 inf inf 37.873992 28.096360 inf inf 44.040779 38.135918 inf inf 66.758791 44.570699 41.265980 inf 52.297597 24.148875 56.239175 5.855580 inf inf inf inf inf inf inf inf 13.950119 inf 52.555302 inf inf
84.970103 80.308257 inf inf inf 40.567499 11.303651 inf inf inf 48.236530 33.254372 53.576422 inf 67.910243 76.905064 94.224803 96.482523 inf 34.034906 inf inf 23.692889 61.799330 21.345313 23.903130 inf 6.192025 inf inf inf 75.981246 41.054137 25.209700 inf 45.962786 inf 63.652699 18.827073 inf inf 12.809516 inf inf inf 89.591536 12.367838 inf 69.398919 73.662234 61.175944 55.483474 55.791150 inf 86.680475 inf 37.362424 inf 48.825780 49.385195 inf inf 90.562730 inf inf 68.154160 inf inf inf 93.818341
inf 74.571280 30.978738 inf inf 89.359122 77.506912 44.200971 inf 60.053312 inf 37.476819 29.537368 74.717680 4.228827 42.986286 8.935406 11.694538 inf 44.515144 inf inf 79.428195 9.615532 34.163988 98.321356 inf 83.979448 76.953735 inf inf 24.546711 44.782883 73.612091 inf 50.182943 78.567748 65.340104 51.314517 26.663547 59.976596 25.478747 60.346864 inf 56.167383 81.130737 inf inf inf 54.716797 51.637054 35.369787 inf 98.032964 inf inf inf 31.668602 37.838750 98.969701 60.779111 inf 82.691331 58.106265 inf 94.260688 inf 56.332399 35.350837 15.930316
76.339188 67.402368 63.541178 inf 20.276966 inf 62.441242 26.802985 31.023073 32.355545 33.718351 inf 31.361034 inf 14.028288 inf 53.135087 inf 50.502065 inf inf 27.472556 inf inf 23.769261 inf inf inf 42.683957 35.071561 35.373267 inf inf 33.703089 85.889699 inf 50.521215 inf 40.648153 42.196569 inf 29.340337 inf 16.737271 inf 73.419353 81.137547 5.820007 inf 43.453588 53.992976 54.994716 23.183021 51.915964 inf inf inf inf 39.613974 inf 62.668258 10.732887 25.016969 inf inf inf 75.962769 inf inf 3.965689
18.636367 inf 10.224346 53.086872 inf 61.643075 inf inf 41.500700 24.740301 64.863550 99.735581 inf 94.626133 80.287813 90.466180 49.659336 47.088720 49.039539 36.648482 30.534604 inf inf inf inf inf inf 19.487344 52.865930 49.731732 inf 75.277850 inf 2.490076 70.958959 51.284560 inf inf inf inf 17.483148 36.526252 71.011048 97.876851 inf 24.682866 inf inf 53.949481 inf inf 62.832924 5.884792 70.682150 inf inf 20.776446 inf inf 38.111725 inf inf 28.705844 84.275248 59.984969 28.278851 15.491242 2.101957 inf 6.605865
inf 21.170011 61.162169 62.051530 inf 94.283680 inf 46.003652 inf inf 58.890950 inf 35.550310 inf 40.845900 inf 20.563476 inf inf 52.438468 inf inf inf 27.947457 inf inf 56.115366 inf 72.109066 inf inf 43.785691 11.713206 97.366646 inf 43.249275 76.996987 11.647388 50.379612 77.495138 83.966368 inf 99.407137 inf inf 19.233897 69.359152 79.231609 69.688862 49.017779 inf inf 24.592557 inf inf inf 29.530701 inf 57.684198 inf inf inf inf 22.097809 inf inf inf 19.478836 92.190911 inf
52.277867 inf 40.690462 inf inf inf inf 65.386524 85.588783 55.692390 45.925139 30.295170 46.029295 75.305478 inf inf inf inf inf 88.002327 inf inf 88.569580 inf inf inf inf 23.783669 1.010014 72.292704 37.973465 75.835895 2.297656 96.056536 42.268397 36.582592 54.032321 1.544105 2.806061 82.565257 inf 94.037526 inf inf inf 52.600751 inf 35.953506 4.327373 inf inf 9.729311 88.799181 inf 24.910410 inf 15.652170 6.535024 7.560986 3.626130 4.428769 2.046912 8.275145 30.826030 70.622101 30.991896 inf 82.731596 83.799940 inf
inf 52.148310 25.579303 inf inf 79.730096 40.722605 79.968717 86.004418 74.077252 96.169186 inf 56.524195 inf inf inf 15.079962 15.774602 inf 96.483037 91.495564 69.517967 64.340755 89.054800 inf 48.202212 inf inf inf 52.093829 inf 5.555983 inf inf 46.744689 11.253798 inf 14.611182 56.385269 inf inf 47.549164 21.648438 inf inf inf 85.353839 43.225154 43.338427 11.059629 13.692365 inf inf inf inf inf inf inf inf 60.809414 66.735968 inf inf 15.854427 inf 54.313215 91.054648 inf 51.914008 inf
inf inf 34.141258 54.995049 20.738130 inf 38.535008 inf inf 85.025136 7.475786 99.120463 34.046394 93.356204 inf 85.467973 inf 67.230948 inf inf 4.490062 87.372152 inf inf 90.813740 66.928319 96.288726 inf 32.787737 inf 62.326086 58.759234 30.665903 94.226367 10.111581 99.002889 28.856586 91.294120 inf inf 92.257130 4.729177 inf inf inf 29.797931 inf inf inf 81.217422 14.428971 inf inf inf 2.930752 50.609183 inf 44.925286 36.723628 inf inf 95.922096 inf 79.655154 inf 10.880798 inf 19.375816 13.490271 94.763402
33.799142 98.227995 51.245689 22.499900 inf 97.812607 inf inf inf 60.176738 76.195602 inf 3.509746 inf inf 60.588271 2.532723 inf 43.156272 inf 99.015183 inf 95.105835 50.389462 2.349919 inf inf inf inf inf inf 38.665284 inf 88.823322 64.883413 inf 92.062498 2.888324 57.149480 99.740215 47.734985 20.150851 inf 97.905075 1.342300 inf 35.305431 inf inf 49.681688 77.533722 7.210547 inf 63.132864 77.638408 46.716878 inf 77.713927 25.072364 inf 18.282402 2.616197 inf 73.719148 30.498642 96.649694 55.427749 inf 52.400702 inf
inf inf 54.854139 inf inf 6.083037 95.564592 48.539248 73.624317 inf inf 27.628733 21.048278 inf inf inf inf 15.404690 inf 25.297353 inf inf 36.291413 inf inf 30.272561 inf 4.050378 46.806383 inf 25.407201 inf 60.476633 48.003056 inf inf inf 1.426183 74.439430 inf 38.250798 inf 94.214898 9.800568 16.383383 68.278694 inf 58.224676 63.147527 16.056525 inf 58.599736 5.153213 73.528421 inf 70.930385 45.971719 inf 80.967815 9.515114 inf 35.923651 83.813697 inf 54.901163 12.387372 inf 92.571652 inf 42.744584
inf 61.198964 9.912930 71.081838 inf 18.779417 75.933799 7.390007 3.902242 39.147311 79.446680 inf 19.946944 68.794296 99.096917 98.042893 inf inf 74.716476 inf 53.452256 3.708971 43.476290 92.678146 38.227661 35.556028 inf inf 7.669284 inf inf inf 50.026431 77.451330 inf 87.425790 inf inf 89.770374 83.736174 inf 93.669113 29.073156 61.413577 93.146604 59.594959 inf 41.825746 98.436774 inf inf inf 52.052699 inf 29.170457 inf 76.554764 89.029750 81.276840 37.623880 47.189364 88.123772 inf inf 25.532922 inf inf 2.740247 53.817451 inf
99.041777 inf 32.619260 68.696658 65.283659 inf inf inf inf inf inf inf 73.349511 inf inf 32.874622 50.290815 98.403455 inf 68.009966 inf 32.186401 94.311184 36.589059 inf 40.907934 4.248687 96.884721 inf 66.704098 inf 24.089637 35.964874 inf 96.369089 64.000458 inf inf inf 49.098574 inf inf inf inf inf inf 8.068199 89.441162 10.805722 59.781705 inf 41.139602 90.225882 inf 22.847273 inf inf 73.761751 80.538695 inf inf inf 27.366245 inf inf inf inf inf 75.838360 52.141428
37.825263 21.722017 inf 61.533992 97.173460 65.015240 inf inf inf inf inf 27.799215 inf inf inf 50.717063 40.852051 inf inf 32.258072 3.679927 inf 32.137044 inf 82.210013 inf 95.062072 16.818641 inf 73.729665 83.731200 inf inf 13.073634 inf 74.517813 60.562343 inf inf inf inf inf inf inf 65.691121 63.307769 inf inf inf inf inf 78.529063 19.542319 inf inf 64.985147 inf 62.912941 52.394915 inf 21.517249 inf inf 71.809235 82.461793 inf inf 82.777246 inf 22.069607
inf inf 43.533335 inf 78.079699 inf 74.073294 82.194963 inf 32.264480 35.428872 inf inf inf 27.774919 77.207443 inf 46.219128 73.977491 47.549704 8.431339 11.295972 inf inf inf 1.777215 57.744017 98.797072 inf inf inf 17.078421 inf inf 86.765765 41.616070 inf 42.651912 10.583434 92.182241 59.999755 82.543627 93.725119 inf inf 14.352859 89.905620 18.012019 15.516072 inf 30.028486 41.600623 inf inf 73.214827 94.477230 89.096675 19.371281 12.644080 56.563184 12.914015 6.632968 inf 78.151236 inf inf 29.334591 77.248291 inf 16.880972
inf 67.893608 3.181298 41.251429 78.906972 18.940928 65.693226 84.763700 63.651474 69.211374 39.486660 inf inf 69.432795 inf 11.353348 inf 75.898566 inf 60.608137 6.933172 inf inf inf inf 34.129726 34.176693 inf inf inf 34.717109 inf inf 7.552059 87.896397 inf inf 60.180499 inf 55.192231 51.602705 inf 92.080383 10.327898 11.399444 63.540332 inf inf 71.299275 34.652222 inf 28.163394 inf inf inf 20.270623 inf inf 41.066192 45.312060 6.590279 inf 74.006071 inf inf 70.344658 82.884413 inf inf 53.182590
inf 7.089893 72.311936 inf 39.384745 inf inf inf 66.839868 5.653561 68.410677 73.724578 inf inf inf inf 63.507344 13.903615 inf 88.519938 inf 68.022202 inf inf inf 49.790698 2.422028 inf inf 82.117897 52.949155 34.423769 inf 48.019924 inf 68.523299 49.550130 50.537870 inf inf inf inf 57.229389 inf inf 91.722326 22.655338 inf 72.599122 inf 55.036031 inf inf inf 42.373057 28.579462 74.421895 65.467075 inf inf inf inf 86.173104 inf inf 60.727432 52.585172 87.374329 72.774581 24.060582
83.528273 inf 62.796646 94.464443 91.969908 inf 38.176369 6.589997 inf 67.417181 76.898696 inf inf inf inf 28.681659 5.375873 inf 68.811293 26.123867 11.837130 inf 11.948697 54.939587 17.839427 inf inf 30.841706 44.615397 21.407672 8.988451 45.924864 56.391607 47.651180 inf inf 17.764556 61.038099 inf 94.468106 48.064361 inf 1.435585 64.863529 34.366124 inf 80.222816 79.214980 8.112844 inf inf 19.829994 inf inf inf 30.399937 17.115248 inf 91.126709 inf 43.312156 inf inf inf 61.527152 inf 83.231431 inf 8.775521 6.503385
18.596236 inf 72.602149 15.419072 inf 48.513840 inf inf 45.569589 inf inf inf inf 66.494857 inf inf 28.675735 inf inf inf 36.615559 52.940592 29.793716 34.239200 88.623235 inf inf 41.009682 inf inf inf 6.931103 inf 37.745568 36.823876 inf 86.415226 inf 91.584767 88.223335 inf inf inf inf 38.191976 82.669995 inf 51.413876 inf 92.720355 5.321528 23.797959 inf 45.406038 65.075217 inf inf 54.100996 77.247994 inf 4.332148 42.595884 inf inf 38.255525 80.318362 7.684683 inf 13.562193 3.501693
inf 87.215055 inf inf 5.016431 10.062136 52.332018 inf inf 92.257597 54.230885 inf 81.738511 inf 63.989487 inf inf inf 96.191231 inf 87.827600 74.042860 91.932496 inf inf 68.436917 7.726956 inf inf 17.278353 20.537297 93.436690 29.836152 inf 95.639629 9.148242 inf 73.095237 65.009900 inf 30.681144 37.595561 19.611909 10.184733 59.771854 inf 20.507524 20.769052 inf 98.125071 43.724776 18.916779 inf 24.634883 11.830900 inf 34.763376 inf inf inf 85.647353 65.356075 49.587824 inf inf inf inf 81.198137 inf 27.354095
inf inf 69.038341 3.579745 inf 84.879008 inf 24.687349 22.358778 inf 84.965599 81.690297 70.740819 35.224078 56.755116 inf 39.884790 inf 32.189872 31.295921 inf inf inf inf inf 20.192496 inf inf inf 63.338843 inf 81.741545 inf 7.767337 inf inf 94.536688 61.272744 2.691231 inf 32.687726 70.239127 94.200995 94.631593 2.736586 inf inf inf inf inf inf 22.241162 24.888775 inf inf inf 64.390748 71.457627 95.493446 10.917045 89.908764 88.321421 inf inf inf inf 74.481100 77.861212 3.812082 35.594195
35.381396 inf inf inf inf inf inf inf 13.786194 inf inf 85.197651 3.597071 inf 12.986326 26.478849 inf inf inf inf 4.308057 80.770561 inf inf 64.749695 13.259032 inf 10.582291 1.928497 inf 38.285830 92.065057 inf inf 30.549305 inf 7.794904 56.793805 48.954019 inf inf 86.275639 inf inf 61.182525 inf 32.591714 64.194796 45.029294 inf 85.494684 inf 46.505392 inf inf 47.538083 inf inf inf 95.680411 40.297320 36.995868 inf 52.802928 90.044269 inf inf 98.786261 25.565233 inf
24.578270 17.235556 99.086328 92.956924 inf inf inf 8.029933 52.480717 inf inf 55.733296 inf inf 15.450663 inf 38.989431 inf 8.551488 inf inf 18.962680 inf 77.748661 48.391222 66.695062 inf 52.155760 inf 83.377665 inf inf 71.052846 18.361942 55.307189 54.376624 inf 30.989891 83.727062 inf 72.745559 inf 81.011853 inf inf 26.367061 63.304879 75.923935 29.790731 inf 18.089610 10.270119 11.425693 14.971324 inf inf 41.581132 inf 2.672565 inf inf inf 97.268720 48.693838 inf inf 85.146173 59.302012 7.449651 14.180641
39.821612 inf inf 10.889598 76.992821 24.230381 inf inf 32.424653 45.540745 33.495729 inf 81.882407 36.686219 1.172738 78.234177 68.753157 86.625886 inf inf 64.266646 inf 55.345116 inf 61.403464 97.750232 21.357012 86.589150 14.563675 80.804526 inf inf inf 31.695136 84.283771 inf inf 13.146425 inf 37.615223 inf 36.704006 inf 14.357544 inf 47.265524 38.293977 85.316058 74.093649 inf 25.653126 29.710749 27.593344 72.901818 34.657399 inf inf inf inf inf 10.963993 inf inf 42.306993 50.280087 30.913709 inf 47.590118 14.802638 inf
inf 80.632790 36.755869 63.774766 inf inf 14.444827 inf 66.194519 18.214375 32.550345 inf inf 64.401007 96.799674 inf 7.602903 inf 45.041112 75.078567 30.153555 inf inf inf inf 37.590686 inf 15.554757 inf inf 78.617417 inf inf inf inf inf 56.646176 inf inf 19.914539 44.337168 inf 61.553292 93.323287 inf inf inf inf 35.574537 63.343390 inf inf 38.791731 inf 6.378364 52.156862 inf 37.917024 45.489343 inf 2.701235 1.989186 inf inf 10.407472 7.184190 76.417634 12.758778 inf 95.239717
95.585960 inf 74.854331 inf 95.940619 inf 13.036509 inf 28.425007 43.987124 3.234868 41.749107 40.292013 98.874523 7.699537 inf 70.048664 87.728670 28.258792 10.121563 inf 11.391915 inf 37.895128 47.433879 47.139125 47.281561 inf 12.345860 inf 85.237535 86.016273 inf inf 23.519764 inf inf inf 28.595534 14.878860 11.003750 inf 90.991468 inf 94.989422 inf inf inf inf 14.367105 inf 51.263393 inf 77.936089 inf inf 97.957263 78.640173 inf inf inf inf 63.087094 inf 77.441913 inf inf inf 60.222081 inf
inf inf inf 67.324641 inf 97.830148 64.484654 7.331988 58.083098 inf inf 78.786187 40.301026 inf 40.858655 70.516171 75.284830 66.174125 inf inf 52.650968 inf 58.020541 87.138773 inf inf 61.303122 36.225638 inf 46.717147 27.918255 56.272827 inf 96.615474 inf 20.504112 inf inf 14.684804 42.041829 59.256037 63.892022 58.118243 inf inf 33.733949 inf inf 20.529544 31.380430 76.971663 16.294754 inf 18.853087 inf inf 23.398067 39.620458 inf inf inf 62.123333 inf 79.521636 51.948240 24.635071 14.718006 87.967516 inf inf
inf inf inf inf inf 39.067283 inf inf 89.925099 35.761578 23.290544 inf 53.539685 31.609844 96.860120 89.837481 52.644344 inf inf 74.224695 37.581843 50.807084 13.410869 inf 31.215082 inf inf 63.388551 inf inf 88.329814 inf inf inf 37.082158 inf inf inf inf 53.997900 inf 19.440184 inf inf inf 43.495546 inf 99.279313 68.965534 inf 46.544029 76.668852 18.315234 17.842100 inf inf 51.496721 25.683170 94.408766 66.766395 45.192370 2.840074 96.434096 inf inf 61.304062 inf inf 68.559181 inf
inf inf 13.704713 inf inf 82.023539 inf 25.430199 inf inf 89.843827 41.375791 inf 21.871968 5.389398 inf 38.574527 61.436850 inf inf inf 79.159012 inf inf 63.282797 5.105107 20.058609 inf 86.259460 21.310630 inf inf 66.279305 inf inf inf inf inf inf inf 76.998589 42.200891 4.741891 inf inf inf inf 26.389878 48.542400 77.160475 49.821100 26.225765 64.937791 inf 11.976747 inf inf inf 59.469304 inf 4.141917 49.674770 93.206934 98.714268 inf 31.868108 inf inf 48.290325 93.237497
inf 68.415942 57.993151 inf 13.291547 85.879746 4.648425 inf inf 94.822910 90.455228 inf inf 95.272312 1.362562 14.536207 56.087371 25.383124 72.722899 inf inf inf 30.334595 30.901552 13.243465 38.870697 inf 29.230751 32.954509 25.090611 27.354294 45.892050 inf inf inf inf inf inf inf 59.889569 inf 89.008679 55.861805 inf 4.824741 inf inf 95.691706 inf inf 72.630167 97.016143 inf 51.371132 inf 33.209206 98.942949 62.927193 inf 8.172382 89.351286 23.788584 57.219872 inf inf inf 66.436980 34.343373 98.462776 inf
82.623929 28.214319 inf inf inf inf inf inf 58.509671 38.597073 84.569086 14.329707 inf 84.555053 2.691903 56.397304 inf 36.869730 86.902532 39.810359 inf inf 88.651703 inf inf inf 65.058731 10.679267 36.128656 3.509178 94.769781 inf inf 39.232930 47.774004 inf inf inf inf inf 41.786714 93.118776 81.316750 inf 13.003738 35.494385 inf 96.826127 68.014718 48.164585 14.894160 31.313406 inf 24.435259 86.064171 inf inf inf 63.305377 inf 8.132342 40.544840 inf inf inf inf inf inf 56.464538 98.540831
inf inf inf 30.148788 37.375803 68.632544 63.727486 inf inf inf 87.214869 30.873945 inf 13.706449 50.405461 inf inf 58.286716 inf 58.338209 72.287009 inf 66.191138 71.789474 inf 28.900941 40.753939 inf inf inf inf 5.388440 68.980750 1.034092 99.508693 67.133509 inf 93.120250 inf inf inf inf 78.262513 74.430427 40.971588 inf 51.118574 inf 8.028658 inf inf 80.303408 93.111039 inf inf 99.208496 49.386824 inf 61.518915 15.976311 55.587042 36.047182 16.725530 29.475859 21.821287 inf 41.719086 inf 20.002026 10.419411
inf inf 39.701249 inf 3.405763 84.644301 inf 29.613717 inf inf 70.608854 inf 34.040324 36.141905 inf inf 2.952084 29.321137 88.054478 inf inf inf 80.325426 48.501559 inf 7.970785 inf 25.561469 86.602511 inf 31.952993 inf 81.222578 91.842376 38.637782 inf 13.602679 inf 19.990532 inf inf inf 21.975493 70.033528 inf inf inf 94.157395 inf 89.080035 inf inf 33.600587 12.420539 72.962733 inf inf inf 87.812969 inf inf 17.717949 20.212147 1.661458 56.880379 7.078370 inf 38.583557 62.509732 45.116141
inf 13.465970 inf inf inf inf inf 27.461068 39.587140 81.943987 57.195237 59.636797 40.328147 inf 1.120675 84.382443 18.148239 98.073611 inf 7.212028 inf inf 38.385554 inf inf inf inf 70.387052 15.892849 8.857791 inf 48.894704 inf inf 82.944632 89.459600 51.427686 93.188713 59.366601 inf inf inf 97.784826 72.699369 10.393554 90.707067 41.858432 inf 16.970658 inf 78.690203 inf inf 79.214378 64.189707 inf 37.767471 44.522644 inf inf 51.171006 8.434923 84.362162 10.046506 inf 21.404438 79.911851 29.329536 51.904523 97.955949
7.157488 inf inf 92.570105 65.482850 inf 39.500090 inf 40.369108 inf 37.913000 inf 55.355172 70.316839 inf 9.665397 inf inf 38.493938 79.285725 inf inf 24.582396 12.273918 2.884485 30.302149 inf 76.049383 77.005254 inf 64.738308 inf 23.366308 70.649849 44.147839 inf 50.874078 35.759591 54.796736 23.997792 24.147431 68.904853 inf 23.990493 inf 90.719159 inf inf 80.147646 inf 18.500243 inf inf inf 85.575311 inf 16.116231 93.892326 26.771901 34.032629 inf inf 71.432148 inf 37.481507 70.253385 inf inf inf 94.981031
inf 47.135907 63.060375 51.686345 inf 37.410023 inf inf inf inf inf 19.740324 49.631471 inf inf inf inf 76.302003 43.096081 13.644223 inf inf inf 56.467518 inf 2.870537 inf 3.354425 78.398295 inf inf 88.503743 85.735044 inf inf inf inf inf inf 50.399914 25.093886 71.225638 86.590958 inf 16.737762 2.308021 36.327409 97.102813 inf 53.754560 inf inf inf 82.563170 82.344893 2.402550 44.977105 33.459043 19.686659 inf 71.559871 12.465268 28.277987 inf 36.043372 16.893206 44.747640 inf inf 72.875245
inf inf 39.638618 78.994939 86.968622 74.531169 inf 65.111907 inf inf 46.863265 inf inf inf inf inf inf 65.541001 74.574104 44.505767 inf 80.254919 inf 32.519547 inf 69.282232 83.576183 62.015688 46.807588 24.310107 inf inf inf 16.247647 inf inf inf 40.279399 19.441011 75.117054 inf 92.762806 inf 78.322714 inf inf inf 78.465275 77.720835 inf inf inf inf 90.933359 82.636709 inf 27.248218 40.023245 inf inf inf inf inf 20.901751 62.473392 42.618362 67.006460 36.139346 89.211107 83.023305
39.205682 74.067845 77.606563 80.142220 84.679297 69.414421 inf inf 40.657470 47.448638 96.668107 93.187656 66.679860 89.339636 53.138052 inf 18.340285 inf 48.596620 8.655304 inf 7.005453 81.013894 94.597989 53.748691 inf 59.906940 inf inf inf 79.784054 53.112689 inf inf 22.207619 47.383203 inf inf 46.839148 inf inf 6.878116 51.128408 5.609352 inf inf 35.043445 3.104086 45.106092 45.954113 inf 4.569893 35.016424 inf 20.099992 inf 74.727745 inf 52.544578 6.308125 76.958545 40.404762 inf 71.184844 63.390666 87.905903 inf inf inf 43.013237
10.630623 inf 96.446744 76.908182 30.407836 inf inf 21.951769 11.676138 55.795181 inf 50.593152 inf 38.435577 inf 26.511312 inf 60.077482 inf inf 67.862039 inf 51.476323 inf 46.670166 86.902502 inf 58.301762 inf 73.612086 57.199413 67.266488 inf inf inf inf inf inf inf 67.065913 inf 38.434719 inf 3.565934 inf 82.508097 inf inf inf 46.078509 12.914273 15.412797 inf inf 6.336301 26.428202 inf inf 12.425776 inf inf inf inf inf 74.685199 inf 58.462062 77.129134 35.312878 97.397949
63.081516 54.139072 inf 53.086657 23.008786 83.801093 17.335426 inf inf inf inf 12.581851 inf 63.560676 82.914875 67.809701 inf inf 3.810908 99.104786 27.247304 inf 57.789328 inf inf 28.787668 79.569791 71.923990 inf 59.261425 53.489772 15.825023 inf inf inf 33.769032 82.940877 36.624462 80.261528 inf 38.042970 inf inf 18.510447 59.988731 94.911119 inf inf 50.008616 63.559912 28.329938 inf inf 21.165339 20.240414 32.244799 78.465365 53.460473 44.372373 67.060486 92.944431 76.326023 inf inf inf 63.558440 inf 29.810892 86.752767 inf
inf 54.117978 34.175610 64.310121 inf 54.839194 87.619340 8.947603 inf 42.991724 inf inf 98.673757 56.470034 98.426938 83.815447 inf inf 11.950067 24.390086 48.724905 inf 44.002218 90.467054 9.587814 47.603567 inf inf inf 23.429711 49.678664 10.473373 50.534311 inf 88.851992 50.758935 59.291917 inf 79.169678 87.759873 inf 42.685670 93.409155 inf 74.352572 31.756372 inf 13.335011 inf 50.263868 inf inf 41.248178 47.013471 96.750842 inf inf 76.858118 inf 33.388592 14.498403 9.422631 1.271870 inf 49.150522 97.788642 16.181508 inf inf 82.812725
inf 71.083247 5.940481 inf inf inf 73.934221 38.531154 72.760798 27.925567 19.381631 48.411121 inf 79.220997 inf 90.268171 75.255830 32.498217 10.871587 inf 11.984479 inf inf 15.151476 inf inf 22.859885 83.734461 inf inf inf inf 82.525666 95.655689 2.540967 inf 28.810900 inf 38.781582 inf 37.458246 inf inf 22.143853 inf 63.393863 56.451768 26.442988 33.584516 inf 88.945024 98.211546 34.168695 inf 22.352388 14.308513 12.200627 79.691558 26.734460 50.632041 inf inf inf inf 50.028782 inf 61.847130 inf 99.321000 8.731356
inf 33.736594 inf 64.812096 inf inf inf inf 26.161698 56.487303 44.787139 49.464484 inf inf inf 87.305887 64.565109 93.375262 inf inf inf inf 67.393410 inf 91.825585 inf 74.802723 30.834214 inf 2.864896 74.382136 58.376819 inf inf 65.789702 98.507970 22.828016 46.044366 86.648971 inf inf 33.802386 73.925136 inf inf inf 91.039737 77.338715 inf 96.364961 inf inf inf inf 69.320745 24.387405 inf 54.108843 27.169908 inf inf 81.259451 inf inf 87.138962 93.872756 inf 89.740490 8.862554 50.607521
83.062288 inf 55.707927 inf 54.873337 inf inf 21.139792 53.019014 6.636093 78.349776 8.099504 14.016117 inf 11.699787 inf inf 80.475424 67.451522 inf 33.720767 84.053427 25.031791 70.843229 inf 44.235218 82.392405 37.242943 74.762141 inf 15.699299 65.981115 inf 38.980266 3.621767 58.784130 43.449941 94.456834 50.822977 47.934165 inf inf inf inf inf 65.399155 79.741704 inf inf 85.686599 inf inf 21.181707 inf 86.335755 86.296113 16.133934 inf 57.431783 7.359993 1.575335 inf 97.898511 99.050912 inf inf 32.595945 83.263634 9.840082 inf
30.354630 inf inf 86.773726 97.448170 56.726623 inf 81.305743 inf 69.545098 inf 70.231943 26.354013 35.448235 83.478667 inf inf inf 24.449824 9.412720 29.312335 89.677263 inf inf inf inf inf inf 40.804700 97.078072 52.254050 98.836126 17.316023 inf inf 46.084859 40.615504 inf inf 39.187770 3.957413 inf inf inf inf 26.038441 inf inf 71.541729 84.255491 inf 46.751834 inf 27.529173 inf 61.135231 18.225143 inf 21.378314 68.108481 inf 7.341521 inf inf 89.759308 6.275829 53.526389 28.800511 59.636623 53.748419
87.136700 inf 74.137866 40.231137 inf 40.851827 54.564253 inf 16.384412 inf 32.979038 83.341017 9.663483 inf inf inf inf 88.417255 24.114713 inf inf inf inf inf inf inf 76.535315 74.051474 inf inf 37.564484 12.358525 inf 76.993624 34.048075 1.698567 inf 40.840658 27.644597 inf 95.351424 8.156443 inf 89.644605 23.108475 inf inf 4.824124 46.842230 inf inf inf 39.837890 inf 96.241367 23.054468 inf 72.501291 36.651731 inf 33.188358 84.438937 inf 88.616607 76.735606 32.399362 inf 11.565065 inf inf
inf inf 8.767911 92.977106 25.890521 inf 41.713581 inf 5.922621 42.781324 inf inf inf inf 48.193719 inf 64.931043 40.003492 inf 24.008906 18.097671 inf 42.111645 inf 27.385003 inf 99.516947 13.768244 inf inf inf 69.609424 8.957291 inf inf inf 71.645239 inf 62.213883 inf 29.522467 73.968043 48.032234 89.249434 86.704965 39.007037 87.953897 40.570337 1.668959 15.278549 99.747063 25.204412 inf 28.691607 inf 54.150036 16.717713 89.156345 inf 25.755602 32.478124 inf 92.657672 48.353796 5.711123 inf inf 43.074686 inf 1.279674
35.197209 34.008103 inf inf inf inf 71.774309 65.875877 17.550131 inf inf inf inf inf inf inf 34.016723 14.778469 92.275001 inf inf 12.058544 24.957288 97.504386 86.886817 35.737594 inf inf inf 99.028734 inf inf 63.148563 inf inf inf inf 24.261337 inf 99.166627 inf inf inf 24.159814 inf inf 23.822782 13.171787 inf 64.614453 2.040534 14.643361 94.699214 54.305130 47.431930 inf 5.883120 71.263129 62.645783 89.175053 inf 76.076658 85.329275 inf 22.997682 inf 54.407091 41.023172 inf inf
26.623621 inf inf 42.081042 inf 20.015180 inf inf 98.752802 98.164689 inf inf 75.255000 34.107194 77.683153 inf inf inf 94.827999 77.928170 inf inf 80.649473 inf 58.766981 74.428593 inf 47.545232 77.544264 inf 97.198923 inf inf 50.578337 78.385369 42.747600 inf 53.258868 inf 55.054447 inf 94.563778 69.335852 22.394671 36.599580 61.610716 inf 98.883270 inf 98.967928 inf 41.180653 98.791774 inf 51.959699 83.795151 inf 61.017620 inf 92.278976 9.209151 inf 84.906784 83.949796 56.314155 inf inf 87.639581 inf 40.510929
81.298438 27.803336 inf 76.561885 59.854545 90.030026 82.622252 20.829359 inf inf 65.622506 inf inf inf 44.995118 inf 94.214525 1.095031 inf 43.819190 39.570239 13.552821 33.982549 inf 75.818137 inf 69.277217 inf 82.534676 inf inf inf 61.173808 88.254555 44.160717 43.151865 inf 81.664569 inf inf inf 69.243812 82.099967 95.961948 82.824892 inf inf 88.901551 67.029818 83.984095 99.152143 inf inf 24.496042 88.131346 43.641106 46.915574 inf inf 22.266234 17.064952 11.760430 63.751641 94.376748 71.055861 inf inf 98.174042 20.524092 39.619803
inf 70.824703 inf inf 28.082399 85.558887 inf 89.898919 inf 7.701129 91.904048 31.897576 inf 4.664201 38.477322 inf 11.863762 76.515532 87.140426 1.141283 81.715471 17.465340 32.384163 1.241587 inf 66.516939 88.459159 inf 99.684708 inf 97.608788 inf 94.965092 inf inf 7.999366 86.215529 inf 48.529806 69.173145 38.400284 inf 70.131009 10.748524 inf 40.101974 25.850477 72.996825 inf 29.874934 97.722925 73.711001 1.212701 78.578652 inf 32.353939 inf inf inf inf inf inf inf inf 55.472836 28.412167 75.411628 inf 42.236675 inf
5.545008 68.622466 6.861907 inf inf inf inf 41.582767 inf 66.422678 52.833093 inf 36.184711 inf 79.968106 48.340020 inf inf 60.950253 56.459385 inf inf 56.618381 65.753603 inf inf inf inf 57.969962 14.902700 inf inf inf inf inf 30.653351 inf 39.990110 inf 73.030596 inf inf 79.391403 inf inf 4.895742 inf 46.782592 55.711604 53.027176 inf 99.794834 97.860576 inf 95.748469 31.228945 98.151662 96.193296 inf inf inf inf 65.067091 54.853602 66.565075 inf inf inf inf inf
62.421580 69.700186 inf 90.677244 68.090472 40.205419 inf inf inf inf 73.187672 42.273672 inf inf 20.406018 63.342522 inf 8.050605 inf 91.873246 inf 28.544970 81.630056 31.821361 inf 12.408048 19.336154 50.692913 53.346979 9.544077 inf 98.635050 54.509176 inf inf 22.885005 33.131999 3.635742 10.606914 43.563655 inf 36.389142 inf 32.585254 inf 28.321942 inf 8.793786 20.721391 inf inf 90.908045 inf 34.639692 36.773750 inf 94.537066 49.151697 inf inf inf 70.559560 inf 53.422418 inf 52.510487 76.789758 inf inf inf
inf 16.344298 48.837254 inf inf inf inf inf inf inf inf 46.098409 inf inf 47.728019 inf 81.447713 19.537018 50.192853 30.323761 inf inf 52.212272 inf inf inf 3.275521 75.783419 29.400456 76.084700 inf inf 84.818807 inf 73.184519 45.743088 98.060030 13.771673 45.300463 91.131594 2.965384 69.453471 inf 14.000636 inf 8.095473 inf 34.015306 42.303936 inf 33.350777 inf 92.827718 75.251888 inf 92.608968 inf 16.994499 inf inf 45.786128 inf 3.312632 76.363380 99.362601 inf 4.229356 inf 8.835772 99.842502
inf 1.021912 16.119697 82.975476 80.888988 inf 47.314877 65.388765 inf 95.091108 76.488879 35.439576 64.564671 inf 59.450818 inf inf inf 88.577976 inf 11.645203 inf inf 41.770300 3.089552 inf inf 70.280782 inf inf 50.187087 inf inf 12.289399 inf 80.012846 57.190595 73.043543 inf 3.199996 86.274179 78.865227 72.252293 88.889718 inf inf inf inf 61.378248 inf inf 94.202343 inf inf 3.783054 20.825629 84.953253 89.304526 inf 26.574378 inf 59.591554 inf inf inf inf 35.578814 33.806567 62.812378 inf
56.453997 79.394218 41.503878 inf 82.863450 inf 80.442851 81.618230 inf inf 96.619281 inf 94.047519 5.794656 88.671213 51.796912 90.009429 96.007545 inf inf inf 22.040477 74.714399 inf inf inf inf inf inf 62.889284 24.021016 41.401106 inf inf 92.021552 inf 88.669351 inf inf 5.833495 75.023423 43.929565 inf inf 14.554646 28.342136 inf inf inf inf inf 71.383680 inf 28.537627 89.201684 inf 42.595038 78.736799 inf 39.460012 43.835333 34.410338 inf inf 40.883350 inf 72.836790 inf 79.069828 47.201395
23.960645 inf 21.251505 inf inf inf inf inf inf inf inf inf 72.670126 inf 62.272490 inf inf 64.323538 15.893576 18.940223 inf 59.795126 inf inf inf 91.529233 24.089021 inf inf 39.612187 inf 46.827408 80.258575 25.326423 49.529210 inf inf inf inf 73.763429 99.072394 inf 69.610328 67.016910 68.252700 90.783873 52.785905 inf 91.033105 1.923837 18.357939 inf 94.900038 36.898266 41.942373 47.485663 21.813578 97.030314 32.030176 60.906616 inf 12.174934 inf 20.635034 inf 95.238880 inf inf 62.472090 21.856135
94.943795 inf inf inf 67.826744 inf 75.986448 94.111695 80.081137 80.983550 45.438641 inf 98.479540 inf 10.022961 70.716568 1.433333 13.356911 54.583800 inf inf inf inf 15.694830 87.234256 inf 76.216869 inf inf inf inf 19.428904 54.771737 inf 28.241424 78.620935 32.912163 inf inf inf 52.549331 27.855866 38.169253 87.268598 3.538790 61.087455 inf 61.886236 14.148626 inf 22.479608 inf 11.638532 96.050187 inf inf inf inf 1.032927 inf 10.680640 inf inf inf 48.782358 inf inf inf 17.115263 inf
35.344834 28.896063 inf 83.173089 inf 96.601411 inf 3.920501 inf inf inf 35.177681 13.052216 inf inf 49.226982 inf 68.404065 inf inf inf inf 85.111627 41.645912 51.219231 98.569044 55.623953 inf 18.530616 inf 86.100114 inf 4.842758 inf 17.050169 inf inf 45.016042 inf 92.311382 inf 64.784710 inf 58.783609 67.306573 inf 33.911737 inf 52.427928 44.331913 inf 26.611908 38.494095 inf inf 28.358916 inf inf 22.080817 inf 39.038344 40.233956 61.261981 85.215237 inf inf inf inf 3.513947 43.596391
92.064993 46.542054 inf inf 69.025177 52.457793 94.717449 inf 24.391363 inf 9.959473 inf 38.776647 29.482584 38.240947 inf 53.536207 inf 86.573999 1.457359 inf 70.743629 27.763387 inf 81.239001 inf inf 40.313451 42.532648 46.256558 25.099764 17.339859 47.681743 inf 33.015348 inf inf 29.932795 inf inf 21.015191 78.590248 inf inf 97.017900 inf 4.208355 64.656336 inf inf 55.145751 42.397612 12.335992 61.907206 98.635330 41.887677 79.150916 18.591484 inf inf inf inf 6.922849 inf inf inf inf inf inf inf
88.200131 15.033269 17.258902 42.291270 inf inf 28.182719 inf inf inf 36.147044 inf inf 69.047690 78.157942 4.850948 47.709120 58.779750 inf 91.650751 27.854996 inf inf inf 9.392280 60.777048 16.037684 inf 86.239961 81.216047 91.820349 9.966542 inf 19.650079 inf 46.956036 23.706549 45.787032 68.121275 50.173711 60.975400 80.936333 inf inf 5.099614 inf 63.215237 1.357354 inf 85.090323 89.943264 4.203116 39.660292 inf inf inf inf 48.728049 3.185031 inf inf 58.730321 22.034437 33.454037 45.256654 11.963945 38.812200 inf inf inf
22.645934 95.530654 42.934131 19.023111 45.195537 inf 87.809963 inf inf 82.697008 66.770453 53.311532 74.722143 inf inf inf 71.821364 inf 64.302063 inf 81.860279 43.477882 44.072333 36.196935 73.998031 45.590597 69.382934 30.931361 39.925996 inf 68.665683 inf 25.675997 inf inf inf 35.322080 inf 64.149624 3.076247 40.848673 39.336402 43.887543 29.249686 42.227973 16.583598 70.777781 inf 64.438179 84.771535 41.915975 inf 74.386028 inf 67.251309 inf 86.112728 62.975183 inf inf inf 73.332355 inf 8.061758 7.803181 inf 91.006157 inf inf inf
