inf inf inf inf 13.597295 13.303271 inf inf 36.896582 inf inf 55.608735 inf inf 58.920745 87.794110 inf inf inf 41.427913 inf inf 7.889594 inf inf inf 85.873860 inf 37.952761 inf 58.741861 inf inf 99.461469 73.820774 inf 90.453570 inf inf 19.715701
inf inf inf inf inf inf inf inf inf inf inf inf inf inf inf inf inf inf inf inf inf 50.216170 inf inf inf 22.909214 23.490216 26.831157 inf inf inf inf inf inf 22.117739 inf inf inf inf 29.405217
inf inf inf 21.771408 80.686131 inf 75.695959 inf 54.285062 inf 97.279279 inf inf inf 58.152520 98.299510 inf inf 50.619886 inf inf inf 30.476795 4.682147 inf inf inf inf 30.859805 inf inf inf inf inf 99.680822 inf 85.617579 5.020605 inf inf
inf inf 99.227935 inf 80.515883 45.968352 inf inf inf inf inf inf inf inf inf inf inf 36.825657 inf inf 70.568071 5.875476 inf 13.728557 inf 70.519088 inf 43.027727 inf 52.991786 39.710514 inf inf inf 12.731499 inf inf inf 28.034246 inf
1.344934 inf 6.109414 58.866808 inf inf 49.614103 inf inf 21.630938 inf inf inf inf inf 10.989485 inf 80.027264 4.387841 inf inf 47.766344 17.344572 16.032926 83.546919 inf inf 30.785930 inf inf 41.153953 inf inf inf 52.797892 93.324558 53.480728 inf inf inf
9.430518 inf inf 43.123201 inf inf inf inf inf inf inf inf inf inf 4.277366 82.915571 inf 52.755567 inf 57.121100 inf inf inf 63.354977 19.825317 inf inf inf inf 86.987310 38.244013 inf inf inf 64.420730 inf 23.603702 inf inf inf
inf inf 22.486267 inf 49.694332 inf inf 53.313075 inf 72.428969 inf inf inf inf inf inf inf inf inf 56.919029 inf 70.198948 inf 27.751424 inf inf inf 27.643210 89.622598 10.373626 75.281481 inf 24.302158 inf inf inf inf inf 69.149204 inf
inf inf inf inf inf inf 18.073825 inf inf 98.065779 inf inf 98.191638 inf inf 51.650661 80.427752 inf inf 44.640746 inf inf 52.550948 inf inf inf 80.569485 25.007819 inf inf 76.166594 91.458909 17.216947 inf 42.476186 53.351128 inf inf 17.966818 46.787434
4.876696 inf 83.479185 inf inf inf inf inf inf 41.431525 inf inf inf inf 43.473553 86.859991 inf inf inf 14.482637 39.277423 inf inf 22.653737 72.977699 91.928460 inf inf 43.304252 25.153480 inf 94.626289 inf 77.738392 inf inf inf 40.278190 inf inf
inf inf inf inf 68.934653 inf 90.471323 28.558415 5.668872 inf 63.409793 inf 99.204486 23.076589 45.757957 inf inf 49.118917 61.062116 inf inf 72.322317 inf inf inf inf 72.191204 inf 98.985579 inf 85.590270 37.828363 inf inf 54.260298 37.651091 inf 54.865742 inf 11.089030
inf inf 77.841479 inf inf inf inf inf inf 99.504764 inf inf inf 17.090585 inf inf inf 94.706879 inf 63.736195 2.104168 81.486323 inf inf 14.180544 inf 43.997240 inf inf inf inf inf 64.857826 33.724246 inf 75.992980 13.613905 inf inf inf
58.827150 inf inf inf inf inf inf inf inf inf inf inf 50.178655 inf inf inf inf inf 65.599899 69.551512 inf inf 87.157364 inf inf inf inf inf inf inf 80.768871 inf inf inf inf 15.261618 inf inf 9.331815 98.439651
inf inf inf inf inf inf inf 14.772759 inf 25.013060 inf 5.083261 inf inf 75.794651 90.521744 inf 21.588675 inf inf 47.539268 inf inf 79.208590 44.639790 30.389112 62.622431 inf inf inf inf 18.427076 inf 12.112019 inf inf inf 47.434706 inf inf
inf inf inf inf inf inf inf inf inf 22.543789 23.456461 inf inf inf inf inf inf inf inf inf 54.835569 inf 67.303487 inf 34.676744 inf 42.788712 inf 17.571155 inf 94.145912 4.210772 inf inf inf inf 1.500113 75.582940 inf 70.594527
59.322146 inf 49.315344 inf inf 7.518815 inf inf 90.044385 65.456946 inf inf 64.305359 inf inf inf 32.983640 inf 27.911155 3.307290 31.118888 inf 85.442408 56.803351 inf inf inf 81.853827 inf inf inf inf 39.112948 3.962417 inf 2.588469 64.727519 39.782920 inf inf
18.785814 inf 27.915371 inf 11.821020 3.492508 inf 82.340509 20.509742 inf inf inf 14.630088 inf inf inf inf 80.874627 inf inf 94.347922 inf 74.703142 inf 27.115898 inf inf inf inf inf 79.721586 inf inf 54.734961 inf inf inf inf inf 15.020752
inf inf inf inf inf inf inf 32.101208 inf inf inf inf inf inf 53.609336 inf inf 83.056782 inf 2.053211 inf inf inf inf 41.783189 73.895524 inf inf inf 93.568642 inf inf inf inf 19.567469 94.239919 inf inf inf inf
inf inf inf 92.326598 28.775714 93.223616 inf inf inf 62.935374 97.695837 inf 73.553313 inf inf 65.883625 64.849693 inf inf inf inf inf 79.064607 inf 34.563571 inf inf inf inf inf inf inf inf 26.252748 50.816516 99.959271 inf inf 62.572756 inf
inf inf 10.534869 inf 55.396193 inf inf inf inf 76.796705 inf 25.829724 inf inf 20.715752 inf inf inf inf 90.554073 inf inf inf inf inf inf 29.655444 inf 49.806445 inf inf inf 31.706425 inf inf inf inf 1.354171 70.542219 inf
15.941704 inf inf inf inf 64.705008 42.112880 37.769959 79.760744 inf 11.870789 3.884571 inf inf 54.925755 inf 58.789628 inf 12.281881 inf inf inf inf 6.828038 inf inf inf inf inf 96.283647 inf inf 87.834899 inf inf 76.057484 52.095191 inf 11.350957 11.195730
inf inf inf 38.803446 inf inf inf inf 13.571624 inf 94.781738 inf 6.594072 61.150786 13.920530 24.703385 inf inf inf inf inf 19.441036 inf 34.909694 12.381716 inf 73.716697 inf inf inf 33.091604 10.132036 inf inf 46.604653 inf inf inf inf 67.627858
inf 29.871110 inf 90.947971 45.115732 inf 31.163619 inf inf 56.073013 28.288781 inf inf inf inf inf inf inf inf inf 9.142467 inf inf 52.700871 inf inf inf inf inf 13.670412 inf inf inf inf inf inf inf inf inf 12.053852
41.071077 inf 91.933900 inf 71.334049 inf inf 99.803656 inf inf inf 4.342983 inf 64.323797 50.100279 94.532470 inf 45.815489 inf inf inf inf inf inf 12.741262 99.002014 inf inf 61.993256 66.953817 54.516602 inf inf 72.118700 inf inf inf 86.775641 inf inf
inf inf 5.707114 68.055557 53.005708 8.530281 77.789612 inf 84.419931 inf inf inf 42.245273 inf 32.616332 inf inf inf inf 97.826391 80.779201 51.052060 inf inf 10.534673 inf inf 84.423372 inf 70.953972 28.645493 82.667611 inf inf 18.820786 inf 16.609757 inf inf inf
inf inf inf inf 3.081273 70.966978 inf inf 54.193927 inf 48.815519 inf 97.713983 45.617318 inf 53.799161 3.924278 44.873529 inf inf 80.193174 inf 45.639826 49.272508 inf inf inf inf inf 4.382424 inf 55.449897 93.591117 inf inf inf inf 2.622812 inf 32.629718
inf 88.405213 inf 80.923676 inf inf inf inf 52.247080 inf inf inf 22.732793 inf inf inf 69.179736 inf inf inf inf inf 60.337012 inf inf inf inf inf 53.668442 76.861011 inf inf 88.288847 inf inf inf 12.169605 13.105654 50.352411 inf
26.675953 68.661050 inf inf inf inf inf 85.258474 inf 82.375616 17.865818 inf 71.825072 87.355590 inf inf inf inf 9.199720 inf 22.086951 inf inf inf inf inf inf inf 77.567408 inf 5.209645 inf 47.568221 inf inf 59.151925 47.303727 13.158285 70.564913 49.989989
inf 88.212896 inf 20.805752 70.232721 inf 35.566440 93.975604 inf inf inf inf inf inf 78.403606 inf inf inf inf inf inf inf inf 77.372085 inf inf inf inf inf inf inf inf 73.858476 31.043273 inf inf inf inf inf inf
62.623638 inf 4.647978 inf inf inf 15.024036 inf 89.003570 50.629908 inf inf inf 13.992329 inf inf inf inf 36.315641 inf inf inf 81.641654 inf inf 50.968470 77.747339 inf inf inf inf 72.752637 76.273286 inf 89.723620 93.090162 94.666116 inf inf 21.191696
inf inf inf 85.239705 inf 35.580137 80.790391 inf 35.033769 inf inf inf inf inf inf inf 21.628508 inf inf 56.680859 inf 90.245849 46.240763 52.068317 90.181917 60.057625 inf inf inf inf inf 71.847776 inf 27.815480 85.568497 inf inf inf inf 73.410162
35.192301 inf inf 74.405554 78.678176 30.262015 5.784854 5.769168 inf 93.569933 inf 52.845949 inf 11.243778 inf 26.769277 inf inf inf inf 76.158219 inf 23.090465 9.711056 inf inf 27.617814 inf inf inf inf inf inf inf inf inf inf inf inf inf
inf inf inf inf inf inf inf 13.460648 24.566385 47.299151 inf inf 37.608408 14.821506 inf inf inf inf inf inf 66.422637 inf inf 12.324024 93.375876 inf inf inf 43.947119 32.934451 inf inf inf inf 31.665129 inf 74.953303 inf 65.296245 inf
inf inf inf inf inf inf 80.015068 54.674047 inf inf 16.070205 inf inf inf 29.294274 inf inf inf 84.848441 23.556433 inf inf inf inf 99.877284 88.962871 53.212796 59.664620 79.168453 inf inf inf inf 43.481540 inf inf inf 60.561465 inf inf
2.263549 inf inf inf inf inf inf inf 43.929364 inf 28.602032 inf 93.992577 inf 43.472248 80.344113 inf 76.503983 inf inf inf inf 37.668900 inf inf inf inf 98.864547 inf 74.166868 inf inf 86.428279 inf inf 73.198625 73.152135 61.044404 inf 97.374888
93.610308 7.376768 86.840986 63.950205 34.183348 3.726975 inf 89.700308 inf 51.828109 inf inf inf inf inf inf 89.637618 7.803112 inf inf 1.683015 inf inf 14.696240 inf inf inf inf 35.865912 67.221651 inf 19.018441 inf inf inf 81.451397 inf 4.374063 inf inf
inf inf inf inf 96.728583 inf inf 98.795824 inf 85.024329 39.200387 20.999896 inf inf 27.013951 inf 12.938483 88.797829 inf 54.967451 inf inf inf inf inf inf 13.038089 inf 9.049869 inf inf inf inf 49.969930 7.072883 inf 78.707480 inf inf 48.860224
60.908364 inf 95.574318 inf 64.781523 64.801593 inf inf inf inf 31.533388 inf inf 96.459316 80.475074 inf inf inf inf 3.588058 inf inf inf 22.067905 inf 24.764042 35.108924 inf 4.957834 inf inf 8.738760 inf 4.846850 inf 52.446195 inf 33.451619 inf inf
inf inf 30.228749 inf inf inf inf inf 10.933679 4.133577 inf inf 93.619395 64.634796 13.571630 inf inf inf 15.972014 inf inf inf 14.462967 inf 94.091512 46.954187 83.303660 inf inf inf inf inf 62.580730 51.189677 86.863674 inf 99.378435 inf 29.538459 inf
inf inf inf 38.630960 inf inf 8.405796 12.168402 inf inf inf 11.892972 inf inf inf inf inf 75.486516 68.434226 12.859014 inf inf inf inf inf 93.309782 73.950748 inf inf inf inf 54.885851 inf inf inf inf inf 89.509549 inf inf
88.770512 87.252606 inf inf inf inf inf 54.215241 inf 27.213499 inf 9.499520 inf 12.018936 inf 18.615622 inf inf inf 65.264123 93.626441 49.193965 inf inf 70.743857 inf 59.705828 inf 78.167475 14.571011 inf inf inf 70.812419 inf 59.335448 inf inf inf inf
