inf 17.176658 48.778809 77.268732 68.938708 inf 97.344465 inf 98.848505 26.635519 inf 77.618395 47.572698 inf 45.290872 6.085623 63.295281 inf inf inf 71.498504 98.879025 20.697722 60.406420 74.971184 inf inf inf inf 94.938217 inf 36.990958 inf 36.150022 inf inf 86.381764 27.709210 43.995614 78.381028 inf 80.021912 inf inf 50.523991
2.672894 inf 27.513787 inf 51.958000 inf 67.824504 inf 20.117251 10.056897 8.954100 94.282078 inf inf inf inf 53.600144 60.184125 inf 45.405410 63.839524 28.309439 inf 18.326799 inf 31.471902 inf 18.292355 inf inf inf inf 73.343131 inf inf inf inf inf 92.551809 63.570555 59.052471 inf 85.382470 98.841057 54.917431
49.885294 58.725814 inf inf 21.116876 84.570593 inf inf 34.510681 inf 83.373915 96.162858 42.656244 inf 31.657720 inf inf inf 21.770722 inf 40.805479 inf inf inf inf 84.747174 inf inf inf inf 78.279874 inf inf inf 80.928199 28.018458 inf inf inf 4.663940 inf inf inf 99.928655 inf
71.317685 inf inf inf inf inf inf inf 61.363818 inf 10.971299 27.305502 inf inf inf 31.191235 inf 47.175373 60.467036 25.939314 inf 42.377355 3.044204 inf inf 2.798951 59.207431 69.748955 49.696478 inf inf inf 49.146594 inf 45.609593 26.199610 15.503123 inf 81.343245 19.542383 inf 68.434156 inf 99.122178 inf
96.256896 75.395456 91.987268 inf inf inf inf inf 92.649606 4.212949 inf inf inf inf inf inf inf inf 28.800275 inf 15.771011 inf inf inf 96.724372 inf inf 29.986018 4.422136 93.503891 inf inf 36.652879 inf inf inf 19.736839 inf 47.635861 inf inf inf 41.332700 30.364957 inf
inf inf 51.264540 inf inf inf 19.123655 57.850297 15.190950 51.881545 inf inf inf 32.241516 12.838807 inf 92.091978 inf inf 17.278951 31.814071 inf inf inf inf inf 38.982829 inf inf inf 4.370823 inf inf 94.471454 inf 5.551394 inf inf inf 5.095914 83.447591 inf 71.989793 inf inf
27.284512 90.678073 inf inf inf 33.693241 inf inf inf inf inf 92.665847 93.367066 78.368324 inf 1.100407 inf inf 46.556038 18.394214 46.664264 inf inf 72.216750 72.327585 inf 17.467962 inf inf 94.578680 31.910625 36.838941 inf 98.770883 inf inf 93.319554 inf 71.430663 42.231542 68.675093 inf inf 56.830559 34.131623
inf inf inf inf inf 50.674858 inf inf inf 40.812101 inf 3.123768 inf inf inf inf inf 92.003116 inf 96.384170 inf 73.491203 54.101598 37.135347 inf 99.496553 98.967586 inf 56.286451 inf inf inf 54.573858 38.790432 inf 40.536482 inf inf inf 45.144366 20.332199 77.943250 inf 51.059981 30.104384
48.308586 4.099343 64.277491 42.146021 84.312006 67.409709 inf inf inf inf inf inf inf inf inf 97.276131 inf inf inf inf inf inf inf inf inf inf inf inf inf 3.993776 61.892764 inf 39.724136 57.598999 34.193068 9.552569 68.540035 16.915510 inf 20.641884 43.135007 inf inf inf 63.728460
9.178374 80.315066 inf inf 91.344631 28.807264 inf 13.852477 inf inf 39.602635 inf inf 68.273074 inf 2.986023 42.094931 6.637993 inf inf 99.911150 50.596727 inf inf inf 31.559905 inf 58.642622 22.581148 inf 87.336609 inf 44.142085 72.727342 inf inf inf 88.207511 58.714256 inf inf inf 7.344778 inf 3.150432
inf 35.842788 46.394306 71.270278 inf inf inf inf inf 82.257077 inf 15.167153 59.348461 4.007301 1.872998 24.816849 53.134430 inf inf 74.918696 inf inf 73.954880 inf inf 65.356153 82.931765 inf inf inf inf inf inf 49.886037 86.131337 inf 25.203842 inf 23.134870 91.289227 inf 80.694104 inf inf inf
27.356369 22.590689 48.970448 2.854666 inf inf 10.354486 25.420936 inf inf 59.290321 inf inf inf inf 44.774511 inf inf inf inf 90.389712 8.771666 82.131733 inf inf inf inf 57.184121 91.598817 36.952626 32.775607 inf inf 58.299758 37.269591 inf 52.480873 17.049346 93.468947 75.669649 inf 75.620263 inf 90.363431 66.070721
85.985145 inf 54.367434 inf inf inf 67.526515 inf inf inf 95.247221 inf inf 48.351854 87.692244 inf 86.370483 42.871565 2.510481 14.996672 inf 7.234016 inf inf inf 77.069238 inf 74.081921 inf inf 66.177552 inf inf inf inf inf 83.764866 38.061258 50.213298 inf inf 30.460647 41.670925 80.287407 inf
inf inf inf inf inf 22.636198 77.343624 inf inf 56.424717 99.756086 inf 4.209040 inf inf inf inf inf 8.225917 inf inf inf 24.933655 inf inf inf inf 71.898094 inf inf inf inf 65.360895 inf 82.774742 inf 35.940877 18.135131 inf inf 76.456961 inf inf inf inf
74.932220 inf 12.732514 inf inf 10.391419 inf inf inf inf 91.264700 inf 89.961613 inf inf 29.775575 62.313378 51.077546 inf 9.286053 inf 1.095934 inf inf inf inf 63.229600 inf inf inf 7.210875 inf inf inf inf inf inf inf 42.375332 inf inf inf inf inf 99.568631
71.567260 inf inf 27.113984 inf inf 31.655328 inf 36.796657 55.158491 8.794859 69.334248 inf inf 56.097034 inf 33.227699 17.344253 22.223440 34.481503 inf inf 37.943988 inf inf inf inf inf 11.045487 19.199055 57.174259 inf 71.415036 83.624655 inf inf inf inf 45.652706 72.627841 inf inf inf 32.278330 inf
21.696741 50.161810 inf inf inf 23.769542 inf inf inf 11.182548 1.523780 inf 67.881518 inf 19.667350 37.967699 inf inf inf 8.977200 24.480822 61.738345 inf inf inf 8.839868 14.003776 60.644271 28.609910 6.775484 inf 99.705344 inf 90.138770 61.285414 inf inf 2.548493 inf 72.048554 28.624479 84.050943 inf inf 93.961756
inf 89.442893 inf 21.115933 inf inf inf 53.759258 inf 15.501453 inf inf 62.699947 inf 63.042144 57.269093 inf inf 50.267521 22.634691 inf 81.491431 inf 81.618260 inf inf inf inf 46.130180 inf inf inf 90.353688 9.521568 33.788909 inf inf inf inf inf inf 96.042637 inf 97.828124 42.653833
inf inf 82.207993 66.492126 98.073705 inf 12.179154 inf inf inf inf inf 8.856132 83.637640 inf 51.273561 inf 49.947782 inf inf 74.560150 inf 55.447162 80.775640 inf inf inf 98.660218 inf inf inf inf 4.262859 inf 39.889030 inf inf inf inf 79.403863 inf 38.248330 inf 93.030399 92.927495
inf 7.238730 inf 10.403681 inf 77.084695 9.804665 49.357113 inf inf 94.748814 inf 70.224387 inf 5.686878 16.342865 97.164740 59.875902 inf inf inf 49.892884 38.190163 49.300979 inf inf inf inf 28.188886 inf inf 47.157848 inf inf inf 4.190885 inf 64.670028 6.185722 inf 69.189533 72.739193 47.469758 inf inf
93.231229 15.516959 97.822051 inf 82.768183 16.130299 78.397525 inf inf 12.725990 inf 22.369828 inf inf inf inf 54.187118 inf 33.484395 inf inf inf inf inf inf inf 77.358093 inf 33.617297 inf inf 47.541859 inf 35.638067 9.625632 inf 58.221621 34.966776 inf inf inf 12.303379 inf inf inf
6.983071 43.486232 inf 44.691395 inf inf inf 77.521106 inf 31.186416 inf 48.741101 12.341601 inf 30.345920 inf 23.614444 92.144085 inf 4.085677 inf inf 18.691295 inf 18.197669 34.196845 63.595295 14.525217 inf 24.527204 inf inf 60.586348 inf inf inf inf inf 3.601735 inf inf inf inf 72.940846 69.431162
55.869006 inf inf 50.958146 inf inf inf 44.805964 inf inf 55.030058 25.243626 inf 58.485813 inf 48.476328 inf inf 16.900825 78.416819 inf 32.479595 inf 13.978061 inf inf inf inf inf inf inf 25.821269 inf 93.039323 4.084982 inf inf 10.655440 1.997517 inf 74.426399 inf 87.752192 inf 39.131302
65.793316 4.359280 inf inf inf inf 13.956569 96.956269 inf inf inf inf inf inf inf inf inf 48.246126 84.691702 11.746288 inf inf 13.696982 inf inf inf 27.377920 inf inf inf inf inf inf inf 57.266582 inf inf 13.580132 inf inf inf 89.790077 71.069762 94.193116 inf
38.186274 inf inf inf 96.282525 inf 89.407577 inf inf inf inf inf inf inf inf inf inf inf inf inf inf 73.841796 inf inf inf 82.433601 inf 40.671024 inf inf inf inf inf inf inf inf 56.123243 inf 16.190553 59.947231 13.968400 inf inf inf 10.167200
inf 86.234728 63.013898 33.166961 inf inf inf 45.767334 inf 59.542024 67.002932 inf 91.986734 inf inf inf 53.939970 inf inf inf inf 75.908806 inf inf 16.358593 inf 70.750967 70.138628 39.451124 inf inf inf inf 41.634191 inf 70.885005 33.754079 inf inf inf 17.273112 inf 83.118102 8.493242 inf
inf inf inf 89.121663 inf 6.238060 22.449660 62.654202 inf inf 44.115227 inf inf inf 28.427708 inf 14.104243 inf inf inf 33.870841 31.963869 inf 9.454367 inf 77.682433 inf inf inf inf inf inf inf 64.014300 inf 70.674509 inf inf 80.992811 inf inf inf inf 97.650183 14.252004
inf 77.083213 inf 38.528155 99.513240 inf inf inf inf 48.212677 inf 73.074394 71.584930 43.698737 inf inf 23.762432 inf 61.465223 inf inf 54.734948 inf inf 76.375797 36.195297 inf inf 28.584141 inf inf inf inf inf 13.915463 inf 35.605476 inf 55.889899 inf 85.798344 4.197593 53.390095 inf inf
inf inf inf 63.571669 33.602120 inf inf 85.217231 inf 69.524032 inf 42.097739 inf inf inf 45.547258 34.041638 40.887746 inf 58.144347 87.597693 inf inf inf inf 81.432122 inf 71.558988 inf inf 96.330033 46.197373 66.665206 inf 20.629409 inf inf 68.692878 inf inf inf inf inf inf 86.613412
16.055356 inf inf inf 93.669985 inf 82.684936 inf 85.111964 inf inf 97.244236 inf inf inf 6.349098 4.275271 inf inf inf inf 40.217197 inf inf inf inf inf inf inf inf inf inf inf inf 83.510526 28.632777 inf 6.395777 49.481458 33.996855 16.654287 inf inf 31.540699 44.235938
inf inf 86.092966 inf inf 14.952417 11.662116 inf 65.436720 68.140768 inf 43.581194 58.076716 inf 74.478889 59.244486 inf inf inf inf inf inf inf inf inf inf inf inf 36.251056 inf inf 22.077247 inf inf inf 6.883670 20.120084 18.495193 inf inf inf 49.690292 inf inf inf
33.452557 inf inf inf inf inf 37.505894 inf inf inf inf inf inf inf inf inf 15.234061 inf inf 62.623666 83.127494 inf 19.158915 inf inf inf inf inf 88.510959 inf 99.653432 inf inf inf 23.907399 inf 18.701080 inf 4.436379 inf inf 12.382772 inf inf inf
inf 89.642103 inf 7.565185 9.125074 inf inf 16.512644 43.099924 91.232006 inf inf inf 40.042671 inf 96.451842 inf 56.419178 9.475348 inf inf 12.824919 inf inf inf inf inf inf 76.812317 inf inf inf inf inf 86.018024 38.710477 inf 38.855114 inf inf 46.591014 inf inf inf 89.307610
85.811219 inf inf inf inf 91.511312 74.436358 38.489594 18.482472 91.867371 61.755721 34.555496 inf inf inf 57.883480 36.374957 39.444281 inf inf 69.811916 inf 31.422016 inf inf 22.191262 45.278417 inf inf inf inf inf inf inf 51.051611 inf inf 97.007789 15.482438 inf inf 9.345319 inf 45.262799 inf
inf inf 96.432234 25.981770 inf inf inf inf 71.837603 inf 46.233611 56.909010 inf 27.928237 inf inf 35.847165 28.182782 57.064735 inf 51.606242 inf 55.486513 97.786695 inf inf inf 67.519376 1.009424 20.747045 inf 97.267996 82.108905 16.293134 inf inf inf 99.914421 inf inf inf 51.673561 28.254618 92.196241 25.672147
inf inf 93.853888 1.047408 inf 93.953715 inf 36.260798 85.220729 inf inf inf inf inf inf inf inf inf inf 2.900936 inf inf inf inf inf 24.489099 81.683129 inf inf 16.130852 53.146941 inf 12.243621 inf inf inf inf inf inf 48.693848 3.291282 inf inf inf 44.671970
30.354600 inf inf 76.847345 30.362781 inf 84.963868 inf 14.160827 inf 15.060279 2.381891 22.157901 95.862044 inf inf inf inf inf inf 43.413235 inf inf inf 90.479952 20.414907 inf 92.691593 inf inf 10.373982 15.030480 inf inf inf inf inf inf inf inf 1.142728 68.527362 inf 16.642908 inf
81.743299 inf inf inf inf inf inf inf 33.732589 31.726293 inf 10.470701 62.010469 25.008710 inf inf 73.508349 inf inf 83.365073 49.118783 inf 48.163087 73.711291 inf inf inf inf 36.748527 83.593339 65.710619 inf 96.273427 88.518596 7.506603 inf inf inf inf 84.631438 inf inf 71.794054 inf 36.785266
85.157400 84.806873 inf 46.318699 93.118765 inf 86.959029 inf inf 61.163509 58.901859 33.860222 20.316205 inf 88.059520 48.538662 inf inf inf 97.860998 inf 2.557836 34.253117 inf 99.210122 inf 41.192400 38.923431 inf 78.715139 inf 79.842492 inf 37.323936 inf inf inf inf inf 32.219162 inf 74.260580 9.491807 inf inf
99.697073 24.176442 43.153561 12.861117 inf 54.843898 54.609075 12.366679 12.628886 inf 17.035297 27.894290 inf inf inf 16.388926 21.196763 inf 6.484185 inf inf inf inf inf 1.464390 inf inf inf inf 79.959847 inf inf inf inf inf 90.243943 inf 5.876479 29.907842 inf 87.992575 inf 74.677156 inf inf
inf 7.652999 inf inf inf 2.826381 94.091398 49.603638 54.246629 inf inf inf inf 96.662234 inf inf 32.043644 inf inf 19.109940 inf inf 55.098274 inf 98.408096 97.744484 inf 89.005960 inf 81.788172 inf inf 3.958114 inf inf 20.147382 97.348129 inf inf 34.146595 inf inf inf 9.048107 48.325870
80.948980 inf inf 73.182200 inf inf inf 66.294502 inf inf 4.592243 37.911257 3.533775 inf inf inf 4.614225 53.366512 78.803152 10.394273 25.157972 inf inf 23.254300 inf inf inf 80.839410 inf inf 63.827570 69.279958 inf 14.692266 20.691410 inf 5.580394 inf 70.162300 inf inf inf 1.188832 inf inf
inf 63.351843 inf inf 51.329489 3.730091 inf inf inf 93.497283 inf inf 23.577211 inf inf inf inf inf inf 80.947743 inf inf 53.596651 43.268298 inf 94.214577 inf 57.139778 inf inf inf inf inf inf 20.282981 inf inf 7.465891 72.020710 11.947902 inf 81.370409 inf inf 95.351230
inf 65.366664 45.720364 92.249088 69.665961 inf 91.123859 6.634122 inf inf inf 90.353202 16.766993 inf inf 11.417803 inf 12.685641 27.360817 inf inf 35.451603 inf 67.138329 inf 1.514250 47.101410 inf inf 52.750013 inf inf inf 38.468904 54.406956 inf 57.728457 inf inf inf 46.791989 inf inf inf inf
50.263903 54.474384 inf inf inf inf 58.439932 69.866865 56.173770 73.320083 inf 9.882080 inf inf 55.056608 inf 20.024071 85.489490 15.018702 inf inf 35.485236 80.727451 inf 50.577452 inf 36.819460 inf 62.866097 33.916517 inf inf 50.111092 inf 65.066598 3.361844 inf 34.208916 inf inf 34.546054 inf 31.339365 inf inf
