inf 82.366060 inf inf 1.653443 inf 48.346088 inf inf 46.757079 48.472368 inf inf inf 88.436374 33.232409 inf inf inf 80.887253 inf 60.499756 60.899787 inf inf inf inf inf 81.059354 42.451683 inf inf 30.935513 11.279124 97.558386 40.053898 inf 70.872397 inf 83.565142 inf 38.626468 78.429970 inf 80.987545 49.074151 83.601958 10.708943 93.639488 90.430032
99.566092 inf inf inf inf inf 47.211751 57.615166 inf 39.086640 inf inf 82.216518 68.119094 inf 68.207940 inf 51.650351 41.704010 inf inf 61.759523 inf inf 44.693756 inf 14.366691 inf 65.150548 inf 42.029072 inf inf 13.759458 inf inf 34.111551 inf 16.346065 17.850803 19.866572 inf 43.946901 inf inf inf inf 4.355480 inf 47.008330
inf inf inf 98.797865 inf inf inf 50.172685 inf inf inf 19.147888 inf inf 64.681986 39.859406 inf inf 97.079236 inf 8.781085 inf inf inf inf inf 82.089258 26.456533 40.908284 inf 5.734652 99.265907 68.852029 inf inf 34.986639 8.050480 inf inf 76.439832 inf inf inf inf inf 58.290465 95.066729 inf 94.875741 inf
inf inf 65.472420 inf 68.420402 inf 97.878297 inf inf 52.543887 inf inf 88.388417 29.697705 inf 7.143874 inf 83.418702 inf inf inf inf 20.028509 inf 11.550894 inf 55.759081 73.434536 inf inf inf 12.828192 inf 47.469060 27.201779 5.542276 42.024220 inf 44.208361 24.533843 69.606411 36.984189 inf 37.832558 inf inf inf 67.777705 inf inf
34.878801 inf inf 78.784566 inf inf inf 11.687392 5.544916 74.116322 89.377584 inf inf 33.782047 inf inf 19.151403 25.302012 inf 45.263559 83.227035 inf inf 63.348022 42.021245 inf 88.542742 36.841183 55.216065 inf inf inf inf inf 48.720381 inf inf inf 62.193975 inf 74.298834 53.247183 inf inf inf 63.730827 54.627602 52.853656 43.618114 inf
inf inf inf inf inf inf inf 57.023968 28.476950 inf 68.788835 94.150734 95.495624 inf 14.739885 inf 91.601223 39.895065 92.409635 inf 86.248687 inf inf inf 92.190585 24.451840 inf 14.995293 86.946145 52.474008 inf 6.403995 25.469409 inf 74.725602 inf inf 56.078170 inf inf 95.291993 inf inf inf 12.437791 92.746609 inf inf 75.107718 inf
24.669653 53.269276 inf 24.355251 inf inf inf inf 40.033392 inf inf 95.956932 inf 8.120834 83.432071 inf inf 24.317908 68.551401 inf 58.392794 39.703029 inf inf 81.963656 inf inf inf 41.501502 8.227265 18.015097 inf inf inf 45.761087 inf 58.638800 inf 62.742044 inf inf inf 59.007764 inf 30.621431 inf 59.238472 inf 46.898235 49.094496
inf 95.592740 77.606074 inf 28.588171 17.532224 inf inf 57.613930 inf inf 60.244267 71.599270 6.609593 6.952726 60.541418 inf inf inf inf 42.174657 59.328459 5.597483 inf inf 76.645393 19.105075 inf inf inf 60.499908 inf inf 68.199612 7.072673 85.241293 inf 20.292518 inf inf inf inf inf inf inf inf inf inf inf 44.973455
inf inf inf inf 32.859977 55.963395 45.306739 61.675317 inf inf inf 67.999625 57.133374 82.853860 63.796285 inf inf 12.617404 inf inf 9.653596 inf inf inf 58.214339 17.734042 inf 76.458048 inf 90.084258 40.465688 56.967266 2.862307 inf 32.454232 58.996206 inf inf inf inf 7.094827 70.778417 inf inf inf inf inf 48.023089 inf inf
62.259583 77.805963 inf 79.080177 56.107225 inf inf inf inf inf inf inf 56.616306 inf 5.302687 8.600543 inf inf inf inf 39.651992 29.349256 inf 41.426382 inf 48.426181 inf 92.353902 inf inf inf inf inf inf inf 3.493570 47.669543 74.333931 inf 45.944391 inf inf 57.662281 inf 53.229337 inf 84.121927 inf 43.785729 inf
99.560523 inf inf inf 78.631551 33.759917 inf inf inf inf inf inf inf 10.718808 inf inf 24.462598 48.759160 inf 96.247505 inf 19.468698 inf 57.087441 69.781914 inf inf 63.822625 inf inf inf inf inf inf inf 53.431215 inf inf 90.422844 29.510001 11.234039 94.631555 18.721649 37.376179 77.745350 inf 11.847984 inf inf inf
inf inf 35.858363 inf inf 52.954173 55.072014 67.397807 77.397667 inf inf inf 20.951903 18.314439 11.344906 38.868455 inf 50.828684 inf inf inf inf 49.368735 70.739098 35.588719 15.455091 57.381407 inf inf 64.468210 inf 77.844541 inf 52.086007 14.056513 53.341917 inf inf inf inf inf inf 68.819051 99.555085 34.486536 91.378772 68.653250 inf 86.118844 35.389289
inf 70.517504 inf 84.611555 inf 95.280731 inf 72.087266 38.122510 2.283406 inf 20.734384 inf inf 95.421826 inf inf inf 51.450929 88.526389 inf 30.927637 inf 99.023801 42.463816 inf 31.497632 8.518919 63.244905 inf 77.244515 84.366479 70.919305 inf 72.972590 inf inf 62.130902 63.006991 inf inf 18.910162 91.219259 inf inf 86.488365 inf inf 45.640595 inf
inf 63.539036 inf 76.518765 39.372981 inf 78.037217 84.420062 94.598484 inf 16.773478 8.938880 inf inf inf inf inf 90.361127 84.525844 inf 6.844751 inf inf inf 31.161569 84.209187 56.795514 inf inf inf inf inf inf inf 55.675848 inf inf inf 79.397430 69.742759 90.426482 inf 13.889812 inf inf inf inf inf inf inf
88.906187 inf 11.492387 inf inf 36.526856 55.346045 53.067813 9.383435 32.609175 inf 54.608470 74.406617 inf inf 16.328045 44.407292 48.889613 inf 11.150044 inf inf inf inf inf 99.470013 inf inf inf 9.102838 inf 41.544431 75.518501 97.022032 90.519182 70.304528 inf inf 14.744568 inf inf 3.087639 inf inf inf 21.217449 69.621195 inf 2.871658 inf
96.586284 92.603248 4.210219 59.689523 inf inf inf 62.220290 inf 38.428990 inf 38.131929 inf inf 27.019675 inf inf 60.331659 inf inf inf 17.616877 inf 54.473305 inf 1.648246 82.086037 inf 72.934987 60.579216 inf inf inf inf inf 77.406615 inf inf inf 1.308237 inf 65.122429 inf 30.640542 inf inf 29.225278 inf inf 27.833362
inf inf inf inf 65.021508 10.233403 inf inf inf inf 82.509661 inf inf inf 48.602668 inf inf 94.752771 44.375116 14.254708 4.792140 inf 71.379543 inf inf inf inf inf inf 11.953352 inf 93.494790 inf inf inf 54.690825 inf 58.432937 inf 6.172751 inf inf inf inf 60.535189 inf inf 23.831958 13.591527 inf
inf 76.072037 inf 63.704729 2.808684 27.083494 68.775591 inf 26.767981 inf 27.605125 79.740277 inf 38.580154 17.430987 48.101779 72.645812 inf inf 54.996754 inf inf 80.968461 inf inf inf 7.412327 81.510670 41.063640 inf inf inf inf 13.309359 inf 66.597564 inf inf 86.491042 83.585247 99.447469 83.867197 29.303198 inf inf inf 45.421228 inf inf 9.613935
inf 89.037563 98.867777 inf inf 28.413506 35.360278 inf inf inf inf inf 36.672426 68.772887 inf inf 31.488757 inf inf inf inf 20.375994 73.466737 56.880995 inf 88.705136 18.107140 88.808625 14.250493 inf inf 34.497000 74.587189 inf inf inf 79.852707 inf 53.939357 57.305626 inf 86.143109 3.870763 57.059278 88.968307 inf inf inf inf inf
54.114902 inf inf inf 69.993751 inf inf inf inf inf 22.199287 inf 16.861001 inf 42.952948 inf 45.281046 79.879076 inf inf inf 33.756456 76.506092 47.266519 inf inf 16.960766 inf inf 93.470490 inf inf 27.625933 inf inf inf 66.157358 inf inf inf inf 7.048973 inf 12.719802 inf 41.717733 65.448543 6.221860 inf 34.047645
inf inf 47.342616 inf 46.769550 30.292946 14.755937 20.685068 52.944207 11.951605 inf inf inf 96.140233 inf inf 26.305950 inf inf inf inf inf inf inf 66.201211 inf inf inf inf 93.407789 inf inf 73.578932 inf 26.971982 inf inf 62.700255 39.998225 inf 48.101036 17.025552 99.473872 25.547634 42.292214 inf 58.743679 56.864289 inf 92.520429
81.509101 92.401379 inf inf inf inf 11.114518 25.210616 inf 19.727331 76.441203 inf 62.299898 inf inf 23.763372 inf inf 68.350430 59.531105 inf inf 48.189447 inf inf inf 89.550383 87.267723 79.786871 inf 11.616463 54.108673 inf 55.285300 inf 78.109071 48.811957 86.561086 inf inf inf 98.726921 65.442859 inf inf inf 59.029063 inf inf inf
52.993477 inf inf 17.871021 inf inf inf 7.985692 inf inf inf 78.380141 inf inf inf inf 81.254869 22.380081 22.321449 67.466962 inf 86.181605 inf inf inf 85.180330 45.725485 38.622893 inf inf inf inf inf inf inf 46.035409 30.772751 15.384675 24.797615 inf inf 29.969071 30.981212 inf inf inf 92.374167 inf inf 98.231681
inf inf inf inf 51.513243 inf inf inf inf 95.643522 9.162918 79.682025 24.108483 inf inf 42.136711 inf inf 24.451846 45.833649 inf inf inf inf inf 72.420249 30.418132 72.398796 inf inf inf inf inf inf 9.552402 inf inf inf 32.142087 10.553518 inf 83.470836 33.523152 85.421417 inf inf inf 66.883955 5.331297 inf
inf 87.077112 inf 21.921905 48.738732 42.128846 65.537740 inf 58.495786 inf 67.081051 72.966107 45.580705 55.273822 inf inf inf inf inf inf 81.746356 inf inf inf inf inf inf 86.282504 inf 73.559413 inf 1.183717 95.413421 inf inf inf 70.061779 inf 84.886975 45.836425 inf inf inf inf inf 84.352382 87.005148 9.491166 32.850079 inf
inf inf inf inf inf 16.221871 inf 14.051289 13.731949 5.939926 inf 75.680337 inf 95.575500 78.161099 44.299723 inf inf 61.022320 inf inf inf 46.469597 87.141325 inf inf 32.207096 inf 4.261235 6.791069 inf 88.648965 inf 10.154701 inf 60.336163 inf inf 14.570456 62.110783 inf inf 38.373704 1.049669 inf inf inf inf 35.353165 inf
inf 70.387976 41.045002 88.001950 66.458719 inf inf 11.581418 inf inf inf 61.665493 88.926271 82.467400 inf 1.176707 inf 64.940537 94.288329 92.719250 inf 58.933165 26.335097 85.309778 inf 47.308383 inf 86.330441 inf 29.471089 inf inf inf inf inf 71.152916 inf inf 45.662770 10.281381 32.665620 inf 90.299237 inf inf inf inf 6.981366 inf inf
inf inf 74.286377 19.962417 56.604546 79.586048 inf inf 32.624289 74.421494 69.387016 inf 41.299561 inf inf inf inf 18.220175 76.657067 inf inf 22.276378 68.824326 84.257235 70.923186 inf 54.680957 inf inf inf 52.983923 inf inf 48.677904 inf 65.309937 61.686865 inf 78.865711 inf 30.211588 inf 74.320245 3.551133 inf inf 87.783240 inf 25.296734 inf
51.904929 27.635806 16.302847 inf 54.263551 56.191234 5.240660 inf inf inf inf inf 60.146311 inf inf 56.210712 inf 20.053980 21.958039 inf inf 67.183145 inf inf inf 14.891780 inf inf inf 92.752479 inf inf inf inf inf inf 21.518620 inf 34.975943 inf inf 12.990901 inf inf 79.460312 inf inf 86.690424 44.097631 inf
64.909848 inf inf inf inf 16.261914 35.752236 inf 9.794145 inf inf 45.119125 inf inf 59.982604 99.624141 49.667712 inf inf 54.154894 36.461780 inf inf inf 42.492910 40.693254 22.386454 inf 79.168367 inf 7.360155 36.479617 inf inf 3.014330 inf inf inf inf 90.591093 10.814417 inf 17.188385 inf 79.796945 inf inf inf 91.926733 inf
inf 67.191416 69.926839 inf inf inf 61.655191 57.537995 8.677641 inf inf inf 64.601105 inf inf inf inf inf inf inf inf 14.813204 inf inf inf inf inf 39.345344 inf 31.674840 inf inf inf 62.569657 inf inf 82.930389 inf 60.904107 45.985714 inf 52.165082 inf inf inf inf 32.497469 inf inf 11.155043
inf inf 88.469221 80.389589 inf 54.094414 inf inf 42.981873 inf inf 59.092141 63.520574 inf 98.443714 inf 88.922606 inf 75.638931 inf inf 94.600092 inf inf 77.939462 52.482697 inf inf inf 39.255560 inf inf inf 19.035041 39.852611 inf 11.876423 inf inf inf inf 5.465562 16.997992 inf 57.941487 inf inf 25.996594 42.612189 inf
19.845307 inf 64.305100 inf inf 14.094675 inf inf 32.779218 inf inf inf 55.925272 inf 8.421136 inf inf inf 95.280402 71.470718 43.166685 inf inf inf 23.871698 inf inf inf inf inf inf inf inf inf 12.567843 inf 68.434311 47.617910 14.416797 67.703968 19.364771 inf inf inf inf inf 57.571345 inf 36.965949 inf
78.993262 6.608477 inf 4.632435 inf inf inf 37.691421 inf inf inf 10.026742 inf inf 27.037540 inf inf 32.347108 inf inf inf 68.729476 inf inf inf 81.920640 inf 4.242330 inf inf 99.562636 39.249713 inf inf inf 33.140025 57.839750 74.805935 inf 19.918176 inf inf inf 38.716418 inf 66.374963 60.936503 43.099739 62.695050 inf
73.967697 inf inf 12.060541 14.118385 24.668964 14.627969 28.172828 66.205347 inf inf 24.681533 83.328376 40.517792 85.469222 inf inf inf inf inf 88.760798 inf inf 41.647905 inf inf inf inf inf 50.625595 inf 87.285560 35.534857 inf inf 68.139862 inf inf 21.284303 inf inf 98.351381 89.387213 72.636614 inf 31.662829 70.219752 39.181796 inf inf
86.414164 inf 21.553389 75.154640 inf inf inf 90.932566 33.716637 51.978946 92.046964 43.262239 inf inf 61.311199 95.728997 87.804019 84.899997 inf inf inf 86.052475 90.599898 inf inf 63.776184 66.568693 81.193570 inf inf inf inf inf 81.035202 32.217508 inf inf 49.625329 86.689005 1.705625 95.092208 75.381007 5.188803 inf inf inf inf 80.348052 inf inf
inf 62.531451 35.440995 98.347578 inf inf 50.401611 inf inf 74.124404 inf inf inf inf inf inf inf inf 15.450026 34.120951 inf 21.301117 25.533857 inf 4.802100 inf inf 72.583126 98.668975 inf 7.553593 60.352447 29.817033 24.408090 inf inf inf inf inf inf 83.133282 inf 13.417262 inf inf 48.390253 inf inf 56.280168 53.497585
73.067384 inf inf inf inf 83.852374 inf 44.537261 inf 9.397921 inf inf 62.817134 inf inf inf 76.539154 inf inf inf 51.054541 84.064735 14.368594 inf inf inf inf inf inf inf inf inf 39.080879 52.515027 inf 99.931815 inf inf inf 55.051663 inf 85.712557 inf 13.421635 94.163764 49.654670 inf inf 5.561054 74.318031
inf 2.971335 inf 28.171425 40.499963 inf 50.974469 inf inf inf 23.985017 inf 87.912677 13.275585 91.523899 inf inf 64.885475 4.565333 inf 3.352802 inf 32.311715 97.599286 26.217462 19.715682 46.264211 65.779521 82.384010 inf 39.399025 inf 87.999758 inf 15.893222 32.943843 inf inf inf inf inf 15.070276 40.010726 inf inf 62.551229 58.204316 inf inf inf
42.596578 22.643833 46.654678 73.279971 inf inf inf inf inf 15.030703 38.729332 inf inf 9.149980 inf 13.731268 60.496787 9.113830 15.897881 inf inf inf inf 16.356640 90.441390 82.857640 20.752321 inf inf 9.554757 97.062640 inf 54.196570 31.405818 inf 40.025865 inf 13.207225 inf inf 36.592749 inf inf inf inf inf inf inf inf inf
inf 96.406900 inf 31.664146 17.952594 9.468496 inf inf 9.838428 inf 65.556889 inf inf 80.100116 inf inf inf 72.685385 inf inf 54.111237 inf inf inf inf inf 98.049805 83.054426 inf 60.180577 inf inf 29.858998 inf inf 10.931472 93.283104 inf inf 3.010213 inf inf 8.876509 inf inf inf inf 43.168380 inf inf
60.713686 inf inf 94.607775 14.556032 inf inf inf 86.796380 inf 76.266076 inf 95.096799 inf 25.452297 33.341159 inf 71.591786 50.003816 5.412277 73.539725 36.392197 52.126153 18.129100 inf inf inf inf 95.587299 inf 8.666042 56.204475 inf inf 8.068487 99.109364 inf 26.808570 59.601539 inf inf inf 99.815987 17.356846 30.148811 8.427079 91.745860 inf inf inf
78.407028 38.128804 inf inf inf inf 6.086193 inf inf 53.444971 83.043165 41.650722 4.925632 39.584779 inf inf inf 2.259201 57.008636 inf 99.344003 2.628250 12.320472 57.804439 inf 99.464446 82.471031 3.722336 inf 44.221313 inf 55.800058 inf inf 98.770695 72.454692 39.466757 inf 34.305020 inf 87.154402 11.467418 inf inf 44.204253 inf inf 28.969434 17.673798 47.057584
inf inf inf 77.330870 inf inf inf inf inf inf 47.491968 49.337716 inf inf inf 7.391605 inf inf 85.851666 17.709216 41.066771 inf inf 92.381586 inf 79.014733 inf 93.796206 inf inf inf inf inf 94.895445 12.224238 inf inf 78.916432 inf inf inf 58.714460 inf inf inf inf 73.726810 70.419460 48.808332 inf
34.144798 inf inf inf inf 98.241061 19.074550 inf inf 75.581771 33.396018 3.732155 inf inf inf inf 19.098948 inf 13.731605 inf 85.046909 inf inf inf inf inf inf inf 92.020724 57.782775 inf 40.789770 inf inf inf inf inf 35.458894 inf inf inf 73.671222 41.535872 inf inf 2.166213 98.182922 inf inf 81.611651
82.549937 inf 55.363381 inf 89.072788 26.242532 inf inf inf inf inf 30.659496 40.320047 inf 36.520738 inf inf inf inf 81.800305 inf inf inf inf 40.245895 inf inf inf inf inf inf inf inf 64.522450 64.138210 inf 82.018099 99.691167 17.800402 inf inf 21.052229 inf inf 54.330088 inf inf 16.562221 inf inf
65.978030 inf 77.246106 inf 17.989309 inf 65.229995 inf inf 45.313774 39.902525 58.729158 inf inf 1.758755 8.833650 inf 51.696031 inf 33.514084 32.631069 54.413218 70.668414 inf 1.033914 inf inf 18.587561 inf inf 18.628370 inf 20.699527 35.573860 47.765792 inf inf inf 99.213911 inf inf 37.050616 inf 26.831707 20.959749 inf inf 58.920138 44.246367 inf
16.275804 94.239341 inf 70.136816 79.821599 inf inf inf 69.300202 inf inf inf inf inf inf inf 55.003472 inf inf 23.538006 56.827849 inf inf 15.503723 24.245362 inf 31.529389 inf 68.312657 inf inf 71.655196 inf 91.283886 13.592728 86.903216 inf inf inf inf 66.667206 inf 26.120290 23.805091 inf 25.496417 33.968111 inf inf inf
28.210482 inf 31.920523 inf 82.654065 87.120943 38.176379 inf inf 42.510992 inf 68.683795 81.336500 inf 30.821610 inf 6.797439 inf inf inf inf inf inf 79.715867 36.899157 55.451929 inf 98.549712 51.176740 13.377073 inf 70.054343 50.580432 62.685766 inf inf 5.970642 84.606152 inf inf inf inf 28.803472 69.108249 inf inf 7.517652 inf inf 68.759902
89.645144 20.538466 inf inf inf inf 98.110889 47.512832 inf inf inf 56.679934 inf inf inf 57.916768 inf 73.421781 inf 13.092081 18.218594 inf 57.721872 inf inf inf inf inf inf inf 66.986123 inf inf inf inf inf 41.693812 23.583497 inf inf inf inf 56.711053 inf 11.851940 inf inf inf 69.993458 inf
