inf 68.059094 56.257102 1.988551 inf 54.979514 inf inf 12.744775 inf inf inf inf 2.006791 inf inf inf 12.862721 inf inf inf inf inf inf inf inf inf 9.382992 14.264214 inf inf 71.159879 71.064125 inf 44.072654 inf 36.353873 49.000720 9.373522 77.209197 inf inf 17.493834 69.757208 inf 48.978212 inf 66.439371 inf inf inf 16.062078 88.905047 inf inf
22.280115 inf inf inf inf inf inf 15.947142 inf 49.213266 6.099019 inf inf inf inf 79.514302 64.508028 inf inf 79.030355 99.517008 29.112290 inf 96.628105 inf inf inf inf 6.055073 50.033305 86.627625 inf 60.473379 76.324302 inf 22.610385 inf inf 80.359206 4.388250 inf 61.450762 46.304675 inf inf 51.874308 41.230049 81.623200 inf inf 61.040114 67.781925 inf 99.603587 inf
54.108842 inf inf 61.679400 inf 89.252388 inf inf inf inf 77.419974 92.619581 31.941309 78.354207 inf inf inf inf inf inf inf inf 5.909051 inf 85.605759 inf inf 6.691931 72.602951 73.725872 inf inf 69.414365 inf inf inf inf 28.018022 61.968694 59.558839 inf inf 65.280087 inf inf 85.224623 inf inf inf inf 88.874002 inf inf inf inf
62.252846 inf 94.616938 inf 38.338740 inf inf 62.267945 inf 34.945522 inf inf inf 92.601793 inf 29.487476 inf inf 55.716599 40.534814 97.614644 46.986653 40.525422 inf 95.952473 98.241266 inf 22.081577 93.227738 inf inf 70.278310 67.885606 inf 57.028350 inf inf inf 74.351243 inf inf inf 55.484165 inf inf inf inf inf 25.801768 inf inf inf inf 70.290057 20.612063
inf inf inf 63.417643 inf inf inf 93.840889 inf inf inf inf inf inf 49.250491 77.488489 inf 11.283792 59.001586 70.582004 77.125627 71.626769 inf 40.113283 inf inf inf inf 69.212381 inf 12.790512 inf inf 48.626789 11.237304 inf inf 61.034671 42.099734 62.560516 35.935277 inf inf inf 7.070454 inf inf inf 96.589888 31.459038 inf 18.952680 inf inf inf
70.811898 inf 73.133278 inf inf inf 53.101952 70.753021 79.446439 33.201621 80.297106 25.270385 inf inf 53.143816 inf inf 21.130423 inf inf 42.128859 inf 62.355960 inf inf inf 27.595052 39.409902 90.397756 24.990381 70.555657 inf inf inf inf inf inf inf 35.410918 inf inf 33.045935 94.737146 inf inf inf inf inf inf inf 6.349763 64.363389 45.574284 62.433727 45.144356
inf inf inf inf inf 19.061501 inf inf inf inf inf inf 29.365207 27.051171 inf inf inf inf 35.989846 35.225696 74.563871 inf inf 71.838386 61.635766 inf inf 52.050637 41.721398 inf 15.829386 38.090746 inf inf 95.536094 inf 8.766940 43.329535 inf 78.560478 inf inf 7.249427 inf 13.480097 inf 38.812730 inf inf 65.908249 inf 50.988015 inf inf inf
inf 56.296870 inf 91.206207 91.929052 49.851443 inf inf inf inf inf inf 21.337724 11.274285 inf inf 9.713468 4.314828 inf inf inf inf 73.591432 33.510417 inf 20.900943 inf 33.922651 inf inf 96.269904 64.852972 inf 66.849264 45.998922 inf inf inf 56.959218 73.661910 inf inf inf 27.980740 2.957617 48.922868 inf inf inf inf inf inf 83.713319 inf inf
37.231009 inf inf inf inf 87.500857 inf inf inf inf inf 75.160938 97.914431 inf inf inf 38.051432 17.002714 inf inf 20.226702 inf 97.389184 inf inf inf 76.671853 inf inf inf 74.419477 inf inf 21.882965 16.046426 70.907224 inf inf inf inf 85.021746 inf 89.563079 inf inf 22.977352 inf inf 28.132541 inf inf 16.322799 29.706454 inf inf
inf 48.785834 inf 61.469794 inf 57.937759 inf inf inf inf 53.977069 inf inf 56.955585 16.861082 inf 32.329967 42.317377 24.585345 97.128014 inf inf inf 49.952334 inf inf 78.385843 99.280694 inf inf 12.475178 inf inf 20.505043 inf inf 23.031121 31.999085 inf 72.852786 61.367452 68.925580 26.448796 47.019508 23.212504 inf 57.931262 64.728296 39.556233 49.544941 12.630420 72.756846 29.523836 37.149501 inf
inf 73.087406 32.077132 inf inf 44.866694 inf inf inf 72.931499 inf inf inf inf inf 64.401779 14.248986 10.537784 inf inf 56.513178 inf inf 16.672629 86.949802 18.208877 inf inf 25.595530 inf 94.197911 98.506208 inf inf inf inf 26.442047 inf inf inf inf inf inf inf 7.589792 7.551726 47.219930 98.488786 inf inf 65.712514 97.276986 90.134502 inf 28.002505
inf inf 39.542764 inf inf 10.303518 inf inf 99.746899 inf inf inf 86.878740 72.762478 inf inf inf inf 75.465690 55.088354 77.343330 inf inf 63.359339 10.739500 15.999250 26.396039 inf 59.512970 inf inf 6.900423 inf inf 53.523032 inf inf 2.385855 2.129975 30.721055 inf inf 90.272282 inf 93.323426 99.473952 24.780805 38.294378 7.525456 inf inf 63.529455 22.003614 32.068052 inf
inf inf 97.371577 inf inf inf 16.390276 70.608016 59.899782 inf inf 22.167692 inf inf inf 96.820712 12.263422 42.369838 70.233710 6.356255 inf inf inf inf inf 2.071093 inf 35.992717 inf 10.109842 29.443281 inf inf 68.480326 inf 90.658766 53.909400 46.125223 25.236451 inf 50.120867 inf inf 96.634059 59.323591 63.359394 inf inf 68.007543 inf inf inf inf inf 24.106496
68.934534 inf 56.981452 65.058926 inf inf 60.000703 59.945176 inf 27.460393 inf 67.086420 inf inf inf inf inf 93.695069 inf 97.500488 80.993001 36.599725 inf 87.111250 14.150705 15.334792 inf 42.417260 inf inf 68.769676 inf inf inf inf inf 78.521771 inf 9.194746 inf 22.222510 inf inf 9.248930 inf 43.360607 inf 19.697309 58.898419 inf 76.322158 68.993143 96.827579 18.032111 98.488146
inf inf inf inf 44.388115 68.405837 inf inf inf 98.129279 inf inf inf inf inf inf 74.152271 inf inf 62.043682 42.726792 99.793742 8.612575 78.301244 inf inf inf inf inf 92.245834 inf inf 17.353803 73.494732 inf 34.140448 inf 72.864241 inf 12.507968 inf inf inf inf 46.419533 5.046574 5.953551 60.704867 inf 15.342080 96.848900 33.374853 inf inf inf
inf 27.967128 inf 44.635338 30.829325 inf inf inf inf inf 15.558973 inf 20.867609 inf inf inf 38.932973 inf inf inf 89.751484 37.756176 1.839980 53.326675 97.929558 inf inf 64.473948 61.327875 inf 8.855282 33.182868 inf inf 91.891554 inf inf 9.956181 inf inf 16.126572 inf 79.221207 73.436898 33.233554 55.879627 83.654003 9.063848 13.976620 inf inf inf inf inf inf
inf 25.118809 inf inf inf inf inf 46.598505 30.981886 55.866414 35.911324 inf 71.611596 inf 7.536650 96.420342 inf inf inf inf 13.506165 inf 84.933160 inf inf 94.517333 inf inf 7.600236 inf 97.805464 inf 83.537634 16.817695 29.678348 13.415533 inf inf inf 50.910278 inf 46.005019 inf 33.453087 inf inf inf inf inf 45.962240 97.224838 29.342301 18.748236 20.414289 61.070400
18.503001 inf inf inf 49.796154 10.888439 inf 36.986567 19.404754 89.571948 59.782878 inf 51.027289 98.242449 inf inf inf inf 24.769763 85.111362 30.161542 inf inf 46.698335 inf 95.018911 inf inf inf 58.422011 inf 87.417124 inf inf 59.658413 48.692556 inf 88.848335 59.719081 inf 43.623327 inf 46.718688 inf inf 20.278565 inf inf inf 30.308223 74.751837 inf 64.810585 37.931663 inf
inf inf inf 61.700931 86.296244 inf 19.602317 inf inf 28.260603 inf 23.360845 89.911612 inf inf inf inf 63.341887 inf inf inf 80.821283 66.952267 5.588298 54.738616 43.714272 43.980317 inf inf 74.342011 44.353856 67.421424 inf 84.508378 inf inf inf inf 40.210676 12.084284 inf 88.131529 32.337035 inf 15.990504 inf 14.808021 inf inf 94.794020 17.754960 9.704526 52.332985 inf inf
inf 80.378766 inf 6.737407 1.711796 inf 34.103228 inf inf 26.459166 inf 25.845159 97.681535 94.728838 94.610079 inf inf 58.102590 inf inf inf 72.919505 inf inf 10.588068 86.218127 55.937447 57.300892 inf inf 55.550259 inf 23.049320 inf 52.681971 80.230696 49.957600 inf 90.384141 66.367465 55.546752 40.938934 inf 35.970141 inf 34.005128 25.915163 15.795378 inf 30.027308 inf inf inf inf inf
inf 87.806887 inf 96.971104 96.125265 33.141030 3.889338 inf 15.010054 inf 76.936530 35.977862 inf 89.383520 10.118153 82.741671 53.588859 63.810995 inf inf inf 40.938600 inf 35.868221 inf inf inf 84.202224 inf 27.500589 61.362455 inf inf 95.014550 88.038972 67.412605 57.226758 75.970045 62.243183 72.537607 inf 53.917404 32.628121 inf inf inf inf 7.309012 inf 7.460609 inf inf 72.065241 90.576812 inf
inf 77.370742 inf 43.993877 15.848638 inf inf inf inf inf inf inf inf 26.984574 96.951813 52.257109 inf inf 36.734347 95.381033 82.760860 inf 64.817979 1.042604 13.008132 7.489115 31.260336 inf 89.296950 46.150146 inf inf inf 65.392856 41.355948 83.336404 98.251330 inf inf 58.274287 89.340053 inf inf 40.064937 inf 47.199571 inf inf inf 40.172049 60.176971 23.398801 inf 46.735418 inf
inf inf 83.512342 20.573055 inf 46.215443 inf 98.044905 63.701670 inf inf inf inf inf 33.755588 81.822588 74.272686 inf 7.949598 inf inf 44.373915 inf 2.748783 72.948746 91.489076 17.517620 inf inf inf 44.866368 inf inf 33.107496 27.208011 inf 29.377317 inf 95.454577 inf 73.268028 inf 19.604275 60.593707 inf inf 89.062593 inf inf inf 46.533414 67.164633 9.855468 inf 44.095164
inf 30.947844 inf inf 7.539817 inf 10.203363 20.707073 inf 39.701817 63.141850 91.694457 inf 30.923220 13.447962 31.459698 inf 26.556124 46.857512 inf 27.450846 34.396670 7.152065 inf 94.420974 2.550283 67.938060 inf 47.215055 inf inf 71.262930 30.880644 inf 72.889810 inf 92.052894 92.410673 64.566598 inf 11.410869 50.921802 inf inf inf 2.651599 28.467717 18.812524 inf inf 11.681305 45.565014 inf inf inf
inf inf 74.041042 37.660817 inf inf 44.570071 inf inf inf 13.836215 80.952909 inf 96.169636 inf 19.646806 inf inf 14.189899 9.216784 inf 25.357974 48.578580 36.543732 inf 40.322218 inf 40.300645 inf inf inf 65.347151 inf 84.910031 57.720097 17.222233 inf 42.299628 inf 97.369524 inf 29.919018 73.381282 inf inf 69.926116 76.313639 92.486471 inf inf 36.090809 inf inf 89.607150 inf
inf inf inf 71.154718 inf inf inf 63.585683 inf inf 69.265222 37.676364 35.697303 80.182856 inf inf 85.539400 54.661401 31.034307 38.363975 inf 97.154645 75.584097 4.354952 27.185611 inf 82.963122 inf 73.908281 17.775977 48.058663 inf inf 70.139360 34.152942 inf 90.487449 6.497723 21.929777 inf inf inf 77.311254 68.678129 33.223525 inf 37.021683 inf 65.702095 76.400093 inf 66.920506 47.443389 11.958239 39.958216
inf inf inf inf inf 13.061510 inf inf 77.830802 82.393016 inf 58.674787 inf inf inf inf inf inf 18.033869 84.289974 inf 36.818577 39.040834 16.582839 inf 66.042243 inf inf inf 96.982695 inf 74.375502 21.968054 inf inf inf inf 30.221268 81.382173 inf 59.019443 inf 93.691206 inf inf 48.890288 58.786454 20.386225 69.402967 74.101248 10.830344 92.604444 inf inf 91.008181
83.202108 inf 59.100718 14.223342 inf 18.443527 60.615029 45.665850 inf 15.564442 inf inf 64.083577 68.154264 inf 75.856761 inf inf inf 44.504975 87.930112 inf inf inf 64.474395 inf inf inf 87.301342 inf 93.472754 inf 96.474786 inf inf 59.346028 inf inf inf inf 87.475037 inf 8.668687 inf inf 8.955446 inf inf inf inf 72.631840 97.747414 inf inf 47.889537
60.817224 18.487132 53.567738 3.579963 81.845289 89.363167 41.930787 inf inf inf 5.531294 37.238842 inf inf inf 50.263243 42.141998 inf inf inf inf 35.831365 inf 85.222636 inf 79.315471 inf 56.462205 inf 45.993322 57.699315 inf 78.373713 40.443612 inf 57.231318 inf 70.869096 7.029194 46.366661 inf inf 41.324536 93.633090 2.712320 inf inf 17.257362 inf inf inf inf inf 45.067852 inf
inf 58.438952 24.864377 inf inf 28.196671 inf inf inf inf inf inf 61.308055 inf 93.793452 inf inf 63.670724 19.988680 inf 26.460890 42.056792 inf inf inf 13.795898 38.430088 inf 2.727352 inf inf inf inf 10.751608 inf inf 3.078684 inf 47.070219 40.092140 inf 50.459754 85.476141 inf 80.864022 58.214096 inf 41.476374 inf 58.730808 inf 32.737596 inf 81.275473 inf
inf 39.887162 inf inf 17.407324 33.634941 7.550268 10.735111 13.081151 92.879714 88.627197 inf 11.500326 30.876028 inf 63.325358 90.195470 inf 78.653411 95.963639 32.152782 inf 52.881718 inf inf 76.480114 inf 83.352995 89.165309 inf inf inf inf 62.333868 2.120769 75.155668 18.446529 5.213636 13.140993 inf inf 71.458448 inf inf 26.945099 77.006978 inf 7.583364 inf 36.998191 inf 16.651081 inf inf inf
20.833005 inf inf 25.047583 inf inf 53.547653 4.561200 inf inf 59.912254 91.209686 inf inf inf 59.781777 inf 42.077859 49.560155 inf inf inf inf 23.276903 77.921082 inf 27.542196 inf inf inf inf inf inf inf 49.039318 inf inf 13.255322 inf 55.302718 85.867027 47.031702 inf inf inf 13.072106 6.359445 59.310473 5.394145 59.369566 inf inf 47.495395 inf inf
20.874368 31.512666 28.399173 64.737968 inf inf inf inf inf inf inf inf inf inf 27.611889 inf 15.199237 inf inf 46.441100 inf inf inf 67.014023 inf inf 46.026073 35.115188 23.430611 inf inf inf inf 6.360265 88.322665 89.480271 59.038487 23.667835 26.757621 inf inf inf inf 49.594281 inf 64.513841 15.638192 93.087563 27.713985 90.941922 87.149794 86.971087 17.570374 inf inf
inf 10.740803 inf inf 91.709344 inf inf 42.717411 6.368055 25.004886 inf inf 9.430611 inf 26.191050 inf 67.291485 inf 49.293963 inf 51.235108 91.937912 34.755619 inf 82.369037 55.856369 inf inf 67.450412 79.951980 60.776851 inf 11.737928 inf inf 58.914788 inf inf inf 10.275552 inf inf inf inf inf 92.060559 66.365606 inf inf inf 26.604849 52.614490 inf 49.784591 inf
15.245819 inf inf 30.147868 35.748900 inf 69.775617 31.841527 72.328862 inf inf 39.905287 inf inf inf 48.409978 23.950143 76.219365 inf 76.693583 44.521487 12.443633 97.823854 33.938915 52.924987 10.014965 inf inf inf inf 35.574389 32.488878 73.431291 inf inf 76.258795 inf inf 60.926017 21.962620 inf inf 87.372192 1.297371 inf 42.395576 inf inf 8.394566 inf 19.023122 inf inf inf inf
inf 14.329651 inf inf inf inf inf inf 88.700989 inf inf inf 32.253159 inf 51.412454 inf 82.424541 42.363334 inf 20.580225 87.170851 42.145336 inf inf 5.271387 inf inf 65.298210 35.862916 inf 21.664626 inf 97.159934 79.327820 22.520935 inf inf 73.645606 1.398252 47.764537 inf inf inf 66.429982 inf inf 57.280836 inf inf 55.198436 inf 28.587612 inf inf inf
72.323577 inf inf inf inf inf 16.189988 inf inf 37.988128 86.302648 inf 13.485325 60.109931 inf inf inf inf inf 8.140249 25.599459 94.747536 1.696724 21.474848 inf 35.811593 inf inf inf 75.507163 61.948699 inf 70.342284 inf inf inf inf 77.392536 inf 99.344834 inf 55.567585 inf 66.250341 16.703399 35.351199 22.226751 86.430377 77.583885 inf inf 20.621586 inf 19.592446 inf
25.427571 inf 72.930822 inf 96.125580 inf 18.512519 inf inf 18.898988 inf 75.404184 17.359806 inf 45.666926 1.893139 inf 45.311462 inf inf 72.587646 inf inf 79.845461 67.923559 75.715032 35.840980 inf 47.106201 inf 54.313945 72.790985 22.065125 inf inf 80.222230 42.700920 inf 37.294098 73.945165 inf inf inf inf inf inf 44.605976 inf 83.843631 68.415453 inf 18.357275 22.300212 inf 97.534763
10.705078 2.207120 96.249351 62.344445 53.368777 44.749925 inf 4.858867 inf inf inf 56.558173 54.749324 7.114429 inf inf inf 1.388559 27.483441 79.798317 67.225437 inf 13.264941 92.714976 inf 75.129964 44.127912 inf 16.424824 86.786374 42.828270 inf 54.555771 inf 83.225132 54.528422 inf 95.567732 inf inf inf inf inf 37.891435 inf 61.902461 27.476127 75.108498 inf 26.662036 inf 89.242018 inf inf inf
67.916463 98.828461 39.952923 inf 14.036041 inf 49.819052 84.897561 inf 50.881910 inf 11.995123 inf inf 64.045840 inf 2.919402 inf 79.233016 62.924096 31.205776 63.095889 inf inf 84.934601 inf inf inf 3.705250 63.620756 inf 61.980312 inf 47.947238 38.044902 92.361765 87.578747 32.491000 inf inf inf 23.816215 inf 97.258415 inf inf 40.200281 inf 61.401813 46.346506 94.261510 68.047053 14.039353 27.062777 inf
inf inf inf inf 99.699513 inf inf inf 72.513935 51.440808 inf inf 92.307615 19.963232 inf 14.449730 inf 23.743323 inf 95.380414 inf 98.153126 61.591911 48.471792 inf inf 82.051645 5.943398 inf inf inf 31.884706 inf inf inf inf inf inf inf inf inf inf 73.980354 84.332861 inf 88.050099 inf 6.092476 20.809440 49.924487 inf inf 93.599735 inf inf
inf 34.810167 inf inf inf 76.640397 inf inf inf 39.046425 inf inf inf inf inf inf 23.528212 inf 68.090976 23.028152 44.277572 inf inf 78.120535 35.676400 inf inf inf inf 18.797083 57.694486 40.332760 inf inf inf inf 96.781522 inf inf 75.019106 inf inf inf inf inf inf 80.546310 inf inf inf inf 25.121254 inf inf inf
73.848288 15.410308 28.771195 32.368122 inf 31.684952 69.497402 inf 41.024807 55.568059 inf 42.721981 inf inf inf 50.845899 inf 69.143862 6.448436 inf 56.410540 inf 64.364073 inf 73.107346 44.727606 38.067193 84.492543 66.162360 78.841322 inf inf inf inf 2.643995 inf inf inf inf inf 26.334147 inf inf inf 51.383545 inf inf 97.343752 inf 8.264382 18.158370 80.252379 inf inf inf
4.921755 inf inf inf inf inf inf 62.893777 inf 61.350074 inf inf 88.140267 51.436253 inf 80.257124 96.446668 inf inf 36.669662 inf 92.044005 70.579834 inf inf 13.618998 inf inf 85.079834 inf inf inf 57.618963 inf 5.642357 73.653314 45.807229 inf 99.506260 51.817065 65.102048 inf inf inf 21.043857 96.422992 inf 26.450241 4.145960 7.221149 inf inf inf 1.893162 inf
inf inf inf inf 58.684460 inf 11.025579 6.516712 inf 91.048729 30.286913 12.113577 70.404270 inf 74.884739 32.768316 inf inf 86.429134 inf inf inf inf inf inf 40.182415 inf inf 71.551289 3.022902 91.685946 inf inf inf inf inf 37.432652 inf inf inf inf inf 38.641585 81.397473 inf inf 19.411175 34.389798 18.511077 43.093204 inf 3.103054 inf inf inf
58.293552 70.144316 48.265093 inf inf inf inf 9.336254 79.177418 inf 12.194931 75.363025 59.871255 56.905172 23.532325 70.567977 inf 75.254236 inf 80.826430 inf 4.334559 inf 8.940237 42.866283 inf 76.485700 34.067058 inf 32.389249 14.886564 32.706143 31.526697 88.177699 68.079469 inf 23.706597 inf 16.980833 inf 41.832502 inf inf 7.548471 inf inf 13.716741 57.527366 inf 73.768255 68.869665 inf inf inf 11.062488
inf 21.201815 inf inf inf inf 61.769349 inf inf 22.917403 36.693285 6.635825 inf inf 61.955970 46.066064 inf inf 67.558908 84.872753 inf inf 62.427096 36.192539 66.460145 54.916869 4.020170 inf inf inf inf 13.136951 65.186222 12.684290 inf 2.275322 97.586771 19.387714 45.735288 35.895925 inf 71.251674 inf inf 67.600868 36.438019 inf inf inf inf 91.270799 inf 83.210239 95.231284 25.483043
80.888721 59.915467 inf inf inf inf inf inf inf 71.169185 4.815900 35.008277 inf 32.784855 16.559922 89.110633 inf inf inf 13.608750 88.719797 inf inf 72.794804 11.280039 inf 85.075935 inf 64.449306 87.901834 79.489227 33.786048 87.348679 inf inf inf 90.292369 inf 48.562893 inf 93.163247 inf 76.950521 76.450020 48.132349 31.353944 inf inf inf inf 89.661864 inf inf 17.709457 inf
inf inf inf 16.304060 84.776959 inf inf inf 67.397643 98.140917 inf 46.780412 92.127123 27.366013 inf 42.911138 inf inf inf inf inf inf inf inf inf 76.587751 37.899131 inf inf inf inf 53.076722 44.901328 inf 26.166362 inf 55.030048 32.995522 inf 12.223999 55.134171 inf inf 62.431495 17.271558 inf inf inf inf inf 22.974315 33.538987 10.324904 inf 78.970484
inf inf inf inf 52.916057 inf 6.465392 inf inf 79.088472 inf inf inf inf 68.006763 inf 34.663676 42.872240 86.502154 23.760477 80.645229 31.116941 inf inf inf 94.562760 70.497260 inf inf 34.862644 89.325712 70.209435 92.487754 inf inf 31.508383 inf 77.633928 16.793894 40.799933 89.480665 inf 91.325789 5.898030 91.134641 73.069486 inf inf inf inf 6.159647 inf inf inf 27.282928
inf 46.457426 45.547024 inf inf 69.411995 inf inf inf 76.568816 93.708721 inf inf 69.850525 57.997733 inf 98.948282 99.165404 49.454347 inf inf 67.866597 57.838349 63.697445 64.701568 inf 22.539783 56.700403 inf inf inf inf 2.305298 10.839489 70.789290 inf inf inf inf 58.580908 inf inf 65.745255 inf inf 18.447052 71.384162 93.327498 4.417997 65.908290 inf inf inf 4.816768 inf
58.279294 71.800005 inf inf 61.066672 99.479469 3.953278 inf 43.503959 44.567861 28.790857 20.354497 inf 51.635071 47.725049 inf 37.699986 inf 58.881951 inf inf 86.541218 55.816929 71.524961 inf 26.450530 25.303241 68.687923 inf 60.045716 76.658043 inf 44.527290 44.557967 inf 62.036728 80.058318 89.074722 97.660602 93.754463 inf 9.238074 42.988681 inf 81.877864 inf inf inf 94.794365 inf inf inf 46.059621 74.771476 77.155868
80.069144 inf inf inf inf 39.661166 inf 52.724234 68.223949 16.299401 82.779448 9.481167 inf 68.851178 inf inf 14.600823 81.430879 22.563418 inf 56.495329 inf 24.591452 inf inf 25.372488 inf inf inf inf inf 16.437826 53.865146 inf inf inf inf 38.614533 inf 2.632599 64.257971 inf inf inf inf inf 66.124089 inf 17.465655 inf inf 36.939396 inf inf 10.240026
inf 61.233585 inf 96.997494 inf 66.300651 inf inf inf 65.350798 inf 48.504430 inf 31.520954 inf inf 47.413402 42.277811 inf inf 9.525438 15.679321 inf inf 73.775778 60.576428 inf inf 75.571148 42.291614 inf inf inf 76.833817 inf inf 42.298253 inf inf 97.559412 inf inf inf 38.212340 inf inf 92.133709 51.284613 inf inf 96.319606 64.341832 inf inf inf
inf inf inf 67.380988 inf 24.431180 inf inf inf inf 8.313077 inf 67.832021 15.226263 inf inf 94.741304 inf inf inf inf inf 38.641501 inf inf 69.796602 69.685635 82.062457 inf inf inf inf inf inf inf inf inf 70.748740 inf inf inf inf inf inf inf 6.581213 90.146965 inf 29.089042 76.724030 inf 86.020507 27.270116 inf inf
