inf inf 50.176888 21.707229 inf 75.320686 2.426836 inf 21.886012 inf inf inf 28.250458 94.071819 inf inf inf inf inf 61.111864 93.189739 96.961666 inf inf inf 6.583521 35.946945 62.634494 inf inf 1.059200 inf 53.665294 31.384092 inf inf inf 90.983093 inf inf 61.443695 inf 92.842839 39.108517 inf inf inf 7.236196 21.393618 inf 8.997854 inf inf 24.743398 inf inf 56.538107 inf 85.593072 32.557417
inf inf inf inf 29.243551 94.490231 inf inf 21.447478 39.251633 inf 81.311309 99.372359 inf 28.431708 inf 56.525495 inf 23.513751 46.302646 50.427909 96.967595 inf 51.034168 inf inf 38.025239 inf 62.156044 17.755109 inf inf 61.147093 inf inf 12.903876 inf inf 64.174496 75.053125 46.096244 35.909965 48.326672 inf inf 77.314433 inf 49.075686 80.034258 71.888084 inf 83.738870 inf inf inf 15.011905 45.822418 94.213464 29.700900 23.658696
92.002942 inf inf 91.489421 40.031332 91.547166 32.658119 29.543072 72.089935 95.215369 96.341927 69.391518 inf inf inf inf inf 44.286586 inf inf inf 96.905950 3.588719 54.926974 32.147278 inf 66.204708 inf 74.202833 17.659394 58.704455 inf 72.277494 93.843584 inf 91.479549 inf 53.783090 63.810433 inf 67.349927 inf 51.331697 96.976783 inf inf inf inf 61.334773 inf 49.237385 15.932469 53.429178 inf 60.551098 inf inf 11.153049 inf 43.489268
80.068427 inf 81.853292 inf inf 89.725308 inf 75.780518 99.141846 inf inf inf inf 23.188713 81.773839 inf inf 7.761224 inf 59.096415 37.267231 inf inf inf 75.315240 89.657776 67.416472 81.387338 inf 3.929650 4.555975 60.349580 inf inf inf 1.152477 49.298471 inf inf 21.057017 inf inf inf inf inf inf 7.281621 inf inf 49.656281 inf 98.829121 inf inf 70.224791 28.794636 38.584678 2.019119 inf 50.144156
inf 63.515922 32.693318 inf inf inf 64.315676 56.681832 inf inf 27.659988 83.867090 inf 99.614821 inf inf 63.799031 91.479804 80.298206 inf inf 85.368184 94.463878 75.372672 2.189406 69.547108 4.924009 inf 78.439862 10.414572 95.239443 2.741388 65.534196 inf inf 23.387957 inf inf inf 45.848641 89.471032 inf inf 12.579631 inf inf inf inf inf 54.363244 inf inf inf 73.652532 inf inf inf 76.039674 inf inf
78.343065 37.798142 16.204738 74.650298 inf inf 27.530459 92.095877 69.725767 63.408111 79.362157 33.083729 22.934516 inf inf inf 38.238996 inf inf 2.469287 70.811277 inf inf inf 25.831706 51.523645 inf 35.535113 19.925940 inf 88.948057 inf inf 99.900307 inf 87.589113 66.287847 93.676158 89.034584 inf inf inf inf 83.332626 inf 51.602733 3.480258 inf inf 53.877893 inf inf inf inf inf inf 43.709918 inf inf 19.600642
25.895148 inf 68.897204 inf 43.758341 57.372079 inf inf inf 49.819419 98.285423 inf 90.496499 inf 71.846481 87.289580 inf 59.764233 inf inf inf inf inf inf 22.342015 54.219720 inf 98.142418 inf 36.791484 18.436027 inf inf 40.920378 inf inf 98.018441 89.304344 97.556277 97.484885 inf 57.665565 inf inf 84.495340 64.933470 inf 76.426845 37.432189 inf 48.852319 inf 37.175897 13.389679 57.224085 inf 4.162057 13.846473 inf inf
inf inf 93.008037 12.797411 78.443941 32.294918 inf inf 62.395421 inf 25.281513 61.235553 inf 96.001470 23.341167 inf 24.228467 inf inf 40.934184 68.164701 inf inf 32.628393 94.816226 inf inf 74.112882 40.320816 24.283037 inf 51.661468 78.857163 95.419099 42.935015 65.674840 inf 56.950259 27.636466 inf 53.075401 inf inf 95.854633 99.358999 41.016058 88.231387 54.817815 71.005243 14.430599 63.166002 inf inf inf inf 78.451185 inf 23.108417 inf inf
43.438968 41.789622 36.690799 21.580360 inf 78.648684 inf 52.239824 inf inf 17.066479 26.808754 inf inf inf 86.915871 inf inf 42.689856 inf inf 54.436910 inf inf inf inf 6.253270 inf inf inf 60.479816 inf 4.756121 inf 56.222167 inf 36.831169 inf 72.576028 inf inf 78.078024 inf 59.473645 96.129437 inf 48.529871 98.719107 inf inf 14.371485 inf inf 63.291851 31.353436 inf 6.901683 91.327123 86.375222 inf
inf 42.607353 58.655199 inf inf 60.779314 48.647575 inf inf inf 65.890388 inf inf 7.389042 inf 31.729586 inf inf 41.240067 92.525925 inf 33.504093 55.000912 inf 90.548376 2.095739 27.275780 76.335203 62.333558 inf inf 9.433270 22.791730 inf 94.860827 27.159128 inf 30.595236 inf inf 69.483925 inf inf 84.774475 64.276242 65.161927 52.687786 39.426641 inf inf inf 14.210426 inf inf inf 82.712579 inf 85.124724 30.320610 inf
inf inf 37.438224 inf 63.077112 19.100446 40.853025 65.263400 84.507441 7.720678 inf inf inf inf inf 11.673061 inf inf 68.090653 inf 82.301220 inf 70.913053 58.377610 28.453840 inf 77.223177 36.089768 inf inf inf 10.332994 43.824274 91.562796 inf 42.763092 7.878475 inf 27.813329 inf 99.339372 inf 79.199938 23.457262 inf inf 62.060273 inf inf 50.065811 89.168031 67.925598 62.944780 inf inf inf inf inf inf inf
inf 86.014308 67.047284 inf 99.981328 70.733512 inf 92.641739 97.134841 inf inf inf 84.774587 39.374049 inf 51.117887 3.255440 inf 86.726654 inf inf 95.271746 inf 4.497281 84.806370 36.245861 80.295997 inf 42.235264 inf 42.629994 97.011421 59.017262 inf 10.573001 inf inf 15.992947 7.326711 89.242668 57.070882 86.744028 inf inf 93.275173 89.140203 8.264344 inf inf 46.921600 inf 35.434763 50.805424 69.775541 32.943744 66.666672 inf 59.182323 50.876745 60.595089
61.636471 10.282826 inf inf inf 86.786171 23.166317 inf inf inf inf 35.083868 inf 24.300720 95.797978 80.326719 45.618578 44.737221 inf inf 19.197224 8.087202 inf 76.575396 25.684939 inf 81.786348 inf 2.466308 90.526218 inf inf inf inf 10.913997 inf 98.240784 10.638572 inf inf 7.535529 inf 29.464607 12.351731 inf 22.908014 60.857782 inf inf inf inf inf inf inf inf 12.838743 74.479258 67.169386 20.912387 inf
44.291718 inf inf 78.631491 82.362947 inf inf 98.004710 inf 8.805112 inf 38.949534 56.315958 inf inf 95.654844 inf 74.493104 inf inf inf inf inf inf inf inf 94.432373 inf inf 7.048203 4.155896 94.161358 inf inf 57.300959 89.184924 28.939272 71.639076 inf 77.865815 35.141343 inf inf 91.953208 inf 18.837063 76.542530 31.648384 68.711575 48.958214 63.546111 inf 77.133499 93.465775 inf 60.113432 inf inf inf 1.225998
inf 56.349991 inf 57.921726 inf inf 14.871073 14.122632 inf inf inf inf 2.442895 inf inf inf 21.211018 inf inf inf 19.594923 inf inf inf inf 44.921568 89.719727 69.038515 inf inf 14.645581 inf 32.164688 inf 14.616161 31.126501 inf inf inf 95.840276 54.770241 inf 28.664440 inf 45.511462 inf 97.170874 47.861807 inf 74.868964 inf inf 24.124298 93.918681 inf inf inf inf 28.998592 61.025229
inf inf inf inf inf inf 5.446008 inf 88.340951 31.998645 34.654735 78.161905 89.599992 21.602680 inf inf 27.889680 42.511271 24.777684 37.702919 6.580280 33.575980 inf inf inf inf 14.173229 16.722738 71.855301 7.970008 inf inf inf inf inf 33.992836 27.357137 58.867095 inf inf inf inf 47.992933 52.864410 50.545618 34.550921 inf 45.901960 83.796831 inf inf 22.782064 56.885573 inf inf inf 58.705725 94.795796 inf 93.913598
inf 31.024556 inf inf 40.431637 95.715019 inf 2.950949 inf inf inf 36.597556 96.290620 inf 98.872024 72.302211 inf inf inf 89.664293 inf inf 41.603416 27.748623 82.769337 33.320896 89.209523 inf 88.703312 inf inf inf 60.066164 inf inf 50.493411 inf 8.219409 86.637422 inf 80.265096 79.878941 92.967967 50.387007 1.134839 inf 57.433413 inf 37.467577 inf inf inf inf 56.458617 51.453230 77.110041 inf 99.181743 8.020993 24.971646
inf inf 17.259511 38.009100 86.004705 inf 98.205583 inf inf inf inf inf 85.845154 23.041706 inf 94.573766 inf inf inf inf inf inf inf 43.100948 inf inf 39.971915 inf inf 23.787914 inf inf 35.369548 9.524364 inf inf inf inf 25.636920 3.277760 94.948470 72.370037 inf 38.308793 inf 42.781610 inf 16.233840 86.814634 11.388495 inf 12.510668 inf inf 97.320128 inf 64.655192 37.047130 16.572641 58.632948
inf 44.447943 inf inf 27.842633 inf inf inf 11.997930 30.610924 55.597512 78.531107 inf inf inf 45.270439 inf inf inf 27.509555 inf 46.079996 62.573486 inf inf 37.218645 97.805373 inf inf 46.108386 75.316677 39.160080 16.690503 12.440178 inf inf inf 98.905858 3.811322 23.585987 inf 70.983964 75.117210 inf 27.386617 inf 4.403929 inf inf inf 93.245426 inf inf inf inf inf 57.691718 inf inf inf
1.216731 95.780482 inf 88.861363 inf 74.918266 inf 55.168316 inf 15.068139 inf inf inf inf inf 68.622287 41.851194 inf 43.330845 inf 58.372263 inf 58.996999 inf 83.749882 22.483040 34.204275 62.343600 inf inf 96.104707 inf inf inf inf inf 3.824885 84.714423 29.035386 88.243504 12.120208 72.109872 inf inf 18.972403 inf inf inf 68.783462 78.790656 44.976506 36.192724 inf inf 50.699285 inf 36.164641 inf inf 15.369867
63.106048 21.231355 inf 73.687582 inf 47.417043 inf 61.611047 inf inf 97.059966 inf 11.095706 inf 21.804488 15.336905 inf inf inf 30.866184 inf inf inf 88.122172 1.693429 44.625379 37.387444 32.109165 71.282806 inf 39.380660 inf inf 37.533602 94.752315 inf 34.881988 76.769005 inf 30.389786 16.900463 inf 3.137345 39.361817 66.388011 24.937035 31.785332 86.574616 80.723399 inf 75.246362 18.258420 inf 99.245798 94.571921 74.183884 35.987764 inf 17.691461 10.175457
58.401103 35.942512 12.435434 inf 62.589309 inf inf inf 19.298594 5.677025 inf 42.296382 1.693920 inf inf 10.841927 inf inf 26.376923 inf inf inf inf 65.701027 62.854911 inf inf 73.818723 inf inf 20.938314 73.263694 4.757997 inf 62.345284 2.141894 inf 94.885465 inf inf inf 69.313100 73.370683 inf inf inf inf inf 4.934658 inf 91.835711 inf 73.220681 inf inf 68.812593 45.569646 inf inf 66.778784
inf inf 85.346856 inf 80.140898 inf inf inf inf 31.623888 81.757014 inf inf inf inf inf 46.190256 inf 59.929478 92.852586 inf inf inf inf 69.571099 47.475491 19.961094 inf 51.701470 inf inf 90.931961 inf 88.967508 inf inf inf inf inf 27.763992 inf inf inf 28.458413 1.353165 69.231754 84.224218 53.300954 6.458452 1.513276 inf 77.197698 inf inf inf inf 90.461483 inf inf inf
inf 1.141043 14.324531 inf 33.660163 inf inf 96.377936 inf inf 51.828762 10.151907 87.737226 inf inf inf 94.450502 35.534065 inf inf 30.718305 14.461892 inf inf 17.971611 47.359247 inf 82.110994 69.149117 54.973835 inf inf 83.986273 inf inf 71.943695 37.775614 51.369159 inf inf inf inf 1.953648 inf inf inf 46.365941 14.469459 28.826295 inf inf 87.193035 38.640904 81.317759 inf 61.723414 inf 37.064082 56.578939 inf
inf inf 39.230133 61.115574 12.296514 64.799314 13.242881 40.866848 inf 16.771184 74.946987 28.352297 76.919168 inf inf inf 37.243436 inf inf 96.161134 91.066915 31.709576 29.809144 1.498387 inf 75.843854 12.684080 68.942136 34.233291 inf inf 73.323769 63.181546 70.765989 4.603159 99.040155 80.257476 83.982986 79.896737 63.137984 inf inf 30.922695 inf 98.892964 inf 55.819748 67.133522 22.961289 99.621333 12.295400 inf inf 66.665623 88.984580 23.649267 inf 16.514617 inf 22.245426
99.367972 inf inf 80.482043 83.434135 83.648598 83.839025 inf inf 20.550161 inf 88.503346 inf inf 28.370612 inf 86.148834 inf 88.735275 3.494089 96.580063 inf 60.844734 72.782782 8.967601 inf 30.232373 inf 72.801000 84.046934 inf 28.892002 16.673178 67.315376 inf 48.071645 inf 38.200455 32.644886 inf 84.249358 89.483909 72.337088 inf inf inf inf 86.262493 62.381425 inf 45.854085 inf inf 69.189475 50.742723 14.872751 inf 10.272865 23.359983 53.264839
90.827941 40.050558 81.896904 82.423068 63.683125 inf inf inf 33.477862 64.565999 11.472592 19.244395 19.700665 85.762901 63.205681 3.310463 91.514034 91.396500 27.791954 43.591101 82.602280 inf 42.692519 inf 80.065100 49.040771 inf 44.459835 inf 35.492181 28.135584 48.271310 17.605311 28.587307 inf 66.223421 28.942316 97.950960 95.599521 59.014825 31.014353 86.607709 inf inf inf 31.123295 92.418032 inf inf inf inf 9.803859 91.537182 28.091061 44.743593 70.707362 inf 28.331133 inf inf
26.147098 inf inf 14.251233 inf 98.846110 99.343756 81.383882 inf 88.884257 42.655761 inf inf inf 74.172596 4.752785 inf inf inf 98.856639 31.186156 20.099427 inf 88.206622 91.119572 inf 55.753291 inf 31.281593 39.154190 inf 99.402045 inf inf inf inf inf inf inf inf 59.488519 16.632348 53.285308 inf 22.143958 inf inf 27.729084 6.907477 inf inf inf inf 60.579956 inf inf 92.798079 37.039633 inf inf
inf 97.378096 78.293688 inf 11.036684 21.315312 inf 60.794452 inf 98.862127 inf 18.836545 95.507368 inf inf 97.281780 12.682786 inf inf inf 51.387754 inf 21.183490 76.914438 87.525203 34.442838 inf 92.763005 inf inf 33.737426 inf inf inf inf 74.483703 40.373763 inf inf 41.130941 inf inf 13.631266 40.790153 29.620364 inf inf 72.108809 64.073137 11.614989 inf inf 59.406655 inf inf inf 50.478235 inf inf inf
inf 80.746633 61.122147 64.536404 23.670806 inf 31.131214 31.290102 inf inf inf inf 67.482021 81.959661 inf 2.299416 inf 81.611431 9.124461 inf inf inf inf 63.060490 inf 51.592900 44.461704 67.068710 inf inf inf 62.808441 97.592757 inf 6.951186 23.996817 inf inf 54.777249 12.821223 74.409467 99.095885 inf inf inf inf 34.210437 2.486159 45.479321 inf 20.776700 inf 27.124663 76.332816 inf inf 61.844284 93.819821 72.637910 49.942080
27.815231 inf 66.539816 87.292619 49.869459 62.932565 12.856412 inf 21.999892 inf inf 20.903704 inf 99.048646 70.729649 inf inf inf 19.733559 57.476496 55.614150 97.831952 inf inf inf inf 24.613866 inf 43.057406 inf inf inf 2.131429 inf inf 2.582646 inf inf inf 39.877618 inf 90.743111 39.308259 inf inf inf 9.935514 33.067534 inf inf 88.645218 25.817490 16.449687 25.998804 inf 15.806223 95.699972 24.301703 inf 92.757723
inf inf inf 56.969561 25.280558 inf inf 48.710852 inf 89.420231 78.951630 50.166804 inf 46.713725 inf inf inf inf 17.829854 inf inf 46.011584 29.240265 inf 98.434377 81.826848 26.332260 51.645893 inf 99.880478 inf inf inf 73.314943 90.586177 inf 83.423406 inf 57.952589 56.606601 inf inf 3.143692 37.878330 inf inf inf inf 28.938363 29.734852 inf inf inf 32.542193 16.665634 98.114287 46.765592 75.490251 inf inf
27.476257 24.244124 50.593759 inf 53.116626 inf inf 33.837226 81.295824 69.489668 29.536966 72.474046 inf inf 30.843595 inf 22.575229 68.253892 90.161803 inf inf 88.791002 inf 50.207908 58.876193 42.756623 55.452744 inf inf 9.343807 31.186022 inf inf 45.247951 9.688748 inf 31.955251 inf 60.388400 19.845662 69.040078 78.305661 inf inf inf inf inf inf 11.404605 98.766763 inf inf 68.874942 inf 73.662124 19.662400 inf inf 92.982993 inf
26.928631 inf 8.469213 inf inf 77.989815 36.783994 5.088258 inf inf 18.123997 inf inf inf inf inf inf 38.877080 71.090269 inf 37.806412 inf 10.922655 inf 79.812786 42.997078 71.168405 inf inf inf inf 30.375989 91.067229 inf inf inf inf inf 54.529287 inf 96.570123 21.912449 inf 28.800188 15.769732 47.764253 11.785770 73.200784 46.841714 inf inf 28.448522 inf inf inf inf inf 69.051689 98.194791 92.587614
inf inf inf inf inf inf inf 57.920713 82.009215 88.865791 inf 17.930749 86.947647 80.632831 18.871378 inf inf inf inf inf 71.105071 53.156842 inf inf 70.820632 inf inf inf inf 27.110256 inf 64.581125 20.298268 inf inf 22.180084 inf inf 98.772177 inf inf 8.082484 71.620696 inf 87.904053 inf 69.384575 inf 44.328948 49.028526 80.904160 inf inf inf inf 26.960327 30.875504 inf 70.814708 13.847497
inf 96.009811 62.563527 40.106666 62.874508 49.920063 inf 14.286044 inf 36.453637 95.834899 inf inf 34.557936 46.419764 39.870250 13.790898 inf inf inf inf 42.627907 inf 96.220926 99.989130 2.618058 83.008599 inf 7.488928 55.570945 41.079309 inf inf inf 29.457654 inf 82.007588 inf inf 71.115292 inf 60.638204 10.647249 inf inf inf 33.941613 inf inf 32.060521 93.135607 inf inf 88.384131 inf inf inf 18.755271 inf inf
inf inf inf 13.383830 inf 30.247645 9.860866 inf 79.674364 inf 43.238649 inf 56.639068 65.017203 inf 10.562759 inf inf inf 96.165024 26.331864 inf inf 90.373876 80.585704 inf 59.667355 inf 61.586833 inf inf 36.900268 38.941017 inf inf 37.340563 inf 11.014259 51.860949 inf 19.154178 inf 37.418993 45.540261 76.988511 1.674431 92.729424 inf 86.449108 inf inf inf inf 63.635885 35.521379 inf 15.000553 inf 47.519150 54.874010
16.130672 inf 83.487365 inf inf 3.740993 26.872689 96.645013 inf 66.198454 inf 73.574846 41.283945 43.640852 inf 74.335550 42.749718 inf 16.726306 83.521712 86.491814 46.655632 inf 28.548935 54.868870 10.372556 74.218375 inf inf inf inf inf inf inf inf inf 81.260673 inf 40.105162 inf inf 25.650408 inf 16.721789 inf inf inf 82.212638 inf inf inf 40.864307 inf inf inf 50.431679 97.703546 69.739281 inf inf
inf 64.893836 72.098713 inf inf 64.194936 16.123911 97.300325 38.431706 inf 92.631236 37.107022 inf inf inf inf 40.130851 79.875986 23.373027 97.252789 inf inf inf inf 27.718411 87.885997 16.510898 inf inf 58.772631 inf 61.977376 62.414167 30.727690 23.239256 inf 24.511235 1.632789 inf 35.777725 44.357087 inf 68.447162 inf inf 29.331105 68.923550 inf inf 74.163085 66.197915 inf 99.594807 5.063564 96.355777 5.939599 inf 96.467709 48.611971 inf
inf 27.265886 inf 24.265555 34.401464 inf 56.101353 inf inf inf inf 10.533417 inf 42.330367 9.042299 inf inf 44.660210 93.661701 92.256769 8.852345 inf 19.789010 inf 70.681613 inf 23.154704 inf 28.558110 34.649529 57.179388 28.123067 14.011285 inf inf 43.541581 inf inf 20.077189 inf inf inf inf 23.304281 inf inf inf inf 69.491748 62.305226 44.828129 inf 32.172991 inf inf 8.429984 inf inf inf inf
29.686288 86.607127 36.122105 inf 59.559332 inf inf 98.983785 inf 27.882251 96.311503 84.341996 22.060326 91.917002 46.849725 inf 4.035908 37.958225 inf 16.578748 84.803194 inf inf inf inf 71.313671 61.418335 92.611823 inf 55.293531 inf inf 30.782759 42.431788 inf inf 17.381711 inf 43.384111 inf inf 53.861292 44.382231 14.242614 inf 71.440034 inf inf inf 46.913329 8.633265 84.148817 41.879338 80.287619 83.484451 36.946192 98.907306 60.647170 inf 62.497569
inf 31.023250 inf inf inf inf 22.377753 inf 20.442136 inf inf 37.789604 inf inf inf inf 85.220086 44.898267 70.016665 14.335180 inf 43.549522 inf inf inf 27.846280 18.627611 83.469758 inf 78.657131 70.232576 inf 15.349186 57.700267 58.790976 63.559445 inf 14.096221 inf inf 96.520519 inf 9.967778 inf inf 70.847904 inf 8.428709 inf inf inf inf inf inf inf inf 61.848295 inf inf inf
18.600638 36.285525 53.050828 inf inf inf inf inf inf inf 16.544795 inf 35.748433 inf 30.762725 32.704743 36.613971 inf 96.944315 inf 39.208707 78.211254 inf 91.172905 76.214602 17.240603 inf 11.540470 23.696349 inf 81.814820 80.111515 inf inf 74.611129 3.819034 89.346806 inf 77.029935 inf 89.660911 63.425792 inf inf 63.555646 64.717560 45.125981 inf inf 38.307187 inf inf inf 39.888630 10.778282 inf inf 40.262102 3.452830 57.221399
73.529892 inf 22.253433 inf 36.132956 21.278754 inf 32.207822 81.373947 4.866103 29.421307 inf 8.076846 94.431766 inf 25.564372 15.154456 77.606125 inf inf 49.105656 inf 98.311035 inf inf inf inf inf 60.594585 inf inf 12.571477 inf 59.167563 inf inf 64.223759 69.738488 inf 87.512606 42.323935 inf inf inf inf inf 24.773753 inf 35.339954 inf inf inf 70.359346 98.609251 inf 35.493357 81.988522 inf 2.198090 89.447187
inf inf inf inf inf inf 99.345879 18.609298 99.308792 33.414810 inf 35.322129 inf inf 97.311753 81.268246 83.253628 inf 42.807064 39.014218 19.923006 inf 91.523867 inf 2.866388 inf inf 20.891746 58.294247 inf inf inf inf 94.654615 56.536626 inf 39.427364 inf inf inf inf inf 83.880748 inf inf inf inf inf 91.880041 2.290162 inf 62.646187 inf inf 43.956428 inf inf 8.611372 65.054031 inf
inf 26.577606 inf inf inf 48.695237 49.551923 41.879273 inf 2.413366 inf 40.040070 64.499187 93.026254 inf 8.152363 inf 77.719077 inf inf 60.068498 inf 4.490817 inf inf inf 87.775738 inf inf inf inf inf inf 58.456211 inf inf 77.797825 inf 42.264388 inf 17.109745 36.909561 9.344521 inf inf inf 27.708165 85.235761 26.398821 inf inf inf 63.459204 inf inf inf 66.483725 8.019908 11.978914 inf
inf inf inf 25.647774 inf 4.721082 inf 57.589385 96.431941 91.772041 63.311317 34.178982 42.661754 34.056173 95.379532 inf 33.042305 inf 50.876849 inf 67.445434 inf 35.193137 67.584855 22.929937 inf 30.759021 inf inf 52.422002 5.245698 inf inf 76.037383 71.277020 74.638877 57.719614 inf 98.794601 inf inf inf 63.920237 31.281429 inf 82.080441 inf 58.163057 inf inf inf 77.765556 89.560094 40.493478 87.250472 48.876093 inf 34.246891 inf inf
72.415524 20.974431 inf inf inf inf 8.660910 90.024236 92.358370 50.303414 inf inf inf 92.782330 27.981439 54.231660 inf 96.257464 inf inf 69.859679 inf 89.818745 35.055639 83.764754 7.339923 inf 96.871719 68.095514 75.987473 21.479768 inf inf 95.528879 inf inf inf 73.019868 inf inf inf 56.304362 inf inf inf 83.432893 28.857420 inf inf inf 20.795893 79.087656 43.356120 inf 30.969836 98.212918 57.434612 28.513748 inf inf
8.687183 39.732626 80.821330 inf inf inf 81.057784 56.014090 inf inf inf inf inf 67.379064 inf 21.273712 23.874064 51.770293 inf 48.742977 13.597471 40.020733 78.764272 16.830429 53.188809 51.971981 inf 78.775185 27.850462 1.727697 inf 91.164529 8.517179 88.026335 17.616508 inf 55.360152 inf inf 59.731229 inf inf inf 45.680927 8.693077 3.408604 inf inf inf inf inf inf 7.874843 99.436244 inf inf 68.708472 inf 98.974928 inf
inf 4.779832 inf 22.963012 22.796972 7.668171 inf 53.278220 inf inf 5.165407 20.587354 inf 58.619079 74.535180 inf inf 98.648624 inf 14.149934 inf inf 75.842883 inf 63.191897 inf inf inf 73.208586 inf inf 71.353537 66.829625 inf 73.896403 28.320641 inf inf 45.138414 54.625463 55.093244 inf 91.528300 inf 23.635397 inf inf inf inf inf 14.626841 inf 92.696023 inf 21.478764 1.557995 inf 92.290634 inf 70.997362
45.599146 inf 75.155271 inf inf inf 54.992539 63.055179 90.472439 inf 9.273078 inf inf 84.552618 inf inf inf inf 38.612980 90.775739 69.372780 43.462089 inf inf 91.990106 89.456683 inf inf inf 21.764428 36.312920 inf inf inf 64.414544 78.924527 inf inf 91.190710 67.394937 99.864791 inf inf inf inf inf inf 12.972657 inf 73.679185 inf 13.009331 8.872676 inf 40.695474 inf 56.079763 96.063778 42.287028 77.391266
inf 58.711732 95.481235 27.198383 inf inf inf inf inf 79.780758 79.673872 3.290126 inf inf inf 28.596921 inf 61.384535 inf 8.328229 5.258594 inf 47.825256 4.013178 inf inf 34.557059 inf inf inf 32.369721 inf inf 65.232139 inf inf inf 9.048788 inf inf 43.417139 inf inf inf 16.159267 inf 63.516403 71.195721 inf inf 82.640252 inf inf inf 76.129008 74.528638 2.406264 inf 46.354903 inf
inf inf 5.359348 inf inf inf 47.161418 inf inf inf 95.636798 10.486782 inf 58.477357 52.380535 25.633192 inf inf inf inf inf 97.396870 inf 51.899752 inf inf 54.027117 inf 7.024805 93.348711 84.013254 inf 32.645270 inf inf inf inf inf 68.007116 59.644189 63.378525 inf inf 2.188616 inf 77.729510 74.250227 38.005656 2.324981 58.844860 45.163356 inf inf inf inf 24.575998 10.684230 3.132159 54.794373 inf
85.223993 inf inf inf 27.357214 inf 63.174058 inf 53.335217 inf inf 9.890745 inf 78.111614 27.933325 inf 83.424917 inf inf inf 58.076616 inf inf 91.407912 67.417352 85.608038 30.184974 35.516618 inf 12.924038 44.469806 26.803844 inf inf inf 92.561255 11.861086 inf 67.333807 inf 27.062057 inf 18.066272 38.703604 inf inf 8.379341 inf 80.592833 inf inf inf inf inf inf 1.577127 20.083318 inf 87.486536 26.543608
inf inf 11.863196 75.460260 inf inf 57.839503 inf 46.952280 inf inf 19.187362 inf inf inf inf 18.242522 12.887617 inf 49.483617 82.388361 inf inf inf 27.997917 96.333042 9.323751 inf inf inf inf 45.691122 95.398098 inf inf inf 40.150684 inf 3.269863 inf 58.346190 inf 22.656309 inf 52.279499 inf 82.512664 5.651920 inf 34.364411 67.206410 63.635475 inf inf inf 76.004310 79.892892 inf 37.400191 6.440190
inf 13.884807 inf 59.786421 inf inf inf 15.506903 inf 19.833931 inf 46.955060 77.778252 84.504977 inf inf 63.780738 inf inf inf 26.176630 32.220246 inf 56.881495 15.446615 66.663875 82.279297 inf inf inf 29.771773 56.793053 85.296795 inf 15.452704 inf inf 4.132194 38.481687 13.378128 63.990763 inf inf 35.070828 inf inf 75.597474 2.156385 inf 62.898864 inf 94.214765 44.641200 34.736284 42.052622 inf inf 82.753588 inf inf
99.845288 16.590874 inf 95.122609 inf 40.518945 48.842257 inf 2.837271 inf inf inf 70.256622 inf inf 18.568396 inf 20.713497 36.353504 7.073400 75.444623 80.926161 56.571975 inf inf inf inf 48.499735 95.966034 39.415327 22.861429 6.542169 inf inf 37.785189 inf 86.777312 26.525204 inf inf 58.656174 34.415054 inf 87.465768 inf 82.120729 inf 6.018203 91.089174 inf 74.751810 60.026512 48.901911 78.429896 47.942251 inf inf 70.111506 23.573088 65.593428
inf 99.872266 19.970327 84.501439 97.791660 inf 38.115529 63.848485 7.788825 69.526669 inf 13.622755 21.359064 inf inf 25.067347 55.161589 78.107382 inf inf inf inf inf 6.137435 22.261624 72.899606 19.977141 73.440882 inf 98.955778 69.271578 85.646817 inf 95.907842 inf 52.841468 inf 74.481183 22.041169 inf 29.039736 inf 4.645625 inf 37.784524 19.406451 74.131614 56.383246 inf 40.976512 64.022656 inf 17.081406 inf inf 11.567158 30.526585 inf 30.378320 inf
63.341700 30.854654 inf inf inf inf inf inf 93.244566 18.353337 inf 50.194516 85.660658 inf 36.159884 inf 95.415953 7.470269 inf inf 83.639651 inf inf 61.013848 inf 38.166715 inf inf inf 79.318919 inf inf 77.741813 19.450374 31.682299 inf 50.472243 inf 53.165536 inf inf inf 48.788157 72.189506 72.497247 49.119250 inf inf 93.673238 inf 11.110838 51.557249 68.156958 57.494335 66.122800 inf 82.022400 80.966605 inf 63.952783
19.027690 43.927395 30.454344 69.306773 inf 93.406970 inf inf inf inf inf 60.029024 inf 30.623047 63.836250 71.541657 54.732622 70.749156 inf 74.741216 66.644900 12.982543 inf inf 41.360636 22.286342 inf inf inf 94.470424 75.550751 inf inf 78.952646 2.596468 inf 84.246039 inf inf inf 37.533826 inf 9.766395 82.448237 inf inf inf inf inf 72.022740 83.432476 inf inf 3.790077 61.950262 inf 56.056411 inf 43.399312 inf
