inf 87.039469 83.987501 inf 5.756082 inf 16.427283 inf inf inf inf 36.450407 inf 63.872347 inf 73.880280 inf 27.582517 inf 44.119621 74.205668 10.918484 inf 19.057937 97.111325 inf inf inf inf inf 52.310444 72.648347 inf inf 63.862246 97.940280 inf inf inf 72.641855 13.545739 inf 61.217604 inf inf 41.366684 inf inf 7.802539 96.939557 79.500375 inf 14.491261 inf 65.059721 inf inf inf inf inf inf 1.157346 13.057891 40.930040 inf
73.273926 inf inf inf 33.033307 78.251313 inf 2.685578 52.333548 68.532616 67.307124 inf 45.991328 inf inf 31.474014 84.068431 32.578890 inf inf inf inf inf inf inf inf 89.273068 84.569801 91.025807 83.854415 inf 37.684563 27.568951 inf inf 38.989841 98.991909 inf 78.684302 9.210681 40.958944 72.397690 inf inf inf 66.104837 8.104341 68.145409 8.687793 inf 8.832134 inf 19.597084 inf inf inf inf inf inf inf inf inf 17.655088 22.593831 inf
65.020848 inf inf 15.920985 69.050288 inf inf 8.170456 1.400578 inf 28.996421 inf 99.817262 76.898130 76.565673 inf inf inf 10.387562 56.958685 59.721928 11.063313 92.936740 inf 61.553252 inf 39.234620 82.337670 inf 19.277128 inf 91.769537 43.122912 inf inf 56.089671 48.129237 43.821574 64.198169 inf inf inf 72.994398 53.976406 36.511738 23.463593 22.334794 27.177511 12.989006 5.611938 96.269760 66.047498 64.877840 inf inf inf 76.830724 inf inf inf inf 60.314662 inf 70.411573 8.266105
inf inf 60.801898 inf 52.607587 65.104633 77.709947 inf 7.919685 77.538189 39.702237 inf inf 13.227808 inf inf 85.172788 inf 5.664415 inf 66.698364 inf 60.388191 9.923978 inf inf inf 7.065182 inf inf inf 87.494780 inf inf 13.475857 70.940431 94.806593 inf inf 75.036810 inf 49.823450 74.543878 inf 10.363651 inf 72.776821 16.467199 88.349063 inf inf inf 87.572319 44.202650 82.900231 inf inf 25.403703 14.733618 38.843808 24.478279 11.351902 38.001200 82.405716 inf
88.412963 76.213119 26.572184 16.397862 inf inf inf inf 15.800467 inf inf inf 76.775300 81.746992 52.569460 63.243903 inf 38.452119 inf inf inf 58.591647 inf 82.039383 99.615852 inf 6.190558 inf 43.024754 inf 28.301843 44.699222 72.368647 68.919612 inf 18.885821 inf inf inf 27.814057 67.999286 inf 24.432495 inf inf 17.022657 66.427596 52.244705 93.432717 inf inf inf inf 14.263214 inf inf 7.661674 inf 6.298515 21.595037 49.300249 17.411175 49.520668 93.722317 inf
inf 48.343325 inf 48.061575 inf inf 89.866090 4.887820 89.808247 inf inf 33.132173 39.298867 inf inf inf 94.401929 13.325054 inf 99.051699 inf 52.059619 48.143101 80.767544 inf 68.144232 20.519472 56.545727 91.250195 inf inf 15.615887 inf inf inf inf 15.517948 95.676112 95.416508 69.727891 15.837081 21.417781 8.091279 inf inf inf 81.121904 inf 57.279341 15.040973 90.333916 inf inf 97.948258 64.937239 9.110303 53.312588 76.946947 inf inf 6.105356 inf inf inf 77.015323
93.932227 inf inf 85.955999 inf 63.035162 inf inf 68.079977 inf 71.040343 inf 86.436514 inf 48.716825 71.991492 inf 90.542971 inf 19.295059 inf 62.676333 inf 27.321737 inf inf inf 81.590551 37.595508 59.173644 inf 36.140737 inf inf inf 39.431094 20.005827 inf inf 99.115230 20.671898 inf 8.957621 53.900578 36.951738 12.691414 32.694289 90.290365 70.169231 77.860314 80.111083 97.415384 91.962407 inf inf 38.088269 50.598484 88.060602 42.406648 79.580701 95.951531 inf 1.473667 inf inf
inf 70.836529 63.835836 inf inf 65.014338 inf inf 14.984406 16.225830 85.685412 inf 50.737353 inf 76.221188 32.440045 77.326532 inf inf 68.309606 9.376934 inf inf 32.724728 inf inf inf inf inf inf 92.561284 inf inf 6.606349 61.760956 46.065207 inf inf 32.197324 33.796490 33.205244 inf 53.660099 16.996280 inf inf 75.981171 inf 5.348931 11.973764 inf 40.325714 57.479839 33.815368 inf inf inf 7.806140 14.152100 inf inf inf inf inf 97.640330
inf 60.443914 24.522088 29.835359 68.899754 9.314182 81.187649 88.548444 inf inf 84.084020 inf inf inf inf inf 57.577363 46.040850 inf 8.905061 13.754683 inf inf 70.901486 17.678012 6.258190 66.663071 33.332406 91.055595 78.207706 27.938030 inf inf 32.557009 3.865666 inf 93.876343 19.708535 48.743460 inf 4.202523 87.574672 inf inf 35.005677 70.541185 50.125718 26.284268 66.021251 inf 67.566473 20.565954 16.661791 inf 51.475894 inf 42.082455 59.497637 inf 89.831435 5.461932 55.508237 6.016895 inf inf
inf 58.408672 inf 32.020339 inf inf inf 93.866464 inf inf 58.706725 27.336008 17.926821 50.822306 77.751283 inf inf inf 25.794705 10.975059 85.016439 83.944558 34.774814 inf inf 38.718800 86.525618 14.067694 62.484205 59.441995 1.301299 inf 32.274650 50.583784 inf inf inf 20.177836 88.149205 7.796519 15.227347 14.148142 inf 34.448462 34.514498 31.543846 97.102372 inf 41.324546 inf 22.259498 inf inf 41.754761 inf 50.133129 inf inf 69.555895 inf 2.662450 17.012573 85.259231 11.018767 inf
inf 24.619716 81.275345 80.756991 inf inf 91.200609 10.322470 16.684042 5.738162 inf inf inf 36.568509 inf 13.806219 65.778081 inf 3.560172 75.595841 54.870477 inf inf inf 84.230336 20.412127 51.796436 inf inf inf 9.319056 inf 95.054965 94.769584 65.324276 24.549693 34.932791 85.982267 inf inf inf inf inf inf 58.150341 24.789693 inf inf 60.065235 94.426672 97.812947 24.369516 78.505592 96.168803 47.729575 59.911155 48.097439 inf inf 19.576098 58.261545 54.030905 44.677903 inf 43.517172
98.002978 inf inf inf inf 25.598412 inf inf inf 76.529149 inf inf inf inf inf 40.456747 23.020365 inf 49.857730 27.734710 inf 79.411990 inf inf 99.005730 31.797788 inf inf inf inf 48.345246 50.915868 10.601814 77.260430 36.343141 inf 20.036596 inf inf 2.190408 14.677577 71.490728 94.308770 inf inf 67.260268 8.903429 86.659290 1.343236 inf inf 4.635961 5.804788 inf inf inf inf inf inf 6.433014 95.147803 inf inf 63.515677 27.537051
inf 12.702574 31.980230 inf 86.142180 65.768890 51.221029 48.102340 inf 30.040406 inf inf inf 9.238162 inf 60.838234 inf inf 33.497687 inf inf inf inf inf inf inf 69.020288 90.292695 85.583216 42.551129 inf inf inf inf inf inf 35.549335 inf 98.480798 12.935989 inf inf inf 76.476472 86.380804 inf 85.600002 10.117943 39.866310 23.251810 80.780613 28.241249 inf 17.482222 31.667161 inf 87.313941 inf 80.788416 inf inf inf 58.259183 inf 55.720546
77.328485 inf 21.010663 73.947694 98.283568 inf inf inf inf 18.981156 37.587901 inf 92.721692 inf inf 70.239032 32.352355 inf 41.144000 66.084686 49.172879 17.653049 95.181997 inf 71.647259 15.124152 inf inf 87.946528 inf 60.343107 inf inf inf 70.004847 inf 38.912980 inf 54.770561 inf inf inf inf inf inf 76.289257 inf 64.108222 63.837111 79.158063 inf 34.215109 41.336050 inf 33.995330 inf 77.328912 65.169793 inf 40.183549 inf 8.670133 15.147194 55.504049 inf
inf inf 42.059890 inf 79.694345 inf 28.974939 98.912150 inf 76.923148 inf inf inf inf inf inf inf inf 10.950185 11.044330 11.513335 50.363259 inf 88.273037 inf 56.599198 63.434848 inf 38.541091 inf inf 94.296312 53.761549 inf inf inf 87.924202 76.864237 inf 68.263281 62.172771 inf inf 31.173622 3.079887 47.061191 2.956908 93.607456 74.192214 inf 16.904264 41.171671 inf inf 74.632564 39.309264 inf 88.947544 27.327246 68.921586 inf inf 72.326644 inf 76.651654
56.876873 50.142395 inf inf 63.836025 inf 7.754044 7.414313 inf inf 2.159733 67.014389 78.740998 81.959379 inf inf inf 75.504922 71.562237 20.238118 46.935915 inf inf inf inf inf inf inf inf 51.818317 21.020887 inf inf 87.990234 inf inf 70.264318 76.105838 67.982042 81.415001 70.831463 inf inf 11.584367 58.937089 inf inf inf inf inf inf 51.226304 inf 16.812118 29.699042 86.975787 96.260231 82.268485 inf 89.672974 inf 39.141719 6.088563 99.222009 75.845248
inf 60.086624 inf 56.341587 inf 49.456634 inf 80.177107 8.533338 inf 31.773264 8.650689 inf 23.711098 inf inf inf inf inf 48.688464 inf 12.987781 inf inf 96.762863 inf 70.089951 36.398382 64.507372 inf 33.888012 8.146164 35.019132 inf inf inf 35.895698 85.732846 37.130647 78.719409 inf 30.317850 26.263592 79.957938 20.113286 inf 35.961537 39.234367 inf 93.342152 15.069305 inf inf 93.717174 64.152210 39.832811 63.911745 54.047249 inf 95.140369 41.410343 inf inf inf inf
33.808667 78.078054 inf inf 83.699673 36.113856 47.641373 inf 7.858264 inf inf inf inf inf inf 55.160676 inf inf inf 66.985534 inf 24.203150 inf 45.297736 inf inf inf inf inf inf 74.803567 inf 78.683488 78.645165 64.118552 inf 21.277649 32.297031 18.430395 inf inf 97.799473 inf 19.462678 11.689870 inf 37.910042 86.665643 26.139144 86.674548 inf inf 75.241715 inf 74.949990 inf 74.473195 inf 21.319342 inf 73.741115 inf 44.638674 45.300111 19.306856
inf inf 47.755939 28.467154 inf inf inf inf inf 12.754828 60.585332 31.659326 99.531011 64.424199 15.182614 37.665614 inf inf inf 33.650816 40.226588 83.324628 inf 98.783151 inf inf inf inf 10.315094 5.838600 inf inf 93.813605 89.233137 45.571501 inf inf inf inf inf inf inf 83.584737 61.011071 95.210346 8.117895 94.116161 inf 76.161550 70.903887 27.311874 inf 91.230458 inf 55.427312 7.598106 inf 24.007732 65.064035 inf inf inf 43.486346 inf 46.693246
22.126210 inf 49.013518 inf inf 99.545841 73.308644 8.769078 58.618764 56.599061 32.163703 18.576081 inf 94.258010 98.248761 63.116873 65.219501 44.050405 78.205987 inf inf inf inf inf inf 30.200064 inf inf 40.471491 7.410175 33.232737 inf 28.922932 inf 81.051206 97.369544 inf 24.744276 inf 99.295370 inf 54.974094 41.799773 inf inf 56.151884 92.830307 inf 74.374978 inf inf inf 91.535162 11.055407 80.522987 13.320504 45.385106 97.503921 inf 69.950675 85.472120 54.000444 inf 90.748175 inf
98.742945 inf 58.249218 28.814263 inf inf inf 57.125030 33.552477 83.211323 31.903529 inf inf 58.525366 92.070801 75.411241 inf inf 47.187624 inf inf 35.204946 inf inf 86.742774 inf 34.148742 52.477640 50.585932 48.629194 28.094091 17.099661 90.390687 inf inf 91.712540 26.307484 25.071482 inf 57.769663 34.072457 inf inf inf 62.538812 79.237679 7.406568 11.027685 30.842352 29.218648 48.638226 33.422506 92.067880 6.693509 43.239266 94.755695 99.114166 91.713368 inf 66.923594 inf 31.501199 inf inf inf
74.866410 inf 74.300244 inf 34.070240 89.030230 98.843306 inf inf 93.980606 inf 70.451307 inf 55.483625 89.527515 inf 14.687454 32.548011 95.909155 inf 31.873136 inf 46.085195 inf inf 75.754384 inf inf inf inf 82.839937 inf 26.493071 inf inf 91.708223 1.433054 inf inf inf 69.249317 32.527912 inf 75.933354 83.894601 inf 17.624184 inf 63.131258 74.199663 inf 51.874382 inf inf inf 54.232823 36.831425 inf inf inf 84.992500 inf 30.256724 27.507289 98.267984
inf inf 17.036965 5.777609 inf 69.162184 inf inf inf 52.827996 inf inf inf 87.274343 inf inf inf inf inf inf inf 37.758039 inf inf inf inf inf inf inf 16.049250 2.757955 54.752231 inf inf inf 36.634966 66.295649 97.089391 50.151184 8.825923 95.903682 inf 1.215420 45.735303 inf 18.919189 93.455805 inf inf 16.304529 23.341488 83.602368 24.663451 81.125523 96.100589 14.720234 inf 9.905699 94.302785 18.682616 82.225356 51.182056 12.928480 inf inf
46.559042 inf inf 8.418101 82.770692 27.310694 67.664051 80.710162 15.313068 inf inf inf inf inf 77.533396 inf inf 20.142344 58.815064 inf inf inf inf inf 76.837665 inf inf inf inf 48.306372 inf 41.716519 inf 59.974333 84.208542 5.789377 89.363124 inf 9.592773 6.479143 72.205820 46.240752 inf 64.141383 inf inf inf 30.031419 inf inf 50.484211 inf 50.280821 79.471179 95.195527 45.528630 4.068365 inf 88.383819 inf inf 80.703800 92.188071 inf inf
82.888755 inf 68.214135 inf 83.251216 inf inf inf 37.670281 inf 55.216538 25.049228 inf 4.400861 inf inf 1.845499 inf inf inf 2.966341 inf inf 22.969224 inf 73.425172 inf inf 48.388307 84.271344 3.410455 25.608605 44.463986 46.800615 inf 84.748889 35.337577 73.633281 5.938821 inf inf inf 89.987616 inf 92.388087 83.028359 8.307959 inf inf inf 8.012252 inf inf inf 65.825991 inf inf 20.658214 26.769483 45.450030 57.066010 39.743290 85.183651 29.042349 49.953184
inf inf inf inf inf 15.051502 inf inf 98.452347 64.939547 42.026708 75.095856 inf 57.974823 22.668087 inf inf inf inf 67.188215 inf 74.588008 inf inf 99.023983 inf inf 60.192191 66.735086 inf inf 11.689514 inf 47.300625 68.112086 3.906181 72.001498 47.836175 inf 31.511515 inf inf inf inf inf 57.095740 72.487086 7.871892 46.308643 53.548018 inf inf inf 11.851040 58.398436 5.701731 inf 60.706058 inf 60.256419 65.079409 inf 40.488591 inf inf
inf 54.690763 55.327720 inf 5.736051 96.991673 inf inf 97.083149 31.057568 27.162990 inf 9.223222 inf 95.440047 inf 85.845628 inf inf inf 84.125541 inf inf inf inf inf inf inf inf inf inf 14.708832 inf 44.237199 22.581307 1.814394 92.838895 inf inf 14.730973 24.411067 inf 17.922618 56.083451 inf inf inf 23.271154 inf 83.945830 inf inf inf 98.141073 23.166321 61.776186 inf inf 10.395166 66.005137 47.804483 47.104259 95.356925 69.137889 inf
inf 56.940773 54.504154 53.679995 inf 82.632284 83.843186 inf 27.390307 44.942858 inf inf 6.904200 inf inf inf 24.184985 inf inf inf 75.425059 inf inf inf inf 14.068060 inf inf 58.467260 57.048166 inf 94.360255 inf 2.435711 5.531340 inf 44.943760 inf 79.375307 31.613424 inf 31.304529 inf 3.172146 inf 42.946570 inf inf 25.292476 69.618783 inf inf inf 28.821580 inf 19.839504 inf 29.294128 inf 20.988012 20.999173 12.151426 95.782976 68.088701 inf
inf 78.403888 inf inf 83.872204 29.707845 94.577981 inf 66.098407 37.047287 inf inf 77.451518 78.268169 46.302349 inf 12.344680 inf 29.028372 91.799729 25.108713 inf inf inf 64.271890 68.241414 inf 62.059140 inf inf inf 11.312363 inf 80.158211 inf 55.866225 inf 97.193862 1.715680 80.026975 78.636907 inf inf 70.351330 38.561894 inf inf inf inf 48.059979 55.078750 92.926015 84.223659 inf 27.963641 1.724657 5.924244 7.111115 inf 50.820285 83.546380 52.304811 inf 61.059055 88.086704
inf 54.495985 30.712416 inf inf inf 60.349083 inf 55.047952 15.431137 inf inf 19.852104 inf inf 17.696170 inf inf 14.236231 66.784463 48.920281 inf 65.210580 22.629673 30.502520 inf inf 22.812788 inf inf inf 49.635784 90.962933 9.716993 48.599231 56.619091 inf 30.500388 76.158492 94.816151 59.736973 56.692721 inf 71.384097 90.473183 42.425095 inf 53.844734 79.168524 71.642642 inf inf inf inf 34.166050 inf inf inf 44.389242 inf inf inf inf 57.196339 inf
40.669943 inf inf inf 71.162706 inf inf 12.823364 87.047695 26.517277 59.478844 18.368633 inf 51.757697 inf 83.765987 15.518988 26.446442 inf 25.881298 2.328977 78.708743 41.107571 inf 30.288269 inf inf inf inf inf inf inf inf inf 93.658781 inf inf inf 48.801990 79.984941 9.718249 inf inf inf inf 70.598177 55.108326 93.390255 inf inf inf inf inf inf 77.165371 16.143048 inf 30.264192 6.531708 64.747145 26.402275 81.821027 inf 28.574616 inf
8.092593 51.069655 97.633079 44.371694 84.408911 4.987771 90.203708 inf inf inf inf 31.197054 inf inf 44.811274 inf 26.425395 inf inf inf 14.925095 inf 2.709998 61.232153 73.483623 56.097446 27.837780 83.547300 46.637423 5.272373 inf inf 86.265318 inf inf 94.723017 47.495107 64.701218 62.215992 inf 6.995983 71.211741 inf 63.943464 90.107456 inf inf 32.567011 60.542769 inf inf 86.576513 9.503295 inf inf 63.356027 76.659210 94.528276 89.350672 34.739481 15.765827 43.345442 inf inf 60.630079
inf 45.975330 71.684217 inf 61.944926 inf inf inf inf 67.430713 77.825531 46.225190 inf inf 27.975792 inf 44.344892 64.309543 43.880921 89.041727 29.428341 17.124763 inf inf 66.071169 inf inf inf inf 75.007585 inf 68.230932 inf inf 98.790898 15.497311 83.724529 81.307461 58.133383 66.283352 91.850431 72.309642 inf 21.996368 inf inf 40.813164 48.084122 98.318418 inf inf inf 68.969616 24.833836 17.945309 38.685160 inf 10.623496 inf inf 56.424956 69.664225 inf inf inf
inf inf inf inf 27.307598 inf inf 84.956053 16.295212 99.442364 22.678379 88.817551 inf inf inf 77.936468 inf 7.347315 43.291770 inf inf inf inf 26.689181 30.518415 31.197652 14.286402 55.404708 54.462755 30.432270 inf inf inf inf inf 77.938360 inf 62.837483 34.421895 6.576857 51.565412 83.259631 inf inf 99.257467 inf inf 84.196706 28.467276 inf 19.646610 56.415313 68.572878 inf inf inf inf inf inf 50.333740 90.872114 87.193010 86.690851 inf 48.507459
69.828232 inf inf 83.407790 inf inf inf 54.412167 28.126239 inf 14.121107 53.561715 inf 73.161994 inf inf inf 95.614709 53.944083 33.069583 inf inf inf 29.319046 inf 40.617387 10.830965 6.752594 inf 61.591185 6.371498 inf 25.897218 inf inf 40.560157 17.040883 46.894628 82.724874 70.583468 58.532854 inf 36.821402 2.050089 inf inf 4.092505 inf inf inf 88.155768 inf inf inf 10.624563 inf inf inf inf 2.565991 inf inf inf 21.569165 94.897683
84.739491 36.185183 3.542597 21.340529 87.949978 inf 98.136644 43.855968 inf inf 56.114073 inf inf inf inf inf inf inf inf 2.369144 43.373513 3.523605 43.270749 86.518566 60.777524 52.278437 91.605360 inf 21.600836 52.371637 inf 81.760632 38.310317 87.403621 70.941426 inf 96.480230 53.683380 75.857148 61.892443 inf 23.357634 inf inf 92.673029 18.747602 inf inf 30.979331 inf 82.676761 inf inf 24.671632 inf inf 54.380090 inf 74.107369 inf 12.473854 inf inf 35.494117 54.907025
inf 39.999807 26.788954 61.733184 inf 82.942061 14.282439 inf 15.341437 inf 51.505813 43.337636 25.396357 6.293510 72.372782 73.102025 45.925099 99.738667 inf inf 65.396159 27.053339 69.393896 10.634893 20.026344 3.373863 21.783713 97.944071 inf inf inf 10.647730 29.436265 inf 40.027097 97.143287 inf 75.498620 inf inf 40.948282 inf inf inf 49.330271 46.953069 37.252446 53.065258 inf 1.939044 inf inf inf 97.124509 inf 59.198673 27.620049 inf 40.193670 48.930896 69.679877 8.298221 inf 7.012883 55.281350
inf inf 40.830020 inf inf 56.722575 inf inf 87.170936 76.423045 12.737929 inf inf inf 47.645008 4.392202 19.381431 66.302747 inf 60.919128 23.050196 inf 57.626492 inf 30.444077 18.396755 inf inf 42.308912 34.093800 inf 35.312763 40.076688 89.291123 74.386019 99.495197 81.215773 inf inf 3.343059 87.873248 17.564439 inf 7.819921 78.180210 inf 92.648635 inf 81.301777 inf 48.239858 56.520130 38.365173 inf 52.866753 46.620803 inf 10.943079 inf inf 76.207143 10.141152 49.143313 inf inf
inf 80.983553 9.495691 inf inf 21.300718 inf 90.197571 64.891315 65.098857 inf inf 73.577249 57.586081 inf 90.000547 79.072520 55.700798 inf inf inf inf 8.668589 37.496367 90.635176 inf inf 84.325036 98.020912 26.279775 3.599451 1.893549 88.147354 85.782205 20.278924 13.091251 inf inf inf 23.329340 5.830760 inf 31.308751 31.345074 56.576482 58.918959 inf 79.497236 inf 24.715121 53.269831 inf 47.081635 inf inf 95.052492 61.429757 83.150424 11.325593 42.104528 inf 91.378741 inf 65.623700 1.513585
94.107112 2.457591 inf 26.843665 44.779820 9.897508 75.367594 56.285819 inf 45.549295 inf 91.979198 55.608398 inf 24.994877 18.907823 85.756429 inf inf 60.357671 27.974335 inf 46.178939 53.079781 inf 23.552890 21.614437 29.623572 63.126477 92.718150 81.804222 inf 32.853436 19.581390 7.914801 84.455599 inf 27.883418 79.258306 inf 77.942694 44.727277 72.482654 inf 85.678697 57.668965 4.929271 90.433872 inf 76.149873 inf inf inf 88.296668 7.127553 82.533041 inf inf 7.862166 53.528674 inf 50.477824 26.738298 77.337309 92.345247
72.948704 89.568049 inf inf 71.296817 30.293521 90.995775 83.259389 59.889328 57.139491 inf 19.785321 inf inf 47.780559 15.482828 inf inf inf inf 37.506401 68.882635 4.162827 55.619118 inf inf 22.117792 inf 86.850782 53.001491 65.575395 65.392968 41.047203 22.098981 53.840339 inf 22.743960 84.330607 20.363886 1.299626 inf 65.677981 inf 17.025036 15.487875 78.105284 inf 1.591587 inf inf 39.055064 inf inf inf inf 78.808256 inf inf 87.113781 8.859588 inf 99.682452 inf inf 94.070862
inf 34.946277 inf 80.820792 inf 8.109549 inf inf 85.799560 58.231509 inf 74.154092 inf inf inf inf 22.347759 42.169408 inf 5.538298 inf 52.188104 inf 51.388722 inf inf inf 99.450168 inf 99.354452 inf 66.640272 74.289903 16.523710 inf 41.001678 inf 96.650191 inf 77.163659 39.149323 inf 18.766310 74.339772 20.051975 66.525757 inf 58.089324 95.972420 97.264352 inf inf inf 50.383131 39.545700 26.132554 64.504072 inf inf 9.077382 96.044753 74.227743 inf 85.979922 inf
13.802139 inf 50.089878 88.770006 38.445055 71.426798 93.363205 40.524956 inf inf inf 99.367100 inf inf inf inf 98.893216 inf 15.538743 9.442295 inf inf 9.349630 inf 53.403632 inf 40.508253 inf inf inf inf inf inf inf 27.261021 inf inf inf 69.856388 48.726016 inf 21.034680 inf 82.698451 inf inf inf 24.586644 inf 87.204480 inf inf 22.477068 inf inf 21.409336 inf 85.281236 inf 95.590113 inf inf 92.720641 inf 51.279830
inf inf 31.093265 inf inf inf 85.082881 16.316477 inf 9.313919 inf inf 83.194108 inf 3.822619 33.319838 23.739046 86.340757 56.849220 inf inf 42.938094 29.055654 64.666161 inf inf 76.806467 89.387149 48.136996 14.265742 inf 48.484801 20.889663 inf 11.293269 inf inf 22.104292 58.695126 inf 76.320257 36.091332 81.598753 inf 78.966071 inf 95.312748 inf 39.748966 45.719705 inf 77.867852 inf 48.413147 inf inf inf 82.360225 inf inf inf 46.338862 inf inf inf
inf inf 18.065325 29.885688 inf inf 88.544854 inf 83.325131 41.807075 83.272466 inf 45.211183 inf 82.061104 33.818267 59.354013 12.348406 16.865697 inf 85.921850 48.789698 inf inf 83.354265 inf inf inf 45.318208 94.612910 inf 46.264641 inf 12.718093 inf 49.731836 46.658542 55.383942 54.675418 3.077086 67.710947 79.881194 inf 97.574886 inf inf inf inf inf inf 29.280118 inf inf 67.196307 62.420718 inf 73.901598 76.136124 17.343754 71.923539 61.520698 57.482160 inf inf inf
23.938522 45.740845 51.443900 inf 45.858837 inf 11.801238 inf 9.324311 27.137626 29.202995 17.134746 inf 83.425716 70.277385 inf inf inf 52.291299 42.528867 3.390058 inf 60.931383 inf 86.491954 29.515531 inf 21.809734 inf 53.026856 77.138797 inf inf inf inf 40.256100 76.049478 inf 38.762741 34.901542 98.746990 55.408419 inf inf inf inf 76.181018 49.984055 68.352734 inf inf inf 59.227182 inf inf 2.105777 1.736240 16.471628 64.592167 inf 67.117205 75.577044 41.933324 inf inf
inf 57.941171 85.585463 7.970552 60.165244 18.783013 76.271031 61.245243 66.371776 63.823645 inf 36.966604 36.560758 inf 34.293643 inf 27.438653 99.691165 64.629528 84.387397 1.503840 60.967552 91.149779 inf 80.576382 12.326041 inf inf inf inf 64.784391 inf 54.080233 inf 13.630527 inf 69.642326 97.032367 inf 5.111230 inf inf inf 85.622657 inf 99.625241 inf 2.976244 94.909070 1.519515 2.121330 inf inf 1.680930 inf 63.346131 inf 43.183615 18.693550 61.973128 inf 60.006357 inf 30.804085 29.306730
inf 35.291263 95.947160 83.121330 61.875975 inf 37.055222 inf 30.929457 inf inf 48.898908 22.414721 51.637730 19.980623 inf 78.899659 25.779423 inf inf 5.975951 inf inf 56.145916 inf 69.437332 55.057152 inf inf 32.823229 15.682871 3.319464 65.983482 17.583101 inf inf 30.201355 inf 5.207194 81.949283 43.179624 53.434570 21.255207 inf inf 91.772206 26.339905 inf inf 75.283927 inf inf 29.775868 56.072722 35.346350 18.065273 83.728004 inf 78.197043 69.034459 19.341992 inf 72.726363 83.652563 inf
49.971238 96.628804 1.031458 63.479340 18.811052 80.835017 33.372918 52.097105 2.115901 2.035506 15.135556 85.453935 55.081077 62.538427 99.776598 inf inf 58.517256 31.665683 49.465989 99.146442 41.045951 inf inf inf 98.628401 inf 13.097026 inf 51.505094 inf 74.995979 3.934414 46.380358 inf 64.067979 inf 73.623885 inf inf inf 4.546918 inf 36.026462 inf 42.210496 98.946252 inf inf 61.913320 39.641810 72.708835 20.367165 inf inf inf inf 5.534534 75.128392 87.157120 inf inf 23.317297 63.723624 inf
62.334441 inf 24.514360 inf inf 87.072201 37.456933 68.823584 inf inf 83.974820 inf 91.612053 40.155353 inf inf 78.024460 75.553875 52.720517 inf 72.035366 2.592909 21.977189 inf inf 10.338214 44.587843 85.486826 63.212864 37.506840 inf inf inf inf inf inf 53.223063 inf 16.117520 92.393165 inf 55.898455 88.965347 77.074814 inf inf 19.286973 98.015668 17.301183 inf inf 16.070159 inf inf inf inf inf inf 54.063942 inf inf 25.415942 17.088621 inf inf
60.012023 36.368149 89.681794 inf inf 24.585439 62.714813 inf 22.520777 64.407920 1.634913 inf 32.306847 inf 14.255834 inf 1.019217 inf 83.260425 inf 35.998028 inf 77.339017 39.523982 59.400658 inf inf inf 42.936580 inf inf inf inf 43.305693 98.751759 44.207227 inf 61.578401 66.164749 inf 26.298212 inf inf inf 10.366766 inf 66.082101 inf 99.166889 inf inf 81.367671 inf 84.510478 inf inf 46.329057 36.981941 81.945526 inf inf 25.646954 69.536063 36.563328 85.858793
inf inf 60.021861 inf inf inf 35.461772 45.075345 31.825395 inf 7.274487 35.966485 16.241195 29.298071 39.596054 54.894392 inf inf inf inf 20.948971 13.012297 42.648572 inf inf inf inf inf 49.104205 inf inf 58.008321 inf 50.678618 inf inf inf 46.847622 inf inf inf inf inf 30.481488 inf inf inf inf 96.889548 28.215981 42.169981 inf 54.768838 inf 69.934041 73.990499 59.459449 inf 49.059601 7.687173 inf 54.956076 34.950953 40.503782 30.622403
46.597974 73.229745 99.045946 20.107922 inf inf 66.371068 67.349895 51.867435 inf 62.059438 80.958354 inf 99.508482 inf inf inf 93.584347 38.729383 68.236360 86.608247 inf 77.139847 97.868074 inf inf inf inf 40.572229 inf inf 34.168744 83.636980 54.415923 inf inf inf 14.794159 96.475740 inf inf inf 35.633353 inf inf 17.340051 inf 80.360203 6.102699 inf inf 10.938251 inf 58.662319 inf inf inf 67.527612 42.878399 inf 56.351323 inf 12.227183 inf 66.228535
inf inf inf 2.615626 8.167062 89.478107 inf 38.071538 inf 76.700698 28.382225 inf 37.643835 inf inf 71.814911 61.217423 inf inf 79.112704 12.832879 inf 53.979534 8.411625 inf 23.942534 92.015601 78.590858 inf inf inf inf 32.022700 inf inf 82.818452 5.896276 inf inf 55.510191 inf 72.228202 inf 11.372553 21.255410 inf 28.750754 25.300049 inf inf 19.354631 inf 34.808487 inf 69.060127 3.119097 26.651129 inf 77.429134 22.712214 inf 84.972628 27.891711 95.886306 87.069115
49.422821 inf inf 1.113436 inf 60.377586 inf inf 30.781001 inf 81.178690 inf 15.424633 83.376017 89.405851 37.886142 22.552380 63.106246 37.970037 37.846208 13.040349 inf 75.229654 7.715209 43.427503 32.674398 69.410712 inf 22.390520 94.643573 66.287374 inf 26.416326 inf 66.960970 inf inf 31.272529 inf 95.330874 inf 82.454301 inf inf 20.629532 inf inf 78.170030 inf inf inf 66.612274 inf 28.277561 inf inf 93.099644 24.564949 inf 97.183000 inf 92.201499 inf inf 68.339424
inf inf inf inf inf 81.877633 21.111400 inf inf 59.039350 68.320401 inf inf inf 49.907297 90.067902 35.588838 inf 24.751014 82.686338 21.762790 11.784766 6.238408 6.352973 inf 80.730240 73.875799 87.704409 12.180406 inf 60.669101 60.372957 50.657117 inf inf inf 94.300711 89.416064 58.448505 4.747534 87.526828 59.053715 89.877748 inf inf 84.407356 14.707499 36.312527 inf inf inf 19.830627 inf 18.855691 inf inf inf 12.260140 61.977213 inf 94.416639 inf 47.143208 inf 4.732772
inf inf 79.189887 inf 59.443975 96.049468 85.630123 inf 98.093760 inf 43.050627 inf 43.654571 86.721829 inf 39.199473 87.448526 28.734638 inf 4.611725 12.652543 99.384514 inf 81.100969 inf inf inf inf 79.090580 inf inf 3.379569 inf inf inf 78.239017 40.063563 inf 34.518109 inf inf 17.186357 inf inf 94.476678 76.296454 inf 28.134934 inf inf 95.734885 93.080996 inf 67.913852 94.460847 inf inf inf inf 4.341534 inf inf 76.831640 18.311865 inf
inf inf inf 72.817098 inf 65.294390 25.028265 65.821619 46.693394 inf inf inf inf 77.228551 99.799427 97.641643 15.075962 inf 17.413239 22.194661 50.321573 inf 91.640216 inf 1.505312 41.047654 inf 66.951667 81.029063 inf 20.669644 93.369773 41.668447 inf inf inf inf 82.271971 31.401377 inf inf inf 92.947847 82.280242 82.854063 63.424280 85.520783 inf 10.699166 inf 91.088839 inf 72.376557 inf 31.270551 27.426152 inf inf inf 4.847768 89.987235 37.253415 73.811494 inf 1.517156
inf inf inf 57.070827 23.859778 inf 19.938539 8.164503 inf 62.177051 inf inf 79.889436 inf 49.621675 inf inf 78.312140 98.529924 inf inf inf 2.992702 21.566166 60.297149 inf 86.616360 inf inf 16.158028 54.215041 68.329921 inf inf inf 5.472307 33.865327 inf 8.170647 93.202993 8.131874 inf inf inf 8.898349 11.555904 19.046877 37.233456 33.157219 37.742659 80.659540 39.401134 32.047868 77.545322 inf 82.361151 inf inf inf inf 66.385764 inf 16.826905 41.372719 70.068197
inf inf inf 13.174520 6.010974 inf 22.221689 inf 35.718152 inf 55.047307 44.996502 inf 36.046026 29.453452 83.888410 25.461697 inf inf 97.198100 32.875316 inf 12.404502 inf 94.906266 18.131787 72.985868 71.251055 49.078856 inf 7.352383 70.795852 inf 64.350350 29.479237 inf 22.086664 inf 38.234828 2.349934 8.472814 47.548488 45.073596 inf 58.320400 inf 9.870839 3.494276 88.639631 inf inf 78.087486 inf 74.072225 98.892949 inf 30.759980 56.082779 inf inf inf 75.724291 inf inf inf
inf inf inf 69.723236 44.857979 68.937485 54.487033 inf 15.258390 45.971299 92.596879 94.214491 inf inf inf inf 39.254597 23.637470 inf 45.379010 inf 69.579429 26.528493 inf 6.252519 83.351228 62.006333 61.613031 62.185813 inf 88.390014 58.656147 33.620394 44.746078 inf 60.228765 64.235766 4.415534 inf inf inf 60.213319 inf inf 27.207578 13.914432 inf 86.784519 inf inf inf inf 34.022628 inf inf 8.328213 inf 31.568579 60.360222 inf inf inf 29.924927 78.762912 inf
77.450442 inf 38.504790 19.065885 97.676652 inf inf inf 38.975062 83.233489 29.282215 inf inf 46.779840 inf 25.688280 inf inf inf 31.808586 47.437604 inf 2.195749 72.159963 66.477598 inf 49.290910 56.330567 42.009577 inf 65.005511 12.097500 23.454741 52.819263 inf inf 51.657436 21.915943 93.654541 87.357286 46.307774 22.544894 inf 6.546173 63.882046 31.837038 96.476296 inf inf 32.864802 74.516167 81.693714 inf 17.789974 81.940514 inf inf 49.239554 inf 33.642603 inf inf inf 82.026781 inf
12.188915 69.115195 inf 84.095569 46.517200 inf 94.182241 inf 97.373025 38.648461 86.665722 inf 57.925876 83.856837 86.405747 13.082057 inf 56.327123 31.370521 inf inf 51.931042 87.637760 7.426583 71.149778 84.243184 5.547159 46.211106 inf inf inf inf inf 12.069056 inf inf inf 58.342260 inf 3.591895 inf inf 98.800515 inf inf 52.244016 inf 49.057862 51.443071 91.392967 93.297665 33.579069 69.084665 48.307513 inf 72.774047 51.480972 87.052492 55.435402 inf 65.783060 inf inf inf inf
86.335375 47.100609 30.854840 29.429044 61.446876 inf inf inf inf 82.675323 inf 25.697894 inf 7.103807 inf 68.567811 inf 24.287865 inf 35.512758 inf 44.312720 inf inf 11.762134 inf 75.169149 94.365482 63.921930 61.915231 11.603885 inf inf inf 24.634080 35.817385 8.145206 inf 9.460996 2.439355 inf 36.429035 inf inf inf inf 79.600391 91.396258 30.535261 inf 48.961086 22.091731 inf 48.296984 inf inf 60.208651 inf 37.508670 inf 1.807153 24.283280 inf inf 71.249655
inf inf 88.985992 inf inf 9.972294 inf 74.481234 inf inf 99.457172 90.123993 6.414889 inf 22.136553 95.654886 inf 80.402817 12.886097 inf inf 50.063902 inf inf 86.783214 inf inf inf 39.504003 inf inf 53.297991 inf 5.202114 71.112286 35.436981 5.269752 inf 30.549482 75.156413 70.968433 inf 20.069239 inf inf inf 99.901797 inf inf inf 99.209441 88.014575 59.246882 64.850889 20.798572 10.806981 inf 81.103129 77.712822 inf inf inf inf 4.956945 inf
