inf inf inf 98.180860 61.593203 35.449500 inf inf 18.057121 66.315089 1.036294 30.009531 inf inf inf inf inf inf 76.221294 45.959604 23.052035 97.615536 80.656681 70.639693 inf 12.350770 30.743225 inf inf 50.933648 83.194211 98.940049 83.342203 14.229613 inf 98.584877 18.173395 inf 15.918049 inf inf inf 11.108893 52.891746 inf inf inf 17.678288 46.100446 16.155526 71.985565 69.969804 inf 62.678024 98.773222 inf 20.306940 70.137622 90.323916 inf 33.829871 inf inf inf inf inf inf inf 2.492763 90.759490
inf inf 49.714455 92.855117 inf inf inf inf inf inf inf 37.632484 67.224186 49.975480 inf 84.149452 inf 61.441085 82.345828 34.025673 15.067125 69.221484 inf 75.282313 73.984208 50.762993 inf 38.836755 7.709145 6.808398 95.357605 inf 72.947298 77.299147 inf inf inf inf 92.809573 88.602991 72.435343 inf 63.028477 64.904259 14.128823 inf 24.862588 inf inf inf inf inf 53.176433 inf inf inf 17.530557 inf 53.675445 42.220586 78.779253 37.960233 inf inf 96.952728 inf inf 6.143363 26.745756 inf
inf 70.072437 inf 78.103239 16.052857 inf 70.605310 87.495467 79.177045 inf inf 55.337460 inf inf 28.767735 inf 96.659353 23.534359 inf 32.195510 inf 46.832300 56.473805 58.492254 47.692688 59.650220 55.775942 43.553402 inf inf inf inf inf 67.219147 inf inf 76.487297 83.425813 16.637138 inf 18.352270 73.456628 93.781067 40.925948 59.015674 inf 80.201664 49.040992 inf 81.341098 62.317819 inf 19.699353 87.669232 71.932536 inf 52.838924 89.759111 inf 39.762952 43.337806 35.449198 inf inf inf inf 94.797946 inf inf 14.257646
4.530321 64.948117 79.488850 inf 78.522986 inf 43.074967 38.275167 inf inf 51.552676 69.501532 inf 86.708258 inf inf 20.694953 inf inf inf inf 94.931527 inf inf inf 72.819256 inf inf inf 42.738485 52.769087 inf 13.385728 inf 33.612469 13.747569 62.862691 inf 12.255198 inf inf 73.689292 80.248660 inf 53.010657 80.354378 inf 4.692509 84.863509 75.431752 23.026813 inf 78.371282 13.654297 inf 83.373118 60.372201 inf 26.364255 inf 72.754899 87.794102 26.175630 51.559371 inf 3.439240 47.265677 42.511924 60.612353 39.122124
88.854271 inf 62.366713 90.798553 inf inf inf 90.510308 37.173657 92.829979 inf 70.474047 82.258379 inf 70.863326 43.360721 inf 61.427583 54.346891 4.114605 inf inf 15.110695 inf 30.837994 inf 95.348217 83.864646 inf inf 58.006906 inf inf inf inf 56.835752 20.697903 inf inf 49.282407 70.699150 79.074208 77.882667 inf inf 52.332026 2.963796 8.179923 inf inf inf inf inf 61.373682 inf inf inf 54.361915 inf 70.769579 inf inf inf 26.461196 32.418116 11.891005 inf 51.349863 inf inf
2.474260 inf inf inf inf inf inf inf inf 71.358970 inf inf 43.143348 inf 47.492909 inf inf inf 40.368139 41.516998 inf 46.431195 26.907723 21.492894 92.326750 inf inf 19.223469 76.797714 inf inf 75.732760 inf 7.578071 83.265705 inf inf 66.096850 inf inf 88.307120 92.819748 inf 59.598117 inf 81.967470 inf 30.547057 inf 45.312089 inf 83.831461 24.445302 inf 13.334738 40.164952 inf 98.842505 55.757443 74.074594 inf inf 83.464332 99.650623 inf 73.627971 inf 5.710789 7.849134 inf
inf inf 70.063685 73.895179 inf inf inf 67.594111 inf inf 53.654957 inf 40.751217 inf inf inf 85.121257 2.943320 inf 12.171909 83.764540 inf 17.250581 inf 30.545497 72.888362 inf 9.383482 30.154565 27.277272 inf inf 59.627297 inf inf 34.148082 1.849676 84.427013 inf inf 41.998390 8.354161 inf inf 83.054349 46.616548 78.388978 inf inf inf 47.540877 87.940941 inf 2.500923 23.228194 21.639424 inf inf 62.703610 20.265879 78.125935 inf 1.958245 42.858568 inf 42.567093 78.176923 inf 5.231734 inf
inf inf 68.561987 50.776063 27.383822 inf 68.863709 inf inf 47.009582 30.900728 inf inf inf 95.443255 inf 90.172307 inf 41.732895 5.272444 inf 43.808727 28.543191 inf inf 55.152403 inf 45.848772 83.069047 35.641259 inf 26.131275 54.960031 inf inf inf 81.960362 inf 75.394835 24.947963 64.382146 99.229768 57.954606 95.052622 50.665741 19.271928 22.923474 inf 99.962495 65.756032 inf inf inf 8.202011 77.191953 inf inf 55.816606 inf inf inf 82.237947 90.744142 90.775056 80.258597 47.221675 inf inf inf 71.750888
52.622985 inf 99.312350 inf 83.730412 inf inf inf inf 83.852638 inf inf 77.336472 62.396145 28.673217 inf 5.587974 inf 42.116560 69.000026 32.434925 53.487491 inf 59.049732 inf inf inf inf 51.413257 13.617949 48.888170 inf inf inf 78.087881 95.425381 44.285651 67.143081 54.013814 inf inf inf inf inf 31.076770 23.786136 inf inf 49.868685 inf 12.986861 inf 54.174810 14.195310 18.975554 19.016402 inf 77.233811 inf inf 46.039059 inf inf inf inf 47.168111 28.661769 12.999837 98.892289 inf
23.425391 inf inf inf 26.844479 44.614893 inf 16.151875 56.374599 inf 52.843207 inf 51.284966 inf inf inf 71.800170 81.538373 39.607228 inf inf 61.730456 55.919858 inf 37.981608 inf 67.351896 inf 97.409890 inf 30.813734 inf 69.020709 75.707610 48.053053 15.636328 inf 56.362884 52.084082 inf inf inf inf inf 45.353114 52.227263 34.432984 inf inf 44.577332 65.432047 inf 31.178095 inf 80.818307 46.022371 inf 85.410410 4.172516 74.419061 56.729298 inf 63.944053 inf 61.811731 inf inf 17.904079 90.740882 inf
3.258840 inf inf 13.121112 inf inf 26.871945 73.580324 inf 76.256591 inf 41.702714 36.572543 16.139016 18.069253 15.873422 inf 70.269229 21.112398 inf 69.118265 13.983096 inf 66.320156 6.811201 inf inf 10.335879 inf inf 90.213883 inf 72.307779 inf 68.319170 30.939587 5.092738 inf 62.858610 inf 77.445565 inf inf 99.876274 56.135297 47.105345 inf inf 30.177085 35.844712 92.168073 31.811852 inf inf inf 83.489429 inf inf inf inf 84.169991 96.539403 16.143313 25.709239 77.057649 84.010346 22.716509 65.665661 inf 53.867985
58.036707 43.100416 26.014959 67.321387 23.905630 inf inf inf inf inf 14.749899 inf inf 82.914045 15.850722 inf 89.740370 inf inf 63.912791 inf inf 62.537112 53.002721 83.659435 51.342109 inf 46.926166 inf 90.795402 6.512100 65.041428 80.812487 13.240271 34.045415 inf 6.582956 inf 32.502399 32.872641 inf 44.498369 66.181695 51.731949 14.158924 inf inf 58.358274 15.221670 inf 80.842721 45.344505 60.772203 inf inf inf inf inf inf inf 24.883455 42.561526 26.972301 71.980281 99.181256 inf 89.655800 inf 84.847272 99.463478
inf 11.826798 inf inf 96.559218 82.638840 94.227657 inf 60.794758 15.821034 38.899281 inf inf 60.076967 inf inf 72.195947 96.205481 inf inf 24.779396 inf inf 41.432024 33.908713 inf inf inf 46.194826 inf 24.877891 17.818440 inf 82.927513 75.117328 inf inf inf 1.285135 97.173589 inf inf 97.571741 62.554138 inf inf 79.340879 54.967431 inf 79.813609 3.539917 inf 5.022297 inf 60.891093 35.584827 inf inf 99.541750 56.906456 inf 3.490769 55.664291 inf inf 64.448375 48.864747 inf 71.262778 47.886744
inf 92.169074 inf 97.867021 inf inf inf inf 23.500022 inf 81.437978 46.273924 5.628138 inf 66.150606 inf 80.955689 14.385717 inf inf inf 63.978956 inf inf inf 51.982078 inf inf inf inf inf 80.581907 10.554482 8.397427 66.420639 22.232401 4.611182 99.422144 33.992930 inf 91.510619 inf inf inf 82.063573 62.442671 80.125240 73.697759 inf 24.513392 74.998272 15.461670 54.364336 52.850161 8.561426 66.435901 inf inf 75.611896 inf 74.303058 77.308639 98.325622 inf 42.612475 inf 2.058361 inf inf 83.731382
inf inf 67.419831 inf 65.765238 31.114151 inf 34.360771 48.840592 inf 17.838793 1.804752 inf 76.835520 inf 50.079871 3.828315 42.415344 inf inf 77.269089 inf inf 19.274072 27.241998 inf 40.343248 inf 27.589431 72.732871 inf 10.293076 88.432974 61.553570 14.516964 inf inf 62.249958 56.478127 77.172881 inf 59.125957 inf inf inf inf 94.705595 inf inf 24.068793 22.430306 56.862028 5.957465 inf inf 54.568093 61.431309 80.957420 inf 94.984427 inf 84.502908 inf 36.316597 inf inf inf 71.289802 inf 69.915934
inf 24.623468 inf inf 30.130237 inf inf inf inf inf 47.633794 inf inf inf 91.726899 inf inf 17.576710 46.030055 10.002066 inf inf 7.213117 11.867521 inf 7.933163 inf 44.655036 inf 46.033314 inf 6.710365 inf 15.249949 37.558492 51.915600 5.490462 inf 84.115981 15.142201 4.431086 51.121791 69.846137 40.284462 61.004949 2.097884 inf inf inf inf inf 19.090754 13.668066 12.501193 22.123399 inf 94.998432 97.954422 55.720288 inf inf 28.544756 inf 59.413543 26.518743 74.149917 inf 88.628944 65.135818 inf
inf inf 73.400732 50.429719 inf inf 38.133777 2.739055 48.806280 76.110178 inf 87.527785 12.898662 21.337963 58.941559 inf inf 81.364929 93.199164 inf 83.312046 89.080673 23.802891 inf 47.646953 5.358292 inf 56.511758 90.295864 inf 92.723282 54.894940 58.366708 inf inf 72.260968 inf 2.083058 1.151999 61.233685 96.594717 18.947304 inf 69.177943 17.599787 77.584734 inf inf 37.818784 inf 80.078130 90.268902 inf inf 1.705372 33.407471 inf inf 6.767287 80.389652 61.261341 52.574689 inf inf 85.905900 46.609736 48.456395 50.090384 inf 76.346833
inf 79.500140 70.920613 inf 17.762328 inf 39.009438 inf inf 60.901865 55.629261 inf 13.331902 32.700415 80.250455 90.746613 89.271908 inf inf 27.914597 23.292564 inf inf inf inf 75.531320 55.915398 inf 76.272187 inf inf inf inf 43.143385 inf 71.093839 inf 5.799570 inf 99.381645 52.524379 36.755608 42.431440 inf inf inf inf 80.150619 41.000997 60.510362 47.534680 99.337949 61.649352 inf 97.531442 97.951570 46.797477 inf 7.161227 80.043434 48.733243 inf inf inf 57.691652 98.756516 99.777331 2.418956 5.727319 74.342421
57.838821 26.529042 inf inf 2.638312 91.239958 inf 17.116416 86.570932 74.556116 13.781226 inf inf inf inf 11.905255 1.923830 inf inf inf 48.925241 72.566500 64.329253 93.621105 inf 19.533309 36.286477 inf 42.763120 88.916277 96.589412 inf inf 80.610590 34.204205 inf inf 18.821106 79.274974 inf 94.369857 9.431013 inf 74.929587 40.048778 29.933027 20.967190 inf inf inf 23.145076 48.625141 90.228838 70.149789 75.187110 83.493320 inf 26.721889 18.009727 97.889964 78.171407 23.322993 inf inf inf 2.556290 43.916757 97.966084 74.308722 inf
68.884412 66.459502 14.521280 inf 58.371591 20.148017 53.058676 72.879604 57.221543 inf inf 1.933914 inf inf inf 64.818089 inf 58.866706 inf inf 38.183860 19.166427 inf 38.654699 67.305316 inf inf 59.085908 inf inf 46.334939 80.682185 9.909110 53.459747 96.472346 27.354969 inf 37.886770 inf 12.487389 inf 76.460171 inf 32.545390 inf inf 16.943260 47.268813 64.588438 37.759941 inf inf inf 78.254686 1.715636 inf 80.978463 31.020696 9.740513 91.981440 37.124977 inf 85.967298 inf inf inf inf 63.246392 58.865623 21.539380
34.506207 7.823728 inf inf inf inf 52.670137 inf 19.309678 inf 58.205890 inf 1.683988 inf 8.735892 inf 37.890663 30.163661 2.695219 65.545975 inf 72.159505 inf 63.224620 inf 62.214230 inf inf 5.591187 1.614536 inf 49.775133 34.648771 45.562700 inf inf 33.912064 inf inf 18.557634 inf 87.487989 inf 64.267303 inf 31.642083 inf inf 10.500867 49.769361 82.034275 inf 16.505748 inf 16.189403 inf inf inf inf inf inf inf 22.246066 59.978368 80.536418 49.807064 60.486881 inf 32.694803 22.811295
7.353300 67.650786 90.561864 24.999118 inf 69.120632 inf 67.370063 64.459832 53.866139 43.675053 inf inf 77.578727 inf inf 52.154498 inf 91.465015 1.508946 41.067590 inf 99.023647 21.208030 41.043126 84.765855 inf inf inf 77.163195 inf inf inf inf inf inf inf 61.896932 65.324068 19.107234 inf inf inf inf 6.537499 27.403313 47.727636 43.670268 inf inf 81.214582 89.416647 37.207712 inf 35.890094 inf 48.688863 inf 34.427439 inf 79.881983 inf 20.232647 inf inf 14.688679 73.604802 91.594816 88.158959 inf
56.680088 inf 21.768285 inf 33.429305 95.237535 35.520946 60.023538 inf 24.723972 inf 41.640742 inf inf inf 64.668474 58.639734 inf 93.335681 inf inf 50.555200 inf inf inf 4.171291 38.114046 36.721374 inf 54.322923 inf inf 58.292795 inf inf inf 4.177560 7.672676 79.634350 inf 7.208600 inf inf 88.252767 47.033303 inf 47.407789 5.501613 inf 71.526215 27.775516 89.823901 44.223887 inf 82.052412 19.711089 inf inf 43.459157 98.123935 42.329862 52.661673 32.104374 65.937004 99.844012 4.882715 14.366148 inf inf 86.573498
22.785736 75.846622 61.400021 inf inf 3.130325 inf inf 76.526203 inf 32.720875 1.371741 14.513755 inf 84.995570 63.429503 inf inf 90.425370 10.933308 53.975193 66.480665 inf inf 8.334688 15.536847 inf 56.605268 inf inf 83.750711 50.145571 inf 89.938277 inf inf 39.836489 6.191405 13.022512 inf 9.353880 73.463348 99.079756 16.434536 inf 44.819524 14.916787 35.291210 inf inf 36.434659 45.701761 65.161513 inf 76.951290 99.418483 66.955618 inf 17.969810 51.842373 inf 75.372193 5.178519 13.521233 36.235002 72.717344 inf 98.977616 60.536283 inf
inf 76.161909 54.642538 inf 82.357131 84.333499 3.852495 inf inf 86.808695 99.950412 92.698274 78.764035 inf 13.922501 inf 66.377010 inf inf 5.505407 inf 59.130872 inf 63.376212 inf inf inf inf inf 60.054178 83.490581 26.569720 33.844113 inf 28.351073 inf inf 6.038251 inf 77.696134 inf inf inf inf 35.110334 5.642774 39.513077 inf 35.976199 inf inf 83.213840 29.557746 51.162017 17.176772 64.579386 inf inf inf 96.643009 79.457776 inf 87.321457 17.452236 inf inf inf 23.854991 inf inf
24.238186 64.163192 39.520269 75.717822 inf inf 56.642045 87.968747 inf inf inf 37.410467 inf 38.126377 inf 11.364081 73.637696 94.671289 84.826475 inf 75.611203 11.924196 60.219786 62.375656 inf inf inf 84.434357 inf 64.353882 95.344151 inf 42.269778 inf 4.684297 72.160253 74.841772 80.429596 inf 74.439894 inf 96.999882 inf 29.749987 25.188170 8.374738 3.106528 47.242525 inf 82.914256 inf 46.874941 inf inf 48.548132 5.743676 92.100088 inf inf 40.809533 inf inf 51.634716 inf 26.551801 inf inf inf 83.695704 inf
86.007042 inf 10.841156 inf 82.070271 inf inf inf inf 93.054252 inf inf inf inf 10.769394 inf inf 88.318763 53.076945 inf inf inf 95.362022 inf inf inf inf 45.743795 34.616455 12.637267 25.847259 inf 5.463157 14.407489 inf 94.645872 inf 89.438551 40.441031 97.525621 22.015497 19.956204 44.782649 67.121940 33.784277 inf inf 26.835045 inf 88.616633 1.058158 20.941934 86.392791 42.297527 inf inf inf 3.117030 19.857104 69.629724 28.610810 inf inf 16.074755 18.125494 inf inf 52.273520 43.290118 34.412161
inf 93.617488 51.693260 inf 86.813040 32.078447 76.574610 69.052429 inf inf 70.205571 30.882155 inf inf inf 80.483904 77.289160 inf inf 70.142922 inf inf 69.809805 84.743817 inf 72.783697 93.577875 inf inf 44.112368 inf 92.152070 17.564853 46.875296 inf inf inf 83.989045 inf inf inf 61.018315 inf 61.758098 76.794908 inf 5.804406 inf 94.871391 62.969592 59.125584 22.318016 66.711594 45.966927 61.406418 inf inf 11.170566 inf 75.079824 inf inf 18.800682 inf 88.438848 inf inf 82.184356 73.018513 52.629797
inf 28.470709 inf inf inf 63.353691 42.889810 77.675063 33.203940 65.656796 inf inf 3.638465 inf 70.785818 inf 36.630687 53.100084 37.416252 inf 63.877419 inf inf inf inf inf 56.634650 inf inf 2.579882 inf inf inf 99.868720 inf 32.696401 inf 29.061732 inf inf inf inf 77.442988 inf inf 93.439072 62.160458 inf 74.033891 inf 6.284656 inf 90.764873 75.048819 39.259826 inf inf inf inf 33.415800 inf inf 73.265759 inf 94.805257 inf inf inf inf 96.054423
74.988518 62.204606 inf 96.490019 inf inf 92.658969 79.546560 67.203578 inf inf 54.812263 inf inf 30.456721 53.908977 inf inf 5.023543 inf 42.678327 10.307310 61.773054 inf 55.446453 83.142344 72.627380 18.950547 11.695118 inf 92.258967 33.736648 inf 73.131370 42.261298 inf 25.540368 86.241328 inf 64.007817 16.849084 99.662801 13.458732 24.113674 inf 77.841528 15.194864 inf 61.395203 91.744996 13.207703 8.577996 inf 1.462817 inf 75.493311 3.634051 86.281829 46.427753 51.891833 inf 84.757044 inf inf 90.164171 97.669225 inf inf inf 7.307823
31.681497 74.244021 inf 63.661345 22.736036 inf inf inf 73.619141 50.167245 71.243490 15.217780 67.878738 inf inf inf 94.195837 inf 41.841893 97.496982 inf inf inf 90.662900 55.424219 8.115775 10.555098 inf inf 68.169540 inf inf inf 64.130427 inf 73.797695 62.335350 73.015867 inf 11.465548 inf inf inf inf inf 77.232574 inf inf 12.969210 94.626661 97.167226 53.166603 50.716855 7.239360 inf inf inf inf 78.889479 96.311423 20.892189 91.384022 79.705667 7.265122 68.115420 68.231149 67.506137 inf 41.334459 84.878527
87.268187 inf inf inf inf 23.220735 inf 6.908600 inf inf inf 45.872963 29.297367 21.028826 45.330959 85.624858 40.345815 inf inf 29.560758 21.220904 inf inf 60.332959 56.777827 inf inf 54.574526 inf 78.739005 inf inf 69.805428 70.783177 65.124303 20.948441 90.827495 87.771638 20.544924 67.247477 77.438850 52.307613 15.120476 23.559658 39.031095 23.280419 1.720341 16.883758 inf inf 13.875397 66.645163 inf 43.687918 76.563257 80.963016 inf inf inf 87.952695 inf inf 25.140245 inf 22.770845 inf inf 70.939155 inf 53.575977
80.557552 98.676561 inf 92.476438 inf inf 5.055331 26.838409 inf 49.429779 6.895572 22.975340 inf 79.769951 36.782860 inf 53.059858 inf inf 60.127910 48.841277 inf 94.091231 inf 92.369723 50.481341 10.966938 93.955223 inf inf inf 42.209224 inf 36.300716 inf 94.693609 inf inf inf inf 38.747152 inf inf inf 60.931846 inf 22.511867 inf 27.099944 62.869556 50.290006 84.970806 15.686884 30.300914 46.568613 inf inf inf 92.351144 14.973858 26.542399 inf 44.284155 inf 63.061076 8.436141 43.531312 inf 82.248795 inf
94.487107 58.834086 74.608732 inf inf 97.837491 inf inf inf 16.338629 inf 12.276738 43.811649 79.475625 42.904683 10.538041 inf 29.298548 3.581584 70.202945 78.167595 inf inf 95.491626 inf inf 85.395748 51.622739 46.937114 75.487278 20.142856 87.474079 99.618448 inf 3.269420 29.115031 inf inf inf 49.957673 24.582142 32.478924 84.196806 71.977203 62.249368 inf 28.089996 49.059647 23.739582 51.801886 28.196794 40.792051 80.582786 65.645595 16.324698 inf inf inf 68.539340 inf inf inf inf 77.723433 45.795351 42.496769 5.271872 inf 59.501635 inf
inf inf inf 95.391736 inf 77.932626 inf inf 17.465972 87.875645 96.770994 9.063899 8.979812 77.439861 24.470310 2.819237 inf inf 26.497909 75.722860 inf inf inf inf 44.373075 79.123860 inf inf inf 39.352700 inf 30.112736 inf 18.505818 inf 32.724515 84.759711 43.507395 41.396939 inf inf 40.325626 inf 38.854295 30.720621 80.229782 60.351106 64.499921 inf inf 48.381701 inf 90.395177 inf 96.464041 inf 93.831840 inf inf inf 50.003713 inf 12.512032 9.922442 99.331107 89.290319 inf 82.213766 38.178034 21.228158
43.693732 inf inf 63.682252 80.788230 inf 50.765294 inf 92.100934 25.530796 57.215233 inf inf 32.728641 inf 53.275751 15.060280 86.077888 inf 69.083606 inf inf inf inf inf 42.407634 13.690865 inf 46.149114 inf 4.536376 19.766244 83.290878 32.289968 84.376125 inf inf 86.314045 50.503185 inf inf 4.654124 68.883626 15.497378 28.226701 inf inf inf 46.764362 54.160387 36.299144 inf 58.088776 50.625707 inf inf 91.029887 59.171450 inf inf 41.450031 25.234566 61.411068 inf inf inf 64.092902 inf inf inf
41.798484 inf 22.209985 80.564600 44.294349 inf 76.895652 4.904666 2.919289 inf 82.618201 60.878535 inf 17.961540 inf 52.826340 inf inf inf inf 90.175476 inf 51.571905 14.264993 inf 3.685136 inf inf inf 91.466546 92.221499 81.627265 inf inf 50.875078 inf inf 2.114301 inf 27.550853 30.697255 87.747041 27.362925 inf 11.780545 64.598052 15.561207 55.845559 69.034250 inf inf inf inf inf 9.450302 66.943757 inf 87.709191 95.893991 inf inf inf 76.408871 inf inf 79.173938 inf 76.522059 inf inf
inf inf 45.929832 inf inf 97.500726 67.226121 inf 49.450408 89.484035 inf inf inf 61.078843 88.133040 inf 80.415621 7.085799 76.995745 38.032522 inf 23.880517 23.216366 56.097264 23.610734 3.902773 41.511949 23.625463 38.082223 25.810353 30.480577 57.553655 inf inf 65.091871 67.750168 27.632899 inf inf 13.552413 89.811223 inf 59.869289 79.929863 43.414068 47.786925 inf 16.684426 7.668976 inf 84.054484 14.914987 9.761373 74.012515 57.883924 78.289540 inf inf inf inf inf 60.391458 13.445501 inf 10.086535 86.843256 93.874213 24.340779 inf inf
86.900988 33.449628 35.964108 67.326891 inf inf inf 74.032357 92.709213 2.651744 63.056616 37.324602 7.318777 32.191044 94.897680 95.427890 20.128258 inf 52.135672 inf inf 86.753429 68.043159 15.049693 inf inf 36.664730 inf inf inf inf 29.906034 inf inf 83.321921 52.099173 inf inf inf 31.849516 43.833562 94.065031 36.301712 40.190784 67.877118 73.708890 81.362024 inf 86.975249 25.159576 72.432869 26.040779 inf inf inf 17.497819 82.650147 93.792597 inf 96.451194 inf inf inf 71.146003 22.772191 inf 43.210993 8.446495 32.502833 inf
inf 52.558912 inf inf 23.004525 inf inf 80.861643 inf inf inf 74.231882 39.405321 inf 90.995666 9.903169 1.009083 13.429676 inf 15.787623 46.359399 82.484123 inf inf 54.543065 78.905527 52.156240 inf inf 2.984195 78.147380 34.577839 inf 5.222149 inf inf 56.167489 47.570994 22.593454 inf 76.255005 inf 79.160738 72.394759 inf inf 40.374551 23.750716 44.262098 inf inf 55.545113 54.509597 inf 30.404869 inf inf 4.797647 55.568049 inf 57.137284 inf 76.070342 27.927585 inf 29.905254 23.258660 inf 19.513892 18.103624
inf 13.125207 15.458221 inf 81.881002 94.933631 2.956874 87.004366 inf inf 61.799699 inf inf 33.498266 inf 30.206074 59.693181 21.802131 40.749124 inf inf inf 34.337935 51.828520 inf inf 69.425709 inf inf 58.884261 inf 8.983472 30.428606 56.249273 inf inf 69.269058 47.306698 25.060604 58.773289 inf inf 9.633791 12.870150 inf inf inf 13.426429 inf inf inf inf inf inf 50.635492 inf inf 95.534760 62.009926 inf 53.539666 inf inf 98.612802 94.648355 inf inf inf 35.075805 10.615042
inf inf 56.800997 74.791910 16.755990 38.715408 42.195722 85.656293 inf inf inf 52.522870 inf inf 68.997714 31.152955 42.255030 72.435467 35.245945 74.883466 33.970611 inf inf 1.258420 inf 65.034219 6.347863 69.014342 inf 50.949436 inf 60.075112 inf 9.267487 78.016880 5.083596 13.540789 inf 74.278751 inf inf inf inf inf 77.817179 inf 22.939713 73.958031 inf inf 28.245549 13.113127 79.900535 93.489428 inf inf inf inf inf inf 31.610569 19.342522 59.320181 86.008943 inf 60.236947 inf 95.755410 inf inf
77.111856 61.546481 59.610007 45.525493 62.853848 inf inf 58.080860 inf inf inf 34.730130 51.575286 inf inf 68.127892 inf 25.215798 inf inf inf inf inf 12.071410 inf inf 55.270692 inf 51.523443 81.712999 inf 98.407535 inf 49.584934 inf 1.352685 38.706700 57.766126 61.674389 98.406283 57.562733 inf inf 54.297464 inf 4.358727 inf inf 94.397994 inf 49.789898 inf inf 42.163651 68.539605 42.117336 inf 37.149278 98.174243 inf 4.868817 inf 25.414006 inf 70.056417 69.202982 73.065556 82.804952 inf 30.193421
56.426611 25.406594 22.215500 inf inf 3.577653 inf 50.467753 inf inf 51.887480 79.750905 88.839307 inf inf 12.235734 76.752678 inf 94.696770 38.445293 83.702632 inf 45.846738 42.831488 inf 70.726709 60.800753 14.491389 inf 56.606999 inf 61.206547 inf 12.769301 81.007534 17.996527 inf 2.910834 95.296477 60.225991 5.853150 inf 66.690592 inf 84.105939 inf inf 46.445634 72.022050 inf 1.730069 inf inf inf 60.766726 28.093757 83.854629 inf inf 15.382564 40.740548 inf 3.739934 75.412300 56.011028 20.195032 39.628091 43.488489 inf 47.764842
inf 80.706917 55.632961 91.345803 inf inf 70.119284 32.516936 62.793401 95.062068 9.055297 38.983657 inf 83.147174 inf 30.732341 60.989828 inf 37.753004 inf inf 84.318154 90.547879 inf 19.875592 88.352097 62.432592 12.902018 inf inf inf 59.217078 91.066871 57.734765 94.684822 78.119182 58.829469 20.884399 32.070138 inf inf 78.151601 inf 84.861123 inf 99.660344 64.587846 56.212570 97.326915 3.019101 inf 16.057223 78.727142 64.693973 inf 53.214811 inf 50.642138 inf 59.751123 35.161338 83.376828 inf inf 83.670190 11.306765 inf 42.948630 87.532494 57.159643
inf inf inf 32.081776 44.165901 68.878756 65.856252 6.955054 82.584347 9.368629 2.938126 inf inf 38.977641 inf 89.788570 64.438062 inf 97.951123 inf 88.769623 5.991876 inf 75.182318 31.793481 6.377804 inf inf 63.057838 73.844043 16.215214 77.514778 inf inf 51.125527 inf 69.977069 58.258370 46.240356 inf inf inf 80.943604 inf 64.518880 inf inf 23.505874 4.005254 37.779085 79.482295 inf 43.653870 inf inf inf inf 84.332088 inf inf inf 65.169012 inf 26.455866 inf 92.417052 inf inf inf 33.266875
inf 99.703637 73.998249 inf 36.456372 inf 24.131607 89.615526 inf 30.734167 inf inf 59.437962 65.999658 64.123479 inf inf inf 50.391256 74.984969 inf 36.852488 63.137657 8.233035 53.579049 72.451242 inf 77.624814 79.045947 79.485209 inf 5.131403 97.285401 76.982600 56.757710 inf 30.988306 inf 64.043591 45.288593 inf 81.358999 inf inf 68.347879 inf inf inf inf inf 95.949289 24.880189 17.152931 inf 15.686353 inf 42.121910 inf 48.103175 13.697527 inf 29.513468 inf 42.452727 42.663129 inf inf 96.302883 inf inf
91.719270 inf 1.932505 29.286306 51.134697 28.758165 inf inf inf inf inf 20.507696 5.551349 47.885782 inf inf inf 30.419489 inf 11.783286 inf 79.028694 88.190363 92.483592 inf 6.361601 15.350076 inf inf inf inf 67.282195 inf 43.322765 38.281783 inf 23.657649 46.155590 inf 85.630130 95.015980 41.533539 inf 99.427378 99.180166 7.320874 inf inf inf 33.522891 inf 68.087518 inf 98.320262 inf 30.467463 3.709051 inf inf 88.694001 36.413393 51.008684 88.515482 inf inf 26.525946 inf 48.619400 inf inf
11.491396 inf inf 12.860069 inf inf inf 68.925342 75.145648 inf 32.281355 87.824149 inf inf inf inf 42.416775 18.713900 inf 71.388207 90.162907 inf inf inf 71.228200 inf inf 34.440199 52.054140 89.201674 88.749319 inf 4.507526 13.313236 inf 53.819250 8.116720 61.355653 17.559104 84.098639 inf inf 57.174972 75.162707 58.784012 14.186420 inf inf inf 55.315882 45.043572 48.190357 2.413417 40.441067 29.557693 inf 44.781772 inf 91.432097 inf 95.297788 inf 36.136208 74.318624 inf 36.387023 19.544309 37.346957 inf 19.374160
41.887590 inf 37.452625 21.836993 inf 1.742606 inf 76.528237 inf 32.592817 27.496625 inf 15.163520 29.416611 23.628667 inf inf 75.705969 inf 41.495888 52.472057 inf 96.959297 inf inf 25.321671 66.710675 23.886011 inf 80.365188 9.492422 inf 27.395591 34.583794 inf 39.445777 inf inf 14.743641 inf inf inf inf inf 23.135635 46.016558 inf 16.796790 68.015732 inf 12.116296 96.616966 19.016975 inf 67.382149 38.266645 39.424207 94.921764 inf 85.013238 93.042612 inf 2.030742 inf 81.048747 80.047368 74.670102 67.471553 80.013970 inf
50.959916 inf 53.929614 80.390845 inf inf 86.443007 inf 47.878580 84.133541 73.719763 34.085899 29.639732 39.491209 45.293441 inf 80.497176 73.207116 25.613035 inf 95.700780 33.969747 45.341601 68.565785 inf inf 62.805037 77.160674 18.078161 73.875951 46.426161 74.672526 19.361706 34.171170 83.155483 93.925522 inf 94.705871 7.344107 inf inf 15.587848 60.211775 81.659191 inf 32.998956 46.319834 inf 45.588623 62.491250 inf 98.953203 86.113722 inf 11.803289 74.906696 inf 36.051739 88.933159 70.158399 inf inf inf inf inf inf 55.073633 58.961024 24.069336 inf
38.402771 inf inf inf inf 9.759037 14.943940 inf inf inf 8.188520 67.243917 inf 67.362349 8.132160 31.196771 54.534796 63.499743 19.903494 inf inf 16.036973 26.263606 94.440208 57.917600 62.051789 29.475480 82.291346 inf 19.237104 93.570286 36.561286 96.064520 90.207224 inf inf inf 77.266244 47.907650 84.426002 inf 95.379052 inf inf 75.047180 inf 88.951043 47.858714 56.306917 92.097539 67.174903 inf inf 60.288844 61.573199 inf inf inf inf 61.434658 inf inf 47.049289 inf 53.123022 2.816974 7.861831 37.906941 inf inf
inf 79.058262 58.119036 53.656594 inf 1.288870 inf inf 33.180429 68.721386 inf 74.294074 82.467109 98.881868 24.248516 25.580744 inf 40.729203 31.323039 inf 13.136642 18.064688 17.859625 43.152207 50.435758 inf 24.494074 73.506545 17.875537 inf 63.027084 inf 80.516303 77.985081 54.010697 61.712080 inf 69.923172 inf 28.320647 inf 82.140719 inf inf 6.134790 98.961600 23.592806 inf 31.837954 81.191117 29.418012 inf inf inf 23.740395 19.076298 99.344105 inf 52.951376 99.252887 23.197241 inf 27.145603 inf 77.444594 inf inf inf 83.546835 44.531160
14.725247 inf 41.396722 30.346515 12.249512 inf 31.990887 32.245629 65.332694 inf inf inf inf 65.121672 inf 89.827128 inf inf 43.139116 49.753981 inf inf inf inf 35.608781 inf 3.199595 60.398118 36.523594 94.659143 54.726867 11.731442 80.658594 87.319050 inf 11.664168 inf 6.714910 inf inf inf 70.333564 5.980067 inf 61.083683 inf inf 56.238991 2.014127 inf inf 7.623913 inf inf 73.696752 54.404559 inf 16.580353 inf 78.535124 48.703357 99.954319 inf inf 4.976643 inf 91.254018 66.371563 47.439076 inf
84.437865 inf 50.300413 inf inf 84.705338 75.782377 54.469805 77.534845 21.914768 inf inf 9.192001 80.619619 inf 57.279430 78.459784 5.845337 89.628929 9.737996 35.842576 71.190196 34.205005 14.079511 54.042870 61.717585 inf 37.569025 29.976559 inf inf 49.711930 24.762529 56.261121 7.323808 inf 30.858748 83.829457 inf 72.541681 87.367591 inf 53.122601 85.935713 inf inf 22.446323 inf 49.633431 39.251371 33.208871 2.267530 68.304316 30.716029 inf inf 17.983397 49.061743 93.090579 98.973181 19.079989 82.741655 97.541959 inf 18.349017 83.282750 75.776730 78.764785 11.758672 93.917514
inf inf inf 97.174020 inf 15.869524 34.660672 inf 10.182098 3.647180 11.645614 inf 83.237141 12.765674 68.650062 inf 4.422238 92.205107 81.102360 inf inf inf 31.121170 55.358888 19.428932 63.517122 inf inf inf 52.068348 inf 24.787176 inf inf inf inf 45.985159 36.181601 53.807068 inf inf inf 29.540262 2.113268 25.725446 inf inf 77.032752 inf 14.817512 28.340204 inf 10.352463 46.662906 inf inf inf 70.777594 69.770533 inf inf 98.147588 87.193803 53.633928 94.565698 4.052609 50.799196 35.494218 32.885592 inf
87.400637 59.458617 66.895876 38.528276 inf inf inf inf inf inf inf inf inf inf 25.161212 24.240873 inf 53.912703 inf 93.097535 inf 58.424829 inf 38.915306 inf 44.264748 inf inf inf 16.880046 inf inf inf inf 61.487717 38.751161 inf inf 21.566854 inf inf inf inf 75.785184 inf inf 71.094541 46.231249 75.364375 9.473833 inf inf 59.844684 inf 87.157424 inf inf 47.536183 79.824319 inf 24.899812 inf 91.996700 inf 7.060088 inf inf 29.187037 inf 13.526607
32.673398 inf 89.465751 inf 64.918320 32.595922 inf 71.958749 7.790221 51.233351 inf inf inf inf 6.328629 62.308491 inf inf 74.437931 50.348295 inf inf inf inf inf inf 1.575127 14.191006 inf 94.410331 inf inf inf inf inf 72.774313 32.589611 inf 12.767530 58.880295 43.419638 inf 24.011644 inf 80.600670 22.438768 inf inf inf 47.153916 73.499153 inf inf 18.951792 37.237728 38.837001 97.348074 inf inf 7.804711 85.025736 inf inf inf 25.342978 inf 41.013750 inf 25.301181 55.695617
19.825586 27.143280 inf 8.613788 inf 60.107138 71.439899 inf inf 66.278474 inf inf 26.078771 57.789399 inf 47.429799 65.236867 73.826086 5.201438 42.026863 inf 90.908051 19.433041 44.994683 inf inf 68.934760 inf inf 80.910481 4.233618 inf 2.653029 7.652854 inf inf 30.184960 inf inf 66.409786 86.001729 inf 15.359252 inf inf inf 11.319735 inf 86.983673 inf 17.881345 inf 45.159323 inf 97.840286 74.009725 89.150723 inf inf inf inf inf 51.930365 69.754522 47.004117 inf 64.495975 2.791017 inf 89.844793
inf 54.795914 37.764233 inf 13.022966 80.147209 24.173499 inf inf 63.397542 inf inf 40.349575 inf 9.315814 inf 81.286954 57.363853 33.707708 23.148283 inf inf 35.644360 47.592854 53.631492 96.112583 94.655174 50.971039 76.138063 19.031262 60.160469 15.472500 58.913683 inf inf inf inf inf 30.845875 inf inf inf inf 80.868934 82.765418 inf 45.400810 58.276113 inf 53.362900 90.493437 54.311739 66.440304 9.202452 89.433276 inf inf 37.565472 inf inf 74.522663 33.104252 inf 85.903781 9.369842 inf 70.105417 inf 89.913646 14.018466
82.210318 8.306196 91.028151 67.343001 inf inf 18.693453 inf 67.052160 97.587228 40.995511 64.629530 inf 18.735539 inf inf 85.032932 41.892740 5.319278 70.195552 inf 7.482642 92.304165 inf 77.808138 inf 50.883898 inf inf inf 19.491923 inf 38.700199 inf 47.365829 43.840219 inf inf inf 10.199382 30.903310 11.103880 49.204142 71.551752 65.842982 inf inf 18.069454 13.582242 72.801014 inf inf 71.304407 80.650617 99.049743 inf 98.679146 76.178697 inf 35.855160 inf inf inf inf 46.793503 27.775208 inf 33.377549 inf 94.076170
inf 99.078041 90.680066 15.712046 inf inf inf 77.484268 inf inf 69.475477 45.715648 80.465698 42.337045 99.695962 83.599421 25.052808 inf 79.047775 inf inf inf 19.836328 10.174905 inf inf inf inf inf 33.512235 32.105384 inf inf inf inf 79.358945 inf 69.586118 inf inf inf 3.796317 inf inf 90.190512 69.043326 94.341446 69.579168 inf inf inf inf inf 59.480934 62.628425 69.135260 inf inf inf 96.153546 inf inf 10.982532 27.608569 43.409835 inf inf 60.893523 inf 18.122305
inf inf inf 71.237031 inf 25.748798 53.348557 74.225945 inf 88.991013 58.802232 49.049135 78.935179 65.226562 inf inf inf inf inf 12.113444 2.222607 72.429198 16.299477 7.273070 7.599976 74.645127 inf 29.003561 71.396559 inf 2.042245 74.275898 98.576008 inf 55.714174 69.573979 18.277747 40.854772 inf 95.238339 inf 11.287026 17.488693 12.161305 inf inf inf 9.112896 18.587758 97.152014 inf 99.473913 55.528876 inf 83.844599 34.132308 41.511343 inf 9.631341 inf inf 4.726872 inf inf 30.541558 71.390622 inf 31.125976 29.932848 inf
inf inf inf 94.010469 87.356931 81.831292 75.968808 19.959859 inf inf 68.937331 61.910085 inf inf 18.412707 82.475829 inf inf inf inf 22.022803 inf 40.316875 24.881296 27.105314 inf 12.323766 inf inf inf 94.248235 inf inf 94.480531 64.015633 inf inf inf 50.845872 94.952442 91.358899 27.550071 inf 9.405311 inf 7.367842 45.721961 inf 1.604718 inf inf inf inf inf inf 36.343228 inf inf 40.087623 28.250234 inf 68.700172 inf inf inf 14.730399 34.079464 inf inf inf
inf 27.089216 inf inf 85.148826 inf inf 67.968912 inf 70.546676 73.862319 70.900410 inf 23.905803 inf 41.926146 83.663093 2.132597 inf inf 95.634402 inf 67.114509 52.400468 inf 78.893907 60.597016 36.175651 81.910600 7.146019 37.467078 6.389911 78.734652 36.891010 89.778785 inf inf 90.215087 7.259488 inf 32.356782 inf 5.395165 93.047542 23.585907 inf 13.959021 inf inf 49.654009 inf 99.325808 6.389035 35.095499 43.525573 65.619979 76.523698 66.772322 9.457545 26.167554 48.292328 39.777353 46.780782 inf inf 66.447360 33.007900 79.515799 inf inf
inf inf inf 96.965120 43.433454 86.121300 6.799589 25.579475 46.870191 inf 3.188178 inf 60.550844 inf inf 10.369521 96.052369 33.079384 31.416795 inf 36.565074 90.049008 39.512414 7.935721 inf inf inf inf inf 49.442140 18.626923 inf 16.828353 47.749921 25.152419 inf 84.557012 30.098746 inf 96.083407 inf 81.761942 51.164942 35.371493 20.987282 89.092079 inf 87.405350 81.016050 76.839921 inf 76.124617 inf inf 68.474257 73.754850 inf inf inf inf 20.115915 inf 67.034857 76.798391 80.875827 inf inf inf 40.090621 inf
inf inf 12.687638 55.246194 inf inf 44.420412 inf 39.132878 inf 27.086240 88.255480 2.582245 32.681459 inf inf 47.907396 82.508736 44.285835 inf 6.947275 30.760304 16.665773 inf inf inf inf inf inf inf 29.771868 inf 40.302274 92.401199 inf 79.366493 inf 2.729280 88.498282 40.373283 inf inf 39.021745 8.846112 inf inf inf inf 99.073738 91.031011 58.235772 77.502170 inf 27.945346 34.459358 41.081353 inf 50.946989 64.669617 71.090950 inf inf inf 93.381957 18.496565 inf inf 66.163689 96.451540 inf
inf 16.243526 inf 10.033371 55.832023 35.487081 inf inf 90.871066 60.022382 61.057013 inf inf inf 41.421064 53.582085 73.947231 57.988452 4.208785 81.010144 inf 53.663303 inf 4.398444 73.915159 inf 81.463415 45.645009 inf inf inf 2.556803 inf inf 88.631966 inf 30.068256 8.318684 4.362993 inf inf 70.831269 6.698032 70.362565 54.163237 inf 58.406012 36.417177 92.411544 65.486421 45.240179 25.137221 inf 67.293920 72.933348 83.577898 50.800468 inf 62.356689 inf 28.692409 52.133706 37.355122 inf 47.445047 inf 79.031380 inf 72.216835 11.873432
35.323326 23.187176 inf 52.398917 inf 80.652243 1.817038 inf 16.618577 38.525658 inf 12.903054 19.936066 inf inf 1.819339 inf 30.145416 66.028500 87.247680 87.206254 61.513724 inf 63.671970 inf 95.788643 78.660124 99.791170 inf inf 97.442489 inf 91.248018 22.173376 93.837172 inf inf inf 75.538035 69.994987 3.438774 inf inf inf 68.746583 inf inf inf inf 56.211317 38.343963 inf 70.571205 17.987015 7.934132 68.736852 inf 51.042978 inf 17.773248 inf inf 30.307500 inf inf 54.260944 48.789873 6.174548 inf inf
33.210228 inf 75.983456 21.630693 inf inf inf 63.580794 inf inf 25.095900 11.350059 96.982090 55.822910 21.047728 inf 50.551588 14.582484 inf 3.388911 51.437310 inf 79.463585 inf inf inf 11.519911 75.138193 26.791411 44.548706 89.190360 72.722117 inf inf 41.443319 inf inf inf inf 70.758190 39.169226 inf 91.261883 90.070002 35.502212 53.577331 inf inf 49.850644 inf inf inf 85.746950 inf 56.481027 inf 10.551359 69.286221 55.421959 36.626285 40.306639 10.551166 inf inf inf inf inf 81.901048 inf inf
