inf 55.673016 inf 68.058951 43.289115 inf 88.284205 5.145926 94.690185 inf 21.303055 inf 18.330082 34.069367 47.618893 inf 44.715492 inf inf 40.756892 inf 84.795629 55.764647 11.447353 84.310637 20.852474 79.168600 inf 53.904828 inf inf inf inf inf 89.907764 82.598062 79.558948 80.276583 inf 54.463664 68.848089 18.649733 15.423549 48.722558 74.460252 31.229704 90.544595 74.942840 95.793108 inf 41.776956 inf 56.523216 inf 42.641345
22.453284 inf 82.781784 32.493512 35.842067 1.175817 inf inf inf 55.357523 15.024326 inf 1.510741 52.149495 65.971761 45.644193 45.324663 inf 22.100643 93.463054 6.104616 55.619582 6.670466 40.948204 86.620654 87.049149 69.618618 93.716951 14.170834 94.067777 inf 45.844311 inf inf inf 66.441068 48.336258 10.500403 inf 25.883651 93.136739 15.129825 8.472074 inf 29.488999 inf 86.922551 26.850520 13.575344 5.154042 34.814945 53.834910 48.551274 inf inf
inf 75.138025 inf inf inf inf inf 3.450251 84.318257 inf 14.023330 56.463600 4.228180 inf 1.514577 inf 74.011037 inf inf 50.111487 54.782510 78.483097 10.181177 20.832214 99.720777 92.327880 inf 57.732401 85.939225 75.696905 inf 90.337641 98.837419 inf 73.304213 inf 85.324747 34.588609 inf 44.302627 inf inf inf 46.083477 inf 12.505607 13.172501 18.562728 99.972391 35.787189 65.004528 55.448528 inf 15.879814 44.655125
9.783746 80.838608 inf inf 35.588077 13.046653 inf 73.895579 inf inf inf 40.006526 inf 14.468733 51.622926 94.337883 74.292282 56.412723 inf 60.008957 84.814891 90.255575 40.802882 20.524962 inf 18.148677 89.788601 58.060223 8.586624 80.683901 3.374223 43.510581 1.434689 inf 34.111438 inf 39.254913 54.993092 inf 65.351914 41.088941 62.135774 78.035014 83.808712 26.140893 18.607077 inf 38.740089 99.556317 15.763620 86.682829 55.899759 38.356502 inf 2.818333
77.084583 42.143930 inf 95.513753 inf 13.374343 inf 80.314511 7.624147 inf 81.315093 inf 38.970376 inf 68.309823 75.947252 57.035266 inf 92.803241 43.990250 20.570598 4.456868 inf inf 55.537885 21.909593 inf inf inf 83.046613 inf 1.428368 inf inf inf 48.893763 34.204850 91.583731 52.597851 inf inf inf 23.938809 inf inf 59.722860 inf 35.431328 40.676477 38.294914 40.140941 inf inf 67.503984 60.764730
inf 35.322678 inf 10.597221 17.575614 inf inf 81.722475 33.031828 9.903436 inf inf 4.424538 inf 89.569222 22.864198 37.976466 26.471002 7.105994 23.482656 48.958917 98.869437 98.284745 inf 72.607290 inf inf inf 88.503854 inf inf inf 37.482221 77.146553 20.162675 inf 29.333916 92.462637 inf inf 97.479606 74.733097 55.031143 61.549782 inf 78.290037 29.404260 inf 11.411929 84.093648 33.629826 92.326922 95.955663 35.495289 7.793520
15.120517 inf inf inf inf inf inf 12.501096 93.327647 81.675101 3.546307 inf 97.300331 inf inf inf 78.147119 43.186178 inf 85.421516 32.123253 31.305246 inf inf 51.049721 31.447074 inf 56.159263 inf 84.542463 inf inf inf inf 3.234129 22.836985 inf 6.866257 39.218680 4.077962 97.385748 85.459717 inf 73.357706 50.097188 34.172298 29.476858 83.794830 17.887846 2.463728 68.056574 51.488833 17.190814 5.795486 inf
1.936914 inf 37.429824 82.399639 38.376648 56.509872 73.250726 inf 11.940810 95.742736 7.256003 inf 46.251968 22.996199 45.786475 inf 72.776301 94.872483 13.821672 inf 6.379643 77.499086 94.551825 inf inf 68.674524 5.951364 4.292165 18.978402 73.314840 93.105728 inf inf inf inf 39.633122 inf inf inf 44.713452 inf inf inf 33.260127 13.692734 2.419106 inf inf inf 12.757522 77.954307 3.416149 inf 46.268420 59.663166
74.566056 inf 31.708098 inf 34.661099 12.831546 59.011744 86.728316 inf 8.232236 inf 23.761621 57.547361 1.292786 35.908572 53.225754 46.391400 inf 94.578655 inf 1.333627 44.789457 16.750761 44.506960 3.450453 40.301762 inf inf 84.645436 74.329150 77.634766 inf 39.910671 80.732876 85.741917 27.919784 60.180873 5.550729 1.026954 57.580738 81.939509 inf 87.439106 80.435807 90.448384 38.763234 55.458841 72.690364 inf 19.878917 inf 98.251791 12.996283 33.706549 55.108143
inf 89.000829 inf inf inf 28.885031 30.408983 7.109845 14.273496 inf 38.045085 inf 96.730577 15.178788 76.998666 91.860954 inf inf 75.348655 16.911556 90.794823 21.288062 44.670052 52.395539 48.456398 95.032247 inf 31.978274 19.184907 32.909455 inf 82.996103 56.923177 inf inf inf 27.427037 20.999196 80.919287 20.083302 inf 23.913080 inf 74.998297 4.081051 56.469211 77.073491 inf inf 86.640477 91.094313 81.158494 inf 20.839065 inf
19.198455 56.618028 91.124529 inf 71.772409 inf 23.451860 78.934731 inf 98.567218 inf inf 25.129311 5.403255 76.071437 2.545465 64.248319 63.076341 inf 54.279347 inf 5.923986 inf 15.349441 27.717146 10.961099 82.198008 82.126019 inf 73.430348 71.759073 inf inf inf 86.422346 23.026275 inf 83.963305 inf 44.637283 inf inf inf inf 52.544435 70.314086 inf 32.084098 60.316903 81.243603 inf 83.015247 inf inf 70.577766
inf inf 34.007940 58.187174 inf inf inf inf 85.825854 inf inf inf 19.082537 86.395360 9.963786 45.399630 68.785833 inf inf 63.797647 90.187159 9.536563 33.174345 inf 95.328310 13.439267 inf inf inf 88.080751 inf 22.680238 6.272013 34.478787 inf 83.945368 31.141921 inf inf inf 7.793975 54.638839 inf 53.868389 inf inf 17.773646 inf inf inf 30.307733 69.748554 62.166258 46.543027 inf
60.701596 58.197071 59.994381 inf 25.164503 79.719897 52.628471 84.736966 99.216161 19.317432 46.730049 8.345361 inf inf 45.154214 33.583614 5.992447 14.740398 55.012891 66.403148 48.206848 36.986934 61.362299 46.314295 82.479922 inf inf 14.173345 8.697910 inf 12.537225 inf inf 15.203725 36.040081 95.917114 inf 82.815245 99.741554 74.774003 inf 96.478904 inf 59.177279 inf 69.982240 38.739892 99.924321 63.450245 50.351645 47.958123 26.225350 15.167515 30.021100 81.642435
59.014242 68.066900 inf 46.681025 inf inf inf 86.576405 27.505208 4.260960 51.658334 71.590648 inf inf 97.072861 28.177484 inf 97.998641 65.769299 88.761757 31.967113 1.571358 86.617340 inf 37.875692 83.967138 86.385710 49.146031 78.671407 82.951343 inf inf inf 79.225478 18.873082 26.819463 inf 21.652083 97.339996 3.111468 9.662797 66.040533 inf 42.649275 47.757031 inf inf inf 61.213663 93.608158 51.223535 68.797117 73.496701 94.790334 54.333283
54.243715 26.254893 98.698753 14.258148 47.022520 79.819786 inf 39.715688 94.839057 23.287813 23.744577 32.983905 78.662070 12.067636 inf 63.783171 66.816743 81.747741 inf inf 83.557613 8.062764 8.099851 inf inf 75.762998 inf 35.795941 inf 70.988011 92.030358 inf 48.337938 24.669738 32.930937 37.928779 86.330072 inf inf 18.814335 inf 37.096614 53.929600 inf 50.972611 3.339170 89.739634 19.825313 17.305134 inf 60.859476 91.272317 inf 42.900122 26.210293
inf 78.253739 inf 64.388478 54.115268 86.062251 inf inf 75.991274 72.853967 20.701002 90.237352 38.708152 87.224196 24.192471 inf inf 86.794721 95.595545 inf 30.880237 inf inf 68.201357 inf 98.522912 92.631959 39.737857 24.561777 inf inf 40.268623 inf inf 58.735831 inf 70.295283 72.533532 28.026120 inf 64.522717 77.090434 inf 95.740813 42.355401 28.343422 84.806096 65.048865 44.298995 55.132513 49.487950 43.433748 90.048129 96.213715 91.837439
15.534370 19.904431 48.481314 78.671802 12.566989 41.413374 31.051548 51.610412 98.687340 inf 75.510559 87.752428 44.860982 inf 45.331400 inf inf inf 77.865225 60.158259 1.320880 inf inf 68.855548 inf 75.921140 79.880562 60.772929 inf inf 13.487669 inf 61.713713 53.031955 83.308970 inf 6.258806 inf inf 84.050607 1.201528 92.105946 32.247927 35.753090 82.043066 98.754865 27.976903 69.084314 16.923531 70.596532 inf 77.147000 94.816449 inf 16.830277
inf inf inf 82.320019 inf 40.817067 78.025187 92.343797 inf inf 9.575820 inf 48.685385 93.687507 49.966906 98.705617 inf inf inf 31.969655 14.332164 inf inf inf 57.443498 60.270219 27.110305 15.928706 57.598741 inf 34.306487 67.056411 69.496221 28.900430 90.954746 22.661959 4.360698 80.069158 inf inf 34.108645 73.835334 7.020708 93.043357 9.234398 49.629567 89.202622 26.380314 23.399028 82.598995 67.273792 18.721894 5.358611 inf 71.403432
inf 24.542953 inf inf 24.395525 78.738558 inf 76.464251 12.484034 78.743830 inf inf 15.668602 50.778500 inf 31.847806 81.607221 inf inf 70.387768 55.524355 9.604153 76.266384 90.245250 70.495152 10.880192 64.270039 inf 38.288099 inf 40.144917 75.012892 inf 17.195796 15.256847 60.481781 inf inf 12.194384 25.657829 70.392369 54.070835 16.733889 inf 49.016484 51.634278 inf inf 3.555467 inf 6.642154 38.754408 inf inf 14.011733
55.185153 17.291680 47.537552 40.269120 3.295263 62.688323 68.920111 inf inf 35.546460 7.022174 86.906941 4.573402 87.513427 inf inf 28.171169 15.293921 30.653775 inf 12.297230 65.157797 inf inf 21.363983 87.817717 80.060818 61.642109 inf 13.017135 inf inf 78.399068 51.710044 45.692771 23.106621 97.483818 inf 4.018212 5.926644 37.728921 inf 60.018648 30.658011 inf 7.567866 inf 42.832057 inf 76.637915 inf 6.070437 inf 43.818978 64.746582
inf 74.515599 84.548975 55.768533 20.669596 45.616235 46.030103 42.276538 6.039561 5.932697 inf 86.099343 11.233393 7.379531 51.972778 87.079352 19.826492 86.539208 31.101221 31.174517 inf 86.033577 inf 21.618258 inf inf 17.151704 68.425397 37.720008 1.785772 inf inf 55.841551 99.329721 62.308512 26.112490 inf inf 88.354819 50.683924 89.021064 88.006510 56.727897 82.045933 56.138577 inf 55.240514 29.601700 inf 54.447459 74.995688 38.101243 45.810887 inf 62.993147
50.743524 40.586876 9.994538 96.378830 54.779786 80.772449 38.911822 73.217033 8.879552 31.815980 10.522491 55.736598 96.217608 53.440040 83.827987 inf inf inf 32.158782 66.375728 11.521851 inf inf 40.876918 71.486130 44.401976 22.570923 76.276647 81.920449 inf 10.543378 2.873837 96.353822 86.012888 83.095014 76.318694 inf 99.884264 24.607943 15.687186 inf 59.376769 51.696980 6.593763 56.189278 32.757489 91.382284 43.811754 5.067187 84.729502 39.971082 84.073268 inf 71.485892 inf
38.051241 63.120648 75.071380 29.513957 inf 39.615074 inf 64.491598 92.099363 7.421051 inf 18.639335 21.432650 43.571121 51.518706 inf inf inf 6.131606 inf inf inf inf inf 5.886575 41.580569 90.581356 inf inf 46.599895 32.795134 53.010099 44.889995 inf 41.468088 32.636489 61.242589 75.450091 86.266647 14.013027 inf inf inf inf 67.273479 94.088425 62.940086 10.040748 16.944287 60.054717 inf inf 71.831199 84.871272 37.255341
61.569670 4.232447 84.927015 97.428994 inf inf inf inf 86.159516 78.931254 30.671414 inf 57.442384 inf inf 99.168926 89.984351 inf 49.217106 inf 64.957718 14.585692 inf inf 44.825431 inf 94.902900 52.556894 inf inf 60.615210 inf 98.546827 inf inf 25.788057 66.781739 61.357358 41.960922 28.246853 20.346688 90.197759 66.619464 94.676434 33.893642 inf inf 1.500906 inf 74.173643 20.998109 28.794956 89.114575 49.228585 86.655897
13.123923 62.709571 91.646482 inf 16.494551 59.119621 40.964219 inf 96.892999 30.186466 32.399741 70.563626 1.644589 2.472529 inf inf inf 64.991688 76.744011 93.254465 inf 79.320424 90.470459 88.487357 inf 58.544281 50.035264 44.529457 inf 45.996269 inf 22.771903 46.277785 inf 86.674242 21.860840 69.622090 96.618173 89.390916 39.654240 44.935408 48.084442 24.865969 87.951894 39.311456 76.019430 6.083362 inf 1.100683 inf 79.914008 81.508444 58.174503 42.584786 22.140571
43.227103 43.541732 30.423741 30.430196 12.887827 inf 8.811995 63.486756 89.482681 71.233539 92.992624 72.963960 inf 24.956387 26.840791 88.436104 67.355046 59.689058 88.471495 3.687521 inf 32.160991 68.457309 inf 64.256702 inf inf 80.907865 92.928655 inf 53.806943 inf inf inf 67.179530 15.344213 25.575811 68.931759 88.915984 78.636938 12.358150 6.657061 91.770579 42.096822 63.199611 55.479792 inf 81.666475 21.596608 65.192483 inf 41.911562 63.201305 inf 87.078300
16.408970 48.265540 inf 42.116828 inf inf inf 42.402811 inf inf 87.891980 inf inf 12.814638 inf 59.282724 40.462432 1.568533 91.904679 97.735454 78.811725 91.509820 19.229388 81.221441 29.717035 inf inf 34.936793 8.849115 inf 79.966851 61.619780 13.523328 28.115757 72.994715 37.419026 inf inf 87.535699 35.191860 28.269796 55.892233 97.707664 98.928931 83.660183 74.059088 50.777916 17.113304 inf inf 29.894497 2.657987 22.824952 13.124577 inf
inf 26.826443 56.329895 33.534375 inf inf 81.377252 4.080997 inf 53.581371 66.031453 inf 4.933907 67.711734 15.589153 56.504974 63.562025 87.542542 inf 87.972287 2.451276 90.738080 inf 98.694415 35.814646 9.729637 49.306327 inf 49.000938 inf 49.992340 41.877489 inf 10.183411 71.005902 46.847738 10.865210 3.057589 29.454133 97.514747 38.811848 inf 44.536690 18.973169 17.999968 inf 73.050501 38.596459 19.085947 78.483956 11.346667 47.688648 14.802568 inf inf
29.466035 22.681975 52.557997 82.785851 inf 88.369730 inf 78.301137 71.938872 83.976056 inf inf 74.062073 26.948272 inf 24.186018 inf 42.426868 12.180125 inf 54.538393 72.770674 inf inf inf 59.821247 71.608428 3.674172 inf 80.925620 1.099393 62.138894 15.385328 18.156598 48.199016 29.232277 51.202055 49.765331 inf 79.618955 inf 61.816174 86.290441 21.590845 32.759640 84.202262 19.748700 28.438443 2.244660 53.647691 inf 17.774035 inf 92.250330 33.764416
inf 1.027176 35.667428 7.882804 47.489479 inf 51.734386 74.608913 39.017268 29.621617 11.005085 51.686634 inf 97.437142 87.555991 inf inf inf inf 93.494371 90.794882 inf 74.087926 inf 73.173393 inf inf inf 47.104615 inf 2.681475 inf inf inf 54.631515 11.097352 56.718260 19.911545 99.060832 8.771892 inf 18.689740 24.441567 11.653902 81.928645 inf inf inf 10.150590 inf inf 16.494843 8.493949 87.697293 inf
inf inf inf 70.657746 inf inf inf 6.008250 9.807208 inf 2.915769 inf 73.499828 inf 43.709612 inf 35.833837 37.185696 31.644596 inf inf 42.223809 43.462471 22.190635 inf 77.616803 81.519723 99.364114 75.154608 60.378256 inf 95.295849 83.091304 inf 85.733215 85.209680 89.557954 53.317500 inf 37.417843 inf inf inf 9.091058 inf 35.045583 93.484715 inf inf 2.333257 36.460266 88.591543 71.054048 3.330953 79.594316
inf 22.660740 12.060785 47.435561 16.452070 inf inf inf inf 14.275812 inf 17.981339 inf inf inf 74.982376 inf 43.620440 99.465151 inf inf 20.762782 25.024448 inf 91.637138 inf 66.690678 27.413056 39.665984 inf 71.013799 inf inf inf 10.037183 76.573726 69.042403 90.707782 inf inf inf 63.066635 38.917096 inf 94.445263 91.600103 55.370142 inf inf 49.508348 58.202386 60.518153 41.706129 86.340722 88.730412
inf inf 7.222169 36.494654 inf 93.313651 inf inf 57.908811 78.149437 inf 58.928986 inf inf 81.826189 inf 15.935879 53.194360 inf 24.251240 79.667514 3.406434 30.322889 24.261719 91.554054 inf 78.573093 inf 74.424166 inf 83.887234 inf inf 17.677266 97.738856 inf inf 1.085108 12.695639 62.757284 52.226048 37.531940 inf 55.946105 inf 43.825021 68.987379 91.025767 73.623798 72.888318 89.712108 inf 12.433226 inf inf
inf inf inf inf inf 77.105602 inf inf 47.606065 inf inf 18.198794 88.096072 95.998289 91.105392 inf 62.474862 77.639382 91.559829 2.398348 66.121440 16.599116 inf inf inf inf 25.769923 85.497377 21.814121 inf inf inf 44.836016 inf inf 21.528873 inf 75.508160 25.065888 75.699508 14.070379 10.742138 65.996156 10.741367 75.907346 inf inf inf 30.244771 67.609831 16.946361 inf 97.390122 89.996306 3.365148
36.022979 inf 56.028917 8.985159 inf 97.837286 92.178136 inf 77.299286 inf 47.443299 inf 37.461059 3.969704 79.502967 60.855252 18.065311 65.335130 8.642924 7.073700 56.279972 36.593915 85.442560 inf 73.853512 64.375707 83.156052 88.902503 21.422362 20.767763 36.331827 73.398795 49.284534 inf inf 29.161666 9.751737 45.113898 19.250888 71.072454 12.896957 67.171513 82.765317 73.489953 91.996481 inf 37.815527 33.883041 36.053167 45.306129 55.631844 inf 24.929497 72.045268 inf
94.359530 14.343473 inf inf 32.704419 inf 4.352865 48.759513 48.521541 inf 59.110092 98.550457 18.667731 88.021765 83.785998 inf inf 93.895719 84.745089 59.031082 61.181413 47.100869 91.483229 37.975663 2.967034 50.368388 99.434113 32.549216 88.638345 52.700909 24.275365 48.064060 inf 69.682414 57.011046 inf 55.623343 19.525065 65.327235 inf 9.080071 inf inf 29.650862 18.923624 14.194163 19.557038 inf 79.362358 40.102611 59.563122 96.340237 inf inf 71.275616
55.686497 85.240084 59.711464 16.640795 94.222513 36.667807 inf inf 71.269315 80.633971 inf 49.219115 inf inf 23.807193 40.609309 49.188024 92.536493 inf 32.513729 inf inf 86.691999 64.984232 96.742428 10.236289 inf 81.980628 7.290760 52.331545 93.653660 41.743619 inf inf 81.530781 73.159227 inf 28.898255 inf 72.666975 92.007587 inf 81.960033 43.886101 inf 52.052107 inf inf 26.958779 38.209128 27.564623 inf 94.966356 13.483015 4.264671
11.098252 25.639096 69.840613 29.546760 3.922878 56.107315 82.250437 inf 10.697228 57.963713 21.001227 inf 83.263221 76.194448 inf 91.035201 inf 94.672589 inf inf inf 26.136341 58.902695 27.723728 36.339476 35.553185 inf 63.483339 68.118376 62.206906 5.227274 86.068547 49.375128 36.382509 79.234418 51.400937 41.398485 inf 46.924474 53.860771 24.629190 28.856096 21.777434 inf 84.254162 39.045293 87.885804 inf inf 60.773955 95.938152 52.654102 60.995124 inf 89.782134
inf inf inf inf 30.599175 inf 68.957023 inf 50.605433 65.773706 inf inf 45.001844 35.915122 inf 86.197741 inf inf 46.624770 76.929298 3.562221 27.993014 73.520806 7.153531 80.908581 4.371811 23.709627 72.582713 inf 98.344957 inf inf 37.502871 39.466876 13.807713 86.118641 inf 59.582892 inf 6.570052 83.393578 57.027902 40.364598 inf 45.442025 inf 77.094693 inf 5.995092 87.908221 4.349456 39.130203 inf 40.825954 inf
80.716995 17.248345 90.954851 77.620849 inf inf 64.971417 93.063210 1.253411 96.564554 57.541154 inf 74.775164 93.002400 92.854058 inf 78.795202 inf 11.559574 98.869306 77.099363 12.230620 25.511717 83.315593 98.607253 7.372930 69.105747 59.207428 7.172170 74.261469 19.526785 inf 4.606803 36.280386 95.561450 inf 17.313984 65.633012 38.857167 inf inf 73.868788 99.910915 80.305398 4.182464 inf 8.848533 64.718706 86.463783 91.977704 90.224963 26.469877 28.167206 61.697645 inf
13.541250 49.222684 inf 61.796186 inf 31.037439 19.112499 inf 2.665908 inf inf 14.700393 inf 12.205063 inf 13.293357 46.779417 50.257790 79.458539 96.186918 94.209856 inf inf 8.345820 85.382499 20.357101 15.323344 95.919699 inf inf inf inf 8.706799 37.877089 11.315362 47.892204 89.616821 34.200377 45.655010 inf inf 91.126028 47.302490 inf 11.273136 64.547521 58.173700 inf inf 22.093798 inf 17.267721 24.429170 23.254594 38.912680
70.933059 39.210213 inf 63.237903 inf 62.845293 95.366763 inf inf 62.291390 inf 58.481997 74.777400 27.717321 63.460306 68.852255 70.936363 18.606209 34.700311 inf 19.184520 2.746758 inf 26.919065 20.798672 15.482474 80.322238 inf 87.660949 85.900219 inf 81.841202 11.545851 53.069347 85.309851 inf inf 68.141692 43.641836 2.195673 91.366630 inf inf 48.465724 7.881122 inf inf inf 56.979236 34.224219 inf inf 1.002678 26.090335 18.482967
28.812849 15.572417 inf 15.607773 46.742766 95.479373 inf inf 29.278541 inf inf inf inf inf 86.958217 inf 71.125175 68.869505 46.556571 41.056624 51.262307 63.951640 inf 46.957051 62.159702 29.259608 17.201769 70.880162 28.224488 28.236045 inf 28.925287 inf 72.510233 81.824765 inf 34.537498 82.585798 57.983606 71.393342 80.363457 inf inf 63.608663 inf 39.965279 inf inf 98.800063 inf 76.354233 69.135456 12.202667 66.741644 inf
66.148336 inf 17.116145 80.114955 inf 7.491339 65.153841 8.555420 44.990466 15.511460 inf 63.903727 11.555845 90.813524 inf 21.435943 13.101348 75.510510 inf 79.634527 9.400491 3.175077 inf 34.122994 77.393652 70.529630 10.248358 39.486533 5.547303 40.197800 55.277846 inf 97.016891 13.436156 43.412263 21.165849 36.917842 inf inf 87.628861 inf 28.822982 48.047082 inf 57.510081 69.483207 inf 5.138813 24.654760 inf 49.019417 63.008355 33.921903 79.195060 12.754156
94.988570 63.211360 inf 4.246673 inf inf 97.514346 34.134741 45.613823 71.408583 17.790810 inf inf 40.862956 63.090765 59.867102 46.755132 2.151094 4.513918 inf 82.067178 11.983270 95.273046 61.460885 61.903904 73.684399 86.432114 72.270185 96.075642 18.346834 inf 50.643749 inf 96.100541 55.349312 98.592845 inf 66.163676 31.455905 89.315549 10.610806 11.507096 inf 62.595300 inf inf 80.967684 3.840825 53.485666 23.405809 93.441250 inf 81.744543 inf 96.245959
11.277718 inf 56.881520 47.671989 18.050948 31.204651 62.186059 94.855256 78.539271 23.159610 8.008471 inf 58.624667 inf 78.193737 77.936842 32.931716 96.368325 14.549011 74.978193 inf 74.179633 65.533734 inf 67.598051 38.317217 3.418982 inf 75.810228 inf 84.756097 29.720603 20.565576 inf inf 7.624523 9.498521 25.536598 inf inf 40.363221 inf 5.969739 59.548167 inf inf 83.622513 inf 27.060342 52.725681 inf inf inf 36.547227 27.832395
45.413750 34.060192 81.111989 inf inf 21.981624 92.072739 inf 84.387863 91.639607 inf 29.082976 90.869116 inf 24.654215 73.968691 22.387141 52.696051 inf inf 79.311142 29.157256 88.664508 inf 51.606295 inf 89.521368 81.920910 69.714869 inf 53.726966 27.555905 66.631552 inf 24.543617 18.984372 inf 56.616799 21.165399 56.722807 25.014254 inf inf inf 8.651041 72.175596 inf 55.574808 inf 93.754296 49.279362 70.122345 inf 8.142548 45.017351
70.866751 39.213941 80.617330 31.082273 18.888569 inf 54.329981 inf 27.870583 inf 36.529677 inf 65.618812 inf 98.417185 58.064223 56.131344 15.649872 inf 34.192655 63.858877 15.608890 9.036048 15.341566 inf 86.718456 33.367647 3.600495 7.115158 inf inf inf 69.963287 inf 16.175863 inf inf inf inf 37.391658 inf inf inf 44.824968 44.758771 inf 98.916678 inf 85.579665 83.342420 20.950341 54.013997 10.027009 53.209741 2.527261
65.660006 96.298414 30.768238 21.997918 43.358908 50.054389 42.937010 inf inf inf 69.243545 inf 60.879629 21.600293 5.626996 47.264285 55.949532 67.681529 91.777285 inf inf 39.877658 4.756969 inf 2.737379 80.294028 inf 37.009096 76.083518 67.890368 inf inf 90.490667 48.014974 83.587267 6.442542 82.288812 inf 88.496266 96.454805 inf 33.705523 65.401417 2.480918 96.539202 4.942407 inf 75.558068 inf 93.274978 inf inf 8.762233 64.894967 inf
inf 46.914436 48.429662 18.684827 2.502129 26.611437 31.181432 84.767967 71.866696 56.033812 42.005340 inf 59.013344 89.733730 inf 40.522297 18.953461 68.714145 inf 92.745978 2.306854 43.785234 31.273260 76.059177 inf 97.785161 inf 47.743353 30.665145 inf 61.143004 83.035880 61.701648 85.352214 84.842054 56.687243 92.681507 41.841692 59.241309 48.199163 46.723008 10.480897 inf inf 9.401610 76.548680 60.205552 42.202414 47.626992 inf inf 87.162047 inf inf inf
67.849030 20.427617 86.953072 38.722765 93.921904 76.038252 59.256747 64.037978 inf 71.913590 inf 38.897676 17.643123 74.878153 45.579111 37.818222 inf 81.419448 40.887927 inf 12.481568 68.890896 inf 84.299796 17.603436 inf 6.895638 27.506295 inf inf 4.986000 70.236209 61.323564 79.901778 78.922603 26.727357 14.283521 60.191030 27.512103 53.275140 inf inf 68.950205 53.564448 1.910748 inf 15.342752 55.298463 inf inf inf 91.817049 inf 65.153100 inf
inf 39.992839 24.482906 39.331737 inf 97.434714 3.104568 52.738134 7.271369 11.939912 15.946834 55.290926 70.129239 72.775733 84.893153 27.756669 5.825921 56.615001 1.600854 91.916733 83.531711 82.866562 inf 16.614826 66.995594 85.490816 39.369304 60.212733 17.506041 47.717690 66.633744 53.064009 inf inf inf 84.587994 inf 98.960305 58.152512 68.860704 53.795033 inf 21.858370 25.579092 inf inf 98.855978 77.778555 inf 23.643332 3.942459 inf inf 91.506403 94.047596
61.905876 8.587876 inf 99.183021 inf 42.043492 91.837608 inf 57.793328 inf inf 52.010678 1.902115 87.343562 inf 81.242643 78.760757 74.454689 inf inf 74.237963 inf 18.252178 19.570921 82.087650 78.155591 54.634721 89.479120 inf 25.393453 53.133722 27.665537 45.536338 7.758128 88.483709 inf 53.037755 28.065117 inf 13.737041 29.794968 60.633588 5.646741 94.933514 5.428430 inf inf 93.373100 42.326044 inf inf inf inf 36.378365 79.986528
inf inf 63.960301 inf 62.779342 27.258899 79.798164 50.926445 25.366960 97.612783 inf 8.735115 2.632151 20.625091 9.990271 64.921817 inf inf inf 36.058769 inf 50.041198 15.758478 80.418469 48.202526 inf 62.321738 inf 15.377906 54.983013 1.676807 71.294897 inf 36.282154 89.830147 inf 37.087995 inf 49.126506 12.369491 14.374958 95.958847 12.444677 60.160831 inf 34.565487 16.367051 59.901969 10.171892 inf 87.778502 10.602597 88.036584 inf inf
87.475589 inf 9.554223 19.891723 83.825642 38.481737 inf 80.720264 86.637951 inf 93.498473 inf 91.055928 68.175274 32.467932 85.587071 42.230976 21.214013 9.800162 89.496746 45.770434 inf 79.492293 95.904288 98.127088 62.671097 inf inf 52.010120 inf 16.327234 70.324098 inf 18.232894 inf 23.095490 90.331110 49.217851 inf inf 15.598804 11.089410 inf 88.454869 85.519705 66.655068 23.942894 97.939583 inf inf inf 10.238571 11.748219 inf inf
