inf 23.542702 43.163864 65.107564 3.816855 87.156782 82.220229 inf 10.029172 62.645862 76.092604 inf 95.844014 15.818207 78.051774 2.430588 inf 93.379690 43.573402 54.872236 36.559167 20.021365 28.838010 36.109612 inf 66.807933 54.294279 12.202632 91.064956 33.166537 53.749332 84.171725 inf 51.996169 50.133706 60.858771 89.885775 61.708975 8.076178 74.548619 58.308716 29.266696 inf 47.255542 5.974968 82.591307 21.286603 inf 92.668232 inf 59.410820 37.990490 61.169276 59.605660 inf 28.160935 92.947042 14.125131 inf 77.513467 11.649265 62.575084 inf 4.015027 5.573967
90.147619 inf 91.362861 inf 86.761717 52.152185 45.306981 53.531509 4.960907 86.153976 inf 83.324383 74.508966 55.782913 inf 96.301131 56.910691 60.365620 69.033790 inf 72.915560 49.846903 inf 78.276828 23.787744 66.432827 56.084620 91.654247 7.462558 15.145385 50.011377 5.969542 36.631758 82.089355 92.517555 88.555729 inf 5.572188 inf inf 87.453796 22.101248 39.512141 14.700798 21.218878 28.158210 inf 99.764436 inf 44.176321 inf 68.883526 8.513776 93.857260 58.859540 35.149237 inf inf inf 77.497758 inf 68.414229 36.245339 inf 90.975939
39.992004 7.193361 inf 99.231656 63.421630 99.691614 23.860528 71.873124 83.988109 94.487915 34.150494 inf inf 10.916119 38.027704 31.559487 inf 73.577401 19.665586 93.635702 57.760950 56.949384 1.909331 65.321313 89.784125 88.903794 78.796699 inf 93.452846 inf inf 94.605697 inf 16.538805 28.121655 inf 86.614767 inf inf 71.500496 inf 70.251752 7.483305 75.448783 28.060949 28.427964 17.613915 91.067701 82.404375 66.423483 95.551281 57.555931 19.949822 44.488602 inf 65.709161 59.120428 32.273136 21.920530 inf 66.939168 inf 28.711656 29.623514 74.384708
45.307560 inf 7.624967 inf 23.474473 50.104146 75.715762 10.776774 65.336993 54.688459 20.347791 inf 70.365149 inf 14.309063 inf 77.925329 61.372561 34.503783 32.952733 73.039815 78.820862 inf inf 49.273936 50.325979 91.981226 inf 44.765256 63.585703 94.274342 inf 73.884873 52.699326 96.177012 20.928330 15.541796 inf 51.670225 84.097362 44.341658 95.953303 45.188560 24.607452 23.391528 inf 45.725233 50.347533 3.577785 6.305935 inf inf 89.746235 26.233243 71.808431 29.253162 77.894038 77.825750 inf 97.407235 inf 35.133714 40.535456 inf 48.836188
18.793523 12.811301 41.597579 88.965965 inf inf 72.017069 77.481620 27.769046 inf 8.195851 3.165428 inf 3.676432 26.430531 27.892121 94.124591 inf inf 71.128136 inf inf 60.414931 inf 82.832375 34.533435 28.474804 88.678629 13.036975 9.272118 62.529732 92.487151 82.483986 22.012416 98.224794 inf inf inf 7.036915 48.566776 24.203969 inf 83.021102 86.215267 72.314632 inf 62.687241 15.805999 98.317572 69.296827 90.762150 67.023156 84.436984 7.709329 82.984321 94.779216 17.178879 40.255214 50.579869 inf 84.155557 2.939537 inf inf 5.255869
35.529692 2.361904 64.093404 20.721422 inf inf 73.894731 1.360575 94.638735 27.849937 2.773820 91.788495 62.841903 35.696748 inf 58.483199 6.616834 74.989500 66.929153 4.054138 63.932733 97.729864 37.528867 1.633818 51.406360 48.323515 15.644850 97.364159 58.001045 43.088927 49.847043 inf 76.910637 63.838931 37.767510 28.216901 inf 56.450686 inf 70.796448 28.465658 10.837724 inf 56.418546 inf 10.903854 73.403448 inf 2.247146 60.719665 13.869205 inf inf inf inf 61.533932 83.835658 45.926857 inf 9.893777 22.128909 55.721746 61.203491 40.332800 30.625045
32.577150 61.444611 20.106474 76.237175 65.191859 93.153562 inf 29.756630 6.509120 inf 17.914769 17.991237 50.997256 81.790264 inf 5.199262 20.909835 46.654968 74.242349 inf 14.442225 inf 31.856855 inf inf inf 52.492501 79.217207 13.659625 58.714204 inf 70.935715 55.234470 45.155883 inf inf 27.310948 77.850875 2.109936 49.655373 63.223808 inf inf 69.312623 69.818082 86.092819 inf 25.193451 73.277890 42.357899 69.509216 40.752225 29.235689 43.184936 inf inf 46.042529 4.304691 58.470301 23.227393 72.656313 84.373436 inf 88.244872 76.904578
inf 3.882758 84.544156 18.753427 66.096291 31.210365 75.222201 inf 84.144225 inf 60.763902 72.490749 31.933367 44.422040 57.253884 inf 78.290231 56.284695 44.031003 63.925378 28.776464 18.000288 13.411352 73.027210 90.110114 56.859755 inf 86.251262 46.761051 65.790657 21.053372 21.068960 94.764468 32.478678 inf 78.124397 inf inf 47.313893 29.265875 13.239160 inf 76.067253 55.554305 86.555714 87.556985 71.370200 inf 43.387758 inf 50.512829 20.118781 4.314842 inf inf 69.488715 inf 27.149556 52.469841 60.242111 24.032463 inf 95.721777 99.266736 94.719268
25.038470 75.354103 46.223114 98.443337 3.211858 88.346716 99.380248 55.827885 inf inf 28.160976 90.859863 51.691590 47.028440 inf 36.306850 86.091374 inf 94.010527 65.453939 11.019434 77.437756 90.672246 23.617377 83.601126 11.163938 inf 1.659977 inf 82.527318 9.041443 26.951884 36.167978 69.547684 15.022773 46.583981 55.727294 inf 86.548076 98.102802 inf inf 79.061099 inf inf 81.696322 59.082578 inf 64.827175 inf 26.316100 inf 60.908627 3.885681 31.659788 inf inf 33.999636 91.087285 49.675866 inf inf 33.372451 inf 64.329217
55.658120 13.971615 15.276791 30.078148 inf 96.545026 inf inf inf inf inf inf inf 83.403625 inf 27.262920 inf 23.778301 77.041832 41.261272 94.788460 85.274311 42.717505 57.515186 9.598850 72.577575 38.629347 66.598219 81.167446 48.854891 8.790103 inf 29.081445 97.792848 13.575763 55.998355 76.458568 97.766455 74.485752 7.551879 46.569024 81.616892 inf inf 81.977382 inf 39.667781 18.918650 21.881698 29.202583 96.249944 22.170483 89.560737 inf 17.406227 inf 62.418930 66.864044 inf 45.384950 inf 93.090128 86.097494 38.333917 51.472671
72.685443 inf 74.859958 47.723697 70.606952 35.153111 97.658494 73.767004 13.731260 inf inf 99.482424 inf 11.030214 inf 32.525604 99.769214 65.929340 45.086108 26.250719 97.924101 inf inf 14.582774 29.441624 2.203165 inf 26.696139 98.747971 68.381324 inf 77.618748 5.610770 inf 15.002662 inf 92.781920 inf inf 20.435585 34.710133 inf inf 14.826287 inf inf 37.307178 36.392697 9.594377 inf 4.942960 9.795525 97.764417 inf 35.020159 inf 31.763088 2.548963 87.675712 28.020482 inf 43.237761 15.022572 64.322723 17.844455
inf 31.020805 inf inf 44.313023 34.116496 37.640182 18.765999 76.717841 inf 45.303121 inf 77.018929 67.663405 68.510052 82.106671 62.380967 85.404972 86.708230 68.884818 22.866321 19.476648 80.597251 inf 53.773861 inf 53.424824 inf 1.054752 25.416401 75.608374 43.125694 84.046964 inf 99.449909 inf 53.481756 26.978441 67.851823 inf 96.539433 71.261788 42.167724 70.697165 93.015411 77.896076 89.912536 inf 68.925226 77.379379 inf inf 78.550547 55.122513 inf inf inf 94.312296 55.703025 72.225122 inf 87.729887 inf 73.055964 inf
8.853234 78.144034 inf 56.911153 inf 54.074470 18.221338 96.262346 7.946349 inf inf 60.453053 inf 5.189357 23.573703 98.721148 85.961801 inf 56.459931 17.239077 41.782458 8.286016 inf 82.725882 inf inf 43.754399 76.576798 71.993648 77.113646 20.081945 53.045083 57.598202 81.302316 57.094753 99.069651 55.421666 4.698537 6.017230 96.851249 inf 22.422911 81.541085 69.003343 94.696132 inf 50.351099 44.003512 10.640695 inf 41.267569 28.541372 20.915901 1.996832 73.898094 73.744279 16.022717 19.006993 inf 52.815556 inf 85.487509 55.647131 inf 64.758126
99.127747 26.603267 69.036997 inf 13.531233 30.270477 8.618867 66.334897 22.327295 16.266501 38.838194 29.498418 29.101327 inf 48.105372 18.198761 99.975951 1.624805 inf 17.552789 67.685197 30.654399 6.672116 75.819617 inf 60.127082 inf 25.066931 27.425250 inf 48.982364 36.376221 73.229806 inf 30.083684 6.622289 inf 36.978129 inf 63.093922 88.436986 79.054545 inf 78.864422 83.608154 48.036984 30.790308 92.659643 81.300415 1.248917 4.508605 99.013878 73.918461 80.458216 4.973362 98.232703 inf 85.040881 12.890924 2.352854 inf 25.573012 12.344540 71.348947 32.496531
32.042103 inf 73.456124 3.566758 9.391384 inf inf 62.363522 inf inf inf 68.892857 12.090134 61.642357 inf 67.479697 65.887931 78.000707 inf 21.130306 97.048981 58.574435 inf 20.204849 43.262321 81.275483 49.002264 20.831735 60.327394 63.443497 inf 22.112848 10.254488 96.663925 81.762712 89.274848 73.311853 18.251903 85.545413 96.952982 61.636097 77.492245 inf 32.716775 29.167355 2.479055 inf 13.403876 62.678192 94.102861 inf inf 13.422491 30.027779 93.712950 37.936857 33.574909 55.149604 61.562590 97.469508 5.059229 9.493892 inf 18.816757 11.388071
8.499630 7.547198 95.743695 inf 98.185122 91.391501 86.462371 inf 53.931245 56.569926 13.981008 44.986214 80.032395 35.882520 63.605067 inf inf 68.762981 41.027718 21.222576 63.077246 inf 97.116061 inf 4.534899 48.556310 92.025233 98.219496 29.264173 inf 62.738169 inf 38.950278 88.420315 56.961182 24.352660 39.769108 inf inf 77.307072 inf 31.190772 inf 3.006368 38.279458 18.041777 inf 19.702324 inf 61.856191 74.340002 inf 69.882507 inf 74.843469 inf 99.655512 67.398708 28.560278 20.281945 51.126770 16.869589 20.154451 37.974835 inf
inf 12.278621 inf 9.034290 84.379418 87.363246 94.686546 17.195222 94.396045 inf 14.781160 13.130930 95.769122 59.000510 51.854942 inf inf 64.615562 44.781879 93.811524 inf 23.796554 inf 52.982576 69.037904 inf 8.081099 inf inf inf inf inf 77.082422 37.428387 12.284876 inf 83.885955 36.623259 8.230755 12.358858 37.732655 34.316051 88.364391 3.870662 12.791719 inf inf 76.664073 30.867929 inf 9.385862 37.830648 inf inf inf 51.449851 33.130044 17.272805 56.883851 inf 34.231327 21.110302 42.627562 62.927836 48.077679
84.036906 9.214354 60.936862 93.423612 inf 5.279497 23.918082 40.003717 inf 82.364178 49.119856 57.134781 inf 48.910629 46.735676 13.505934 68.808758 inf 50.608536 63.750709 93.088332 91.663652 53.187747 52.787111 29.826310 67.548076 94.775598 63.754313 85.579213 80.814318 87.456694 73.273525 inf 94.883651 74.616393 66.165076 87.887288 77.843793 inf 83.114813 24.022353 inf 46.900502 22.286002 67.019384 50.791924 91.812960 41.528355 18.186847 inf 40.295693 inf 11.834614 74.748957 27.269212 inf 20.243463 inf 93.851033 98.381928 inf 1.886206 inf 95.393191 54.141126
93.383093 20.269791 37.191835 44.015050 inf 37.289953 56.167700 95.809855 45.084834 7.400263 18.151733 49.274729 7.258134 inf inf 5.540460 81.366448 7.764868 inf inf 98.652211 2.681222 85.515905 6.921357 inf inf 64.440516 inf inf 98.881159 inf 46.616326 19.479536 18.757570 41.724124 46.931776 63.293929 39.463124 42.020573 86.514350 inf 88.807273 56.525036 88.794491 23.690647 58.412201 39.400836 inf 56.386073 72.684866 23.184701 6.255459 30.019407 inf inf inf 86.329609 inf 62.035657 38.302922 18.405437 52.091251 inf 97.741887 inf
20.766691 inf 13.480760 1.101444 58.909398 55.635040 inf 18.504680 57.223291 13.130161 32.299587 2.192925 32.760818 23.100763 31.122354 89.987424 14.773072 48.191649 inf inf 42.405626 inf 66.818670 inf 48.336241 64.564211 75.771385 inf 52.216104 73.217317 70.740206 inf 19.314506 65.348479 15.353597 35.782736 74.805365 inf 50.642840 79.357464 89.730358 7.264913 92.908357 24.566611 39.950877 inf 72.165880 35.108732 88.458912 inf 88.125223 8.321982 78.991632 1.097865 68.368939 19.034080 inf 27.432453 35.038027 49.736382 31.415214 inf 71.768593 inf 39.970314
47.967214 35.785096 95.096019 15.559372 inf 94.965706 38.483745 22.595528 17.095013 49.361680 25.904186 83.208051 21.361123 3.591714 46.941227 16.799941 inf 3.873202 69.992952 96.779796 inf 31.357762 81.411140 33.230185 74.260523 22.220896 inf 5.966931 27.924399 70.119365 66.303183 19.803079 inf 98.834255 78.850572 86.290950 21.589829 5.748666 17.673318 11.786193 17.982101 82.622804 57.470334 41.182105 inf 86.889104 24.534667 23.286614 9.165393 61.048064 inf inf 81.038791 inf 76.454897 48.460171 11.508234 inf 71.974347 63.252447 81.636215 57.477309 inf inf 89.767541
41.850131 55.795652 97.918602 78.572903 inf 85.001187 inf 89.945477 99.994350 50.983303 inf 98.323227 60.981696 76.357032 56.682483 inf 11.257602 45.438278 38.309818 inf 6.088366 inf 74.638928 73.034940 63.639339 inf 51.476727 21.622697 15.030333 66.742203 53.414463 54.902412 12.629716 inf 36.096381 inf 20.755704 inf 21.203681 44.623542 59.966529 inf inf 40.888180 10.978571 90.393736 84.693977 85.712240 inf 70.832153 76.399126 inf inf inf 46.631850 90.871080 inf 8.678780 47.337857 69.751732 36.095248 27.270081 97.562108 90.909961 inf
85.018967 inf 14.491418 inf 80.042856 73.063830 87.943995 37.114145 84.142586 75.782099 inf 34.297912 inf 79.081882 inf 49.271003 inf 32.115575 93.179598 38.615353 95.085436 36.646593 inf 59.321988 21.621318 72.903223 4.394658 19.399882 98.869267 72.539999 96.987357 inf 45.891950 1.379329 18.884752 3.376576 inf 82.030022 46.808512 inf inf inf 42.579350 inf inf 46.110521 30.671877 13.734243 32.912491 96.517339 90.529410 93.634694 48.424114 14.112567 96.644372 inf 14.058667 inf 24.276395 28.280341 17.823170 inf 9.585338 57.654018 45.959690
2.303868 6.560800 80.694645 inf inf 21.263968 inf 33.917440 11.054803 27.225120 75.048002 inf 58.945877 57.619525 62.772439 inf 30.944514 52.778175 40.040426 inf 31.318494 72.494600 23.914386 inf inf 48.078195 23.581215 inf 27.063267 98.075131 69.724658 34.899339 4.655997 inf 39.914540 28.604905 29.536379 39.601002 46.064375 inf 33.525555 30.264714 inf 66.992618 62.757032 51.494116 68.950631 4.315520 16.282065 inf 30.564067 74.260728 57.905527 inf 48.544011 95.885682 48.867230 67.121149 inf 70.469595 inf 16.142768 28.682381 84.526044 42.993355
inf 51.640721 91.623098 74.805764 60.875940 61.705151 inf 53.901366 99.988160 87.594207 89.783415 77.660902 inf inf 35.903665 61.165721 23.098558 12.549137 inf 94.635394 91.637483 73.628726 59.391963 inf inf inf 8.053887 inf inf 38.020929 66.857505 89.511137 inf 62.478648 70.178511 64.087549 inf inf 68.657079 68.188749 inf 66.166087 99.423655 35.253528 inf 52.635704 16.564683 46.330726 86.061344 55.541147 17.201639 79.633548 inf 81.249173 14.470969 83.626812 89.615360 9.375602 21.284237 87.127771 15.577357 inf inf inf 30.690622
65.408701 34.829674 68.928413 36.112084 9.831602 58.243572 inf 31.779330 57.943220 51.442431 50.516197 inf inf 79.696850 26.703362 45.146493 inf 32.568656 inf 4.510484 54.031769 inf 39.523910 11.758848 inf inf 94.154000 79.773692 39.909278 52.517468 inf 89.870587 8.853646 15.077375 inf 42.960396 12.042351 4.561754 61.468748 56.216467 88.311147 inf 15.270082 inf inf 27.020785 80.792291 inf inf 38.786546 44.389358 39.188862 3.322781 77.219872 inf 12.511035 12.838008 66.496932 41.066892 inf 12.408275 inf 1.223420 inf 21.201118
53.830816 78.070114 65.853871 36.646760 87.079889 72.148688 32.562849 inf inf 1.566912 inf 55.708572 32.235277 inf 55.459131 94.915767 75.565503 10.245653 88.467986 42.168439 inf 47.146652 44.938831 80.980806 65.016475 45.320979 inf 15.587287 inf 63.157088 99.591521 37.383432 2.954372 83.348833 29.492890 51.091876 84.137296 96.124725 17.179190 74.680849 51.637276 32.534614 13.135567 9.876213 inf 44.176012 27.999793 82.577594 inf 83.339137 inf 4.712351 inf 88.719472 30.575714 25.042625 inf 77.709047 71.304811 68.575431 inf 11.022023 29.688507 97.776480 54.132540
29.247128 30.898244 inf inf 35.357814 50.869322 46.749159 71.355369 22.138249 44.094633 82.449764 inf 50.583540 18.423672 39.629402 52.044038 inf 64.507078 inf inf 20.026761 79.430358 68.990070 inf inf 48.200990 34.159053 inf 35.968831 57.330255 85.698699 85.210355 2.474052 inf 43.149591 inf 98.850792 91.103594 inf inf 28.926628 13.312260 48.637284 42.043683 inf 66.426416 16.888443 75.138614 inf 82.984097 4.494234 32.612385 inf inf 23.581626 inf 58.008679 22.675775 inf 89.112481 83.297361 2.563074 inf 38.642657 87.660379
9.946595 98.291415 5.887707 97.400978 11.402228 63.059302 3.200496 88.074759 inf 78.205517 42.545488 7.112171 46.106784 71.890582 71.208764 70.662851 inf 7.399381 inf 78.497767 9.460047 75.010475 78.506013 39.477471 inf 65.271887 inf 24.848638 inf 66.729755 inf 94.391681 60.095048 71.678349 53.294184 99.225381 70.134984 1.078775 13.528550 inf 27.314968 85.437389 inf 31.725061 inf 99.285936 55.294886 inf inf 89.676593 70.052374 27.228319 inf 9.906214 97.323133 inf 79.298479 inf inf 1.630955 75.053869 52.987654 54.644819 28.789216 inf
51.661267 8.478716 inf 20.309853 60.116514 64.469021 62.280023 88.477555 81.973395 31.139488 30.368147 95.307372 3.720467 inf 4.948451 inf inf 35.745524 73.942438 57.210553 35.618013 58.277136 34.943644 98.221438 82.747867 88.820093 46.530874 73.791251 30.303690 inf 9.508388 23.161818 8.389293 63.033377 32.227937 11.005029 31.643260 45.866407 9.578251 inf 1.184315 25.744445 94.223275 22.763581 inf inf 59.240761 93.179576 inf 51.678785 35.024905 inf 36.684784 25.866183 inf 11.716111 inf 53.173313 18.800359 inf 59.220798 71.461477 inf 11.896685 inf
40.780487 53.897843 inf 46.748084 46.074786 96.331869 inf 54.899889 63.138995 34.121583 inf 6.386686 39.813414 86.162021 inf 16.644660 inf 16.343211 inf 34.298037 25.687957 9.135173 60.762686 37.235050 94.219426 inf 64.225262 92.542927 inf 58.619718 inf 69.898432 inf 26.400543 inf 26.905715 inf 52.637720 59.614427 inf 91.448975 14.279432 73.462528 27.693010 80.974828 inf inf 82.543599 inf 31.818970 20.147118 51.949666 59.947830 99.531063 60.887796 19.331816 inf 86.310207 29.002488 inf 97.139401 65.675746 10.899228 24.740136 inf
91.362694 83.315873 21.760693 inf 73.844755 inf 45.825910 19.156186 75.967497 inf 95.044281 20.290495 82.698509 26.786476 90.036291 inf inf 81.579276 57.563839 inf 75.393425 43.698137 inf 43.102147 45.146244 33.051349 84.898754 69.251603 43.600629 43.012920 98.260938 inf inf inf 47.941928 inf 98.530260 70.931703 53.984825 inf 11.058301 47.588240 58.461756 inf inf inf 66.015929 61.854467 86.657044 inf 66.709141 12.850797 77.842514 7.981376 76.837025 69.291526 72.313394 inf 84.321783 70.926924 29.290787 37.048047 46.839566 inf 1.047751
inf 5.002921 inf 8.378480 17.767766 26.067704 25.742690 19.653003 19.029489 40.036958 99.156162 91.274203 69.473684 79.009187 6.038153 74.311028 85.870813 inf 59.609408 80.430260 inf 76.428958 10.983146 14.963477 inf 47.869838 99.964243 88.145553 54.724614 28.593928 inf inf inf 76.817364 33.866507 45.777411 51.620564 inf inf 74.964622 inf 26.186112 28.494569 inf 62.487874 5.167459 64.187227 1.328954 inf 18.012624 54.068810 inf inf 8.715598 20.306746 60.232131 inf 40.145484 11.831672 9.891544 8.838337 8.035632 inf 26.402220 44.905564
74.288631 19.221997 4.681135 80.046624 82.809036 73.487894 64.605292 32.057571 83.824361 17.080429 inf inf 25.961695 inf 58.686360 7.238064 52.023059 21.142915 94.307045 54.986991 4.527414 inf 18.184620 inf 47.601169 55.871187 20.951627 inf 96.620517 4.569773 11.344033 inf 45.966624 inf 3.620248 15.907956 95.672224 33.047950 24.281460 86.427008 63.547070 inf 57.007748 13.145574 inf 25.906508 inf inf inf inf 18.918137 23.374997 16.794758 32.541502 46.842688 91.040474 52.735290 inf 92.119863 76.873795 inf 55.835130 21.731857 inf 73.679214
95.480992 22.559849 79.811641 88.865196 51.695683 13.011301 inf inf 97.817731 64.516843 53.757919 13.325111 70.112827 56.283017 36.849604 1.665977 86.504767 61.037625 52.363026 19.668745 69.212081 33.604519 6.226754 85.160929 84.908683 inf 10.280535 33.386219 5.513720 99.673769 inf 19.229513 52.092562 93.563054 inf 28.071233 79.469665 inf 66.079217 91.099162 6.848899 37.617437 59.694308 10.095408 52.659144 85.289238 inf inf 74.608560 20.757168 89.676158 32.230063 inf 39.922788 82.343483 84.798255 inf 43.677482 16.793554 12.890849 62.373414 inf inf 31.673434 inf
78.222629 84.993030 inf 9.718889 inf 80.340113 inf 68.274309 51.404063 3.651228 inf inf 94.176689 22.769715 76.979508 6.821147 inf 42.875676 22.365076 91.261459 61.895217 inf 33.544543 48.215664 55.877964 26.279980 82.730180 inf 23.704300 18.254524 59.428621 inf 60.478283 55.421434 28.895399 inf inf 60.796064 34.523089 48.132491 inf 18.451708 61.467442 80.316630 77.355430 76.359126 98.666597 63.519150 35.014693 inf 69.263005 inf 8.629710 inf 16.934956 24.356959 77.689434 35.380613 inf 36.771368 45.977615 inf inf 79.338216 42.735297
48.860942 inf 17.258050 69.236790 inf inf 76.746648 inf 96.090117 8.531213 83.694615 21.138577 68.423863 inf 8.725105 59.879213 86.006792 52.680930 81.124883 8.972570 13.652039 13.006912 inf 9.092247 inf 53.375019 23.992666 18.593774 85.866836 69.199705 inf 40.082925 83.038727 41.791725 20.867074 inf inf inf 86.758273 54.539575 39.242077 inf 71.736128 88.805685 inf 73.745171 inf 24.805917 23.343622 83.807465 inf inf 69.149890 41.281393 19.599708 79.676558 19.188737 43.662229 7.581898 47.285423 14.277204 inf 68.178826 inf 73.739947
61.285104 55.661425 inf inf inf 45.007205 94.626272 inf inf 93.171208 inf 42.909987 58.101646 35.208857 21.709589 inf 98.313742 3.940543 71.567652 inf 82.787215 inf 96.617755 94.398811 inf 80.770463 96.707411 24.552789 13.310381 13.151392 61.992052 24.664394 inf 24.617616 inf 97.081458 inf inf inf 40.291691 66.053083 46.219167 71.708583 inf 58.563948 inf 29.605514 inf 10.959329 14.796128 83.719210 58.907982 49.925213 70.074547 40.825631 89.446529 inf inf 31.893799 78.816519 32.252081 inf 38.628258 26.382524 34.860567
83.119235 inf inf 55.994627 57.316104 inf 18.664064 28.521581 79.910882 5.698299 inf 30.661486 10.539677 inf 69.149817 inf 73.435621 inf 70.991712 86.816790 70.876278 65.606754 70.879830 38.254569 24.386426 10.395602 44.161736 inf 97.230346 50.900494 11.740042 44.235927 inf 40.008545 35.268877 44.211087 62.615359 inf inf inf 56.163659 inf inf 79.685090 31.702861 9.609154 18.307514 inf 4.109838 inf 22.109067 91.053131 inf 36.175780 inf 37.532748 23.371367 inf 78.272263 inf inf 69.826373 inf 72.836340 24.151203
73.714753 inf 26.789702 24.438639 38.982718 67.888517 91.529278 90.700185 10.538306 92.019748 16.673200 inf 44.938453 60.172167 60.999410 46.753599 26.292416 89.264635 54.359373 95.209998 20.146122 96.080282 inf inf 45.306655 28.788800 37.630450 inf inf inf inf inf 47.824794 23.573845 5.490000 40.304081 25.866730 31.542257 inf inf inf 6.207669 92.501072 inf 43.208106 21.711151 inf 36.454373 inf inf 27.195401 2.287855 inf 68.218740 inf 93.678704 27.621429 80.688788 99.684265 inf inf inf 81.292988 26.402517 inf
95.677132 41.959354 inf 98.087871 90.606163 25.051763 69.364922 7.465372 inf 42.673852 8.843369 4.207937 inf 87.172125 80.127157 inf 19.633475 59.007883 inf 42.182545 75.627710 23.259179 inf 16.132371 inf 49.047921 6.555132 17.736610 55.961935 78.995098 88.580427 80.990202 inf 81.110859 8.143386 inf 48.887228 79.459444 18.236333 inf inf 84.172499 66.663597 inf inf inf inf 64.241481 78.435454 6.778056 53.485307 49.497294 67.848326 41.594043 45.430683 25.452652 80.335889 18.720716 inf inf inf inf 50.216815 inf 55.513231
4.723269 76.029069 80.425484 98.758072 inf 47.406702 inf inf inf 39.053450 inf 37.255636 34.867854 24.966870 96.951808 22.306014 43.562424 inf 1.036906 40.840350 52.411151 inf inf 8.855441 25.387407 inf 7.976694 78.082669 15.008470 83.599339 10.723143 7.880925 91.089992 inf 4.677225 34.690343 inf 45.907045 inf 31.051156 28.999548 inf 69.097828 90.189175 inf 73.211696 69.404080 32.504241 24.133822 98.842404 39.405869 54.535747 1.571059 11.374154 83.833541 73.815054 inf 33.272107 22.255396 inf 58.687536 inf inf 68.463697 inf
inf 22.926599 48.656932 45.908887 65.978087 inf inf 59.427437 80.106954 inf inf 90.145334 17.727258 inf inf inf 21.126572 81.299836 58.931871 51.072068 74.275164 inf 67.622517 inf 49.377617 10.572913 82.767747 40.829253 inf 87.597204 95.082719 12.353431 65.899908 78.650284 32.979581 60.544782 45.900063 27.096793 inf 14.749116 27.635043 66.546074 inf 60.973520 32.721693 inf inf 29.630418 inf 70.295188 86.312377 89.844169 inf inf inf 46.571642 34.040035 73.090527 96.950054 91.912985 89.853229 93.942192 43.412587 26.960837 92.141105
75.824856 58.904112 50.597793 77.478576 88.690043 37.450025 12.163347 72.772257 inf inf 92.000690 9.170337 26.252138 94.820431 14.358137 92.993632 89.032997 6.194995 53.435629 94.485922 61.566074 24.755082 inf 50.336132 7.995314 inf 66.978837 42.917139 28.378455 51.847683 8.445069 inf inf 18.430780 89.924509 41.831382 84.035388 inf 26.950904 inf inf 96.299586 49.629528 inf 2.094521 83.834676 57.587455 35.137787 74.805090 71.730596 64.469468 55.273053 inf 22.557801 inf 39.500796 inf inf 59.836160 96.402864 89.955355 2.236670 23.490042 inf inf
61.676407 62.698707 54.873831 39.098501 83.134563 inf 31.412012 39.090877 inf 13.093393 inf 42.841093 73.102071 1.698341 18.301885 71.777005 66.930221 9.150667 35.586537 16.981758 inf 25.568294 inf 53.676004 inf inf inf inf inf inf 7.703644 inf 94.280406 inf 89.062146 7.535294 inf 20.853305 31.927041 45.787239 inf inf 32.640825 89.935354 inf inf 92.454777 36.253251 45.819267 88.807157 97.436932 4.201411 1.279841 72.315868 56.573335 72.768730 42.117839 90.442144 74.796908 89.493399 6.714903 72.861565 37.423091 72.815681 inf
15.107053 46.162324 31.870684 inf inf 77.408733 87.123112 59.436110 60.389450 inf inf 29.948968 inf 87.163318 98.729168 89.186193 inf 27.210084 17.208414 inf 26.903722 73.558769 47.580304 83.563831 39.555762 7.002177 55.838545 10.082099 46.351725 inf inf inf 84.069602 48.431064 89.001288 90.749585 19.046781 inf 79.270601 64.298627 inf 53.185894 inf 92.405125 inf inf inf 39.314062 83.722793 84.994717 45.655499 7.762032 46.498960 inf inf inf 79.987137 inf 35.848391 5.648537 inf 91.165339 94.326312 inf 85.339956
74.073612 inf 21.967406 95.771385 59.967404 44.598657 inf 74.369743 28.876172 85.047817 75.994862 11.231058 36.398635 1.687347 inf inf inf 40.089396 28.078672 31.780935 1.925795 30.719991 11.358960 71.975678 38.220987 25.382458 33.473369 95.695738 78.883136 67.976782 inf 75.489546 69.040296 inf inf 30.497811 inf 12.001440 31.948256 inf inf 24.895796 inf 54.616151 8.334548 inf inf inf inf inf 34.620582 3.891107 inf 3.118128 inf inf 79.920746 52.225970 1.450229 56.783731 96.176255 inf 69.405944 inf inf
inf 6.724139 34.897181 12.816824 36.426718 inf 19.474321 inf inf 82.199410 72.064273 inf 16.602536 78.481575 15.069244 44.037521 42.409428 94.770737 inf 77.714401 56.723644 86.838776 87.116252 61.369733 23.389236 inf 58.295805 14.821322 inf 25.703045 4.192647 58.684762 68.872516 inf inf 34.006896 53.030065 inf inf 12.832902 29.598561 91.944140 21.861942 2.589781 36.581455 95.172866 inf inf 1.899679 86.820482 49.255369 77.061059 6.157734 79.186647 inf 65.594668 27.764683 76.229535 inf 95.346250 inf inf 95.569888 inf 78.964810
89.931441 inf 81.699392 16.329040 90.150431 64.867796 54.994325 31.023349 98.563265 44.024737 81.159917 57.445362 85.946964 47.628701 68.659058 inf 6.989390 76.571690 84.643360 99.564324 43.360121 inf 56.942405 94.431288 56.262998 inf inf inf inf inf inf 63.944665 inf inf 53.495579 21.254676 64.735626 38.337670 84.967661 inf 97.421026 18.645309 inf 53.701729 17.030382 91.295565 inf 64.850757 inf inf 97.526104 28.527486 31.563577 inf 65.208166 65.832837 45.701913 42.363562 28.088318 65.932968 48.065460 inf 59.152602 91.904501 50.398735
inf 12.981358 77.770541 87.458569 65.466217 64.244833 67.875376 inf inf 9.560914 inf 88.400544 inf 69.085276 19.588823 6.773708 inf inf 45.535483 inf 70.378827 80.680648 19.859391 inf 42.294747 63.945663 75.943382 10.472887 38.667477 92.219301 50.892556 inf 68.323498 inf 13.137703 inf 21.694612 74.162857 inf inf 76.319085 30.789993 71.815385 99.825243 97.625381 3.328986 inf 39.261144 inf inf 50.097255 92.650077 inf inf 26.010317 56.539706 64.717653 inf 84.280989 14.735822 inf inf inf 68.820728 82.799422
96.464443 inf 67.667630 inf 50.399934 97.233434 26.048562 32.740007 89.055671 52.065467 8.341358 inf 57.482640 92.442869 inf 93.496182 94.911545 34.739556 5.588620 37.895714 inf 20.003589 45.006812 76.030176 54.929315 28.693500 inf 58.537279 33.963714 79.009443 8.481265 40.013114 74.468623 16.872340 69.995239 6.460942 inf 15.674446 64.742455 63.725013 18.761784 71.871101 16.659663 72.385246 55.717531 63.223831 85.953026 82.279606 28.986009 81.721668 inf inf 85.913733 27.241214 95.854389 45.871929 12.900955 87.052203 57.965738 14.979163 inf inf inf 50.174485 72.647528
45.796127 38.174953 13.106853 inf 50.097938 inf 17.605991 90.002414 inf 31.686094 73.022542 inf 90.002863 5.344356 inf inf 99.608735 inf 94.038857 16.066180 inf inf 51.021427 74.650487 11.138862 45.183778 96.565709 66.659658 9.667957 inf 14.533469 90.733239 inf 13.539624 58.644643 inf inf 58.142962 52.099434 57.276320 30.995981 74.844789 99.986401 7.215580 30.904369 42.989452 79.487627 41.877076 3.351460 97.204031 inf inf 25.217797 inf 55.480722 inf 54.192042 92.296985 7.681850 inf 82.013296 11.188676 78.445137 66.064854 87.307898
66.749018 18.694981 32.539581 95.935098 33.734252 inf 57.844823 3.525804 1.579421 13.441063 49.546700 7.284384 41.054152 27.358677 69.126229 86.030400 inf 70.485232 38.888210 9.019101 3.616803 inf 86.092572 23.727803 inf 50.296963 inf inf inf 65.990517 21.247275 51.455297 inf 86.529200 inf 41.855395 23.252962 69.294196 inf inf 24.235940 30.903673 inf inf 12.681582 30.013364 inf 1.208188 37.321752 inf 55.747706 32.898881 inf 97.527138 73.920612 12.241291 inf 20.190697 inf 93.946868 53.503350 20.396394 inf 41.792992 96.129293
8.161161 98.559100 9.354524 21.212795 47.969593 inf 86.844377 inf 41.174919 inf inf 24.566150 64.920631 48.065070 28.571868 inf inf 80.256825 inf 82.180573 inf inf 40.085559 inf 1.156817 72.164946 83.269914 inf 88.548735 14.889200 94.502063 12.695476 37.137840 7.545904 73.142556 inf 94.185568 71.103568 38.657180 86.143861 30.119685 25.525561 inf 45.037993 23.378155 inf 21.222966 48.331212 inf inf 92.610710 inf 60.659211 inf inf inf 95.236539 inf 93.909741 32.607167 62.212523 88.416785 inf inf 21.066928
inf 12.306948 inf 20.440882 74.056313 inf inf inf 91.487139 67.024122 77.167499 inf 64.748065 7.532227 74.698042 16.710083 inf 46.445074 inf 91.510661 15.160955 56.712719 58.749679 49.332865 89.202935 inf 9.256379 62.039962 89.234578 inf 76.410719 54.304359 46.753425 81.779629 72.237315 40.708648 58.986387 7.916323 inf inf 58.371223 12.788428 inf inf 76.749605 inf inf inf 97.577249 90.997582 29.355254 6.415299 63.026892 inf inf 90.990315 39.229275 21.507632 inf inf inf 52.250162 70.564999 37.593578 inf
70.279764 78.492759 11.877029 92.884096 4.418066 44.991492 inf 52.995674 inf inf inf inf 50.410359 97.182963 96.734989 inf 34.219030 inf inf 4.323641 91.602027 33.672771 inf 56.667971 10.311457 59.577448 26.854714 inf inf 50.182865 55.845823 34.682776 31.715431 56.126145 52.169313 16.278732 5.348536 87.524054 64.334743 78.239790 99.413189 23.108737 76.264053 64.651527 50.709559 inf inf 62.393936 68.129942 21.886608 18.990340 inf 24.448632 inf 40.105003 inf 51.946138 inf 96.216587 77.015380 87.324082 inf 33.258106 53.560667 20.561416
25.803325 inf 49.094301 18.114030 59.094068 28.984075 53.118687 inf inf 13.031595 26.719395 inf 85.117141 inf 37.805493 79.993256 52.448844 22.180926 44.512558 inf 64.694090 inf 49.263013 89.461812 37.467831 53.442868 inf 64.651828 54.735540 inf inf 86.470862 inf 68.945499 inf 25.467509 87.191871 inf 58.329833 58.706425 22.890666 inf 60.345089 inf 18.375474 96.698806 76.856793 58.859421 68.330868 70.730324 15.291275 25.741053 inf 49.804607 32.674346 19.407729 inf 50.328761 59.620346 inf 88.410775 55.761917 inf 18.427421 inf
50.216769 inf 16.877762 22.998108 39.003077 97.164171 94.751110 65.195264 10.824339 1.335996 9.738127 31.391313 85.466780 12.348617 11.225576 92.743905 89.967213 inf inf 25.336911 inf 88.524670 inf 12.948644 56.185137 38.522614 7.328577 12.892253 inf 76.192664 21.553737 inf 86.771627 inf 57.073933 72.462229 6.149347 inf inf 81.831313 33.936462 15.934710 59.735911 inf 29.815088 inf 24.560124 83.120849 92.449195 inf 93.261424 97.044078 26.772515 inf 39.526257 inf 66.081721 inf 9.125980 inf inf 39.308089 inf 66.077844 13.742818
inf inf 8.215964 inf 85.595664 inf 69.822319 17.249666 41.323603 inf 28.837993 44.413983 inf 50.796967 23.221844 31.489766 46.409118 35.098735 38.132016 77.983390 71.759169 68.588108 79.433798 inf 17.604770 47.141526 12.550923 inf inf 83.492238 88.121235 61.517181 39.893439 87.378254 62.559716 inf 14.813298 51.786164 53.280793 66.992374 inf 47.552785 45.795856 25.886405 25.057654 93.576107 76.815435 inf 98.034908 34.362248 75.126299 60.430997 inf 30.211174 inf 48.405189 33.238288 44.429496 inf inf 75.370491 40.074212 inf 88.800684 71.654101
16.927913 30.573258 inf 17.322733 inf 48.290149 25.356048 89.801370 39.695368 69.257763 18.772655 9.061823 45.812147 20.104328 48.232837 41.508850 inf 98.539706 44.405916 1.470712 86.851065 9.635215 49.162244 60.970549 50.533861 inf 72.636828 43.617160 5.687583 inf inf 39.806394 74.961212 49.712082 22.502917 62.477462 74.463959 60.355497 inf inf inf inf 61.723466 88.201641 13.660234 54.927254 6.218393 33.768834 44.663522 29.756595 87.413589 inf 15.985300 96.839494 inf 94.470766 inf inf inf inf 95.067320 87.678392 inf 46.574608 61.945553
9.906337 inf 35.623493 inf 87.261440 91.186357 34.178931 44.982333 inf inf inf inf inf inf 97.949473 87.952672 68.071881 inf 82.146861 45.934275 41.446013 96.631957 77.929774 inf 81.730027 34.239491 inf 80.240408 88.963846 40.767189 36.091692 21.608235 17.083538 inf 94.809268 35.054252 29.782220 18.875262 inf inf inf 7.325589 14.398182 30.511226 99.898272 inf 26.147165 inf 26.181800 inf inf 74.043957 53.624026 95.807577 inf 61.473583 6.276901 inf 32.744142 4.544103 inf 36.219707 inf 7.966824 41.989338
28.387916 21.671180 inf 40.961539 4.537171 96.343278 13.593955 inf inf 46.872987 18.696955 65.723420 23.562872 13.846538 57.993668 81.665557 73.502626 6.495309 67.046834 inf 77.378021 55.721625 inf 2.158100 inf inf 48.072234 39.502103 76.074769 14.828218 68.410713 96.025591 75.443178 47.557295 inf inf inf inf 37.766112 inf inf inf 21.153555 20.035991 76.918672 59.201967 inf inf inf inf inf 76.698821 65.799387 69.863385 54.596597 inf 13.690096 57.642877 78.904735 65.525707 89.022625 inf 71.533946 inf 77.247655
inf 52.884774 62.396582 53.774627 inf 94.001963 inf 3.798534 29.416658 38.241644 55.413107 inf 7.506230 24.704293 inf 87.166582 80.402831 inf inf 1.491145 inf 75.959547 27.329415 61.589167 inf 21.879371 47.230721 inf 74.073605 inf 36.454728 3.331007 inf 66.187073 inf inf 33.380372 73.341887 inf 30.492725 25.902829 inf 96.079800 8.947064 7.401174 13.856339 71.597312 4.016224 50.462488 inf inf 32.962549 inf inf 71.745283 21.614118 inf inf inf inf inf 71.725180 inf 22.846104 40.910432
41.957130 inf 70.703440 inf inf 12.914118 95.785622 57.079738 inf 47.583988 98.201862 22.977793 inf 3.423868 74.703058 16.792246 99.809953 53.646176 42.207263 inf inf 29.469798 49.752291 59.510698 inf inf 51.762210 47.375644 93.892281 70.606864 31.704409 inf 68.375025 inf 90.258647 65.039104 inf 33.076566 45.207440 24.750516 inf 46.308499 46.598733 inf 28.268584 inf inf inf 99.977617 73.121720 41.085882 54.388968 78.925608 inf 94.757934 29.181730 40.456969 69.168868 77.440610 40.491022 80.815645 inf 10.916469 inf 10.936265
64.727351 30.126400 20.748740 16.077348 1.403341 1.394781 49.704755 59.649245 96.863664 92.441039 11.452043 inf 43.899700 36.465743 93.801952 inf 75.195718 83.754916 inf 48.242355 57.773235 inf 5.907422 58.071581 81.161241 5.141535 71.972161 3.729902 inf inf inf 98.535611 42.823611 49.314596 inf 83.965864 31.417148 88.538450 16.990726 inf 47.079474 inf 82.497979 inf inf 81.520219 inf 59.806653 41.943621 94.365841 20.339283 28.103526 78.639549 35.013167 inf 1.784291 inf 55.887985 22.344959 19.256138 9.978810 81.846495 56.930680 78.328680 inf
