inf 13.490686 48.663267 20.794397 inf 8.379138 inf inf inf inf 90.035513 inf inf 15.936142 inf 83.430603 48.740061 69.108819 inf inf inf 71.917473 inf 94.133081 10.007126 64.412838 inf inf 43.498047 7.297252 inf inf 39.233206 66.872770 inf inf 92.097080 40.788913 inf 98.337759
60.035983 inf 15.918709 inf inf 69.210315 33.710906 inf 68.442513 65.058951 inf inf inf inf 61.826650 69.118241 inf inf 49.403617 78.747642 inf inf inf 3.339394 inf inf inf 63.507951 44.329442 inf inf inf inf 66.592184 22.385828 18.612482 inf inf inf 46.427848
24.141985 45.084912 inf inf inf inf 1.679834 inf 87.052809 inf inf inf 95.893778 inf 92.323408 inf 11.212333 inf inf inf 40.929495 33.090719 15.920583 inf inf 31.505451 91.049273 inf inf 82.222689 inf inf inf 44.051038 inf inf 75.697459 inf inf 83.072897
27.776098 inf inf inf 26.985764 69.134917 inf 73.884932 inf inf inf 5.845198 22.441587 98.454001 inf inf 8.698351 inf 62.477441 60.900101 1.872669 inf inf 43.505047 inf 27.755923 8.415833 1.053915 inf inf 96.528801 inf inf inf 6.579453 inf 67.547161 inf inf 23.509180
inf inf inf 95.399590 inf inf 61.064227 21.342873 51.531956 62.584375 inf inf 78.771882 inf 75.836596 inf 2.553557 inf inf inf 86.686649 inf inf inf inf inf 87.111749 inf inf 62.046513 inf inf 22.886349 55.323496 inf inf 73.458472 inf 99.767768 inf
34.848346 28.220817 inf 23.627120 inf inf 10.289860 11.984602 inf inf inf 22.574362 78.255415 2.282774 75.084438 inf 76.300160 78.332480 15.112299 inf inf inf 70.836251 inf inf inf 76.878288 inf 4.662807 inf inf inf inf 96.048307 inf 50.622325 inf 56.775966 36.596058 67.235857
inf 31.899530 77.197169 inf 31.627713 74.872343 inf inf 45.595645 inf 73.041016 inf inf inf inf inf inf inf 95.814233 inf inf inf inf inf inf inf 65.356072 59.097004 inf inf inf inf inf 97.125944 inf inf inf inf 47.788222 inf
inf inf inf 6.775328 44.218873 23.510370 inf inf inf 85.087918 54.342998 16.997898 inf 46.298881 inf inf inf inf inf inf inf inf 44.414312 inf inf 99.447604 inf inf inf 64.733294 60.870688 inf 35.759854 inf 85.475136 75.461389 57.592537 inf 5.746289 inf
inf 20.439937 90.130474 inf 11.655231 inf 82.919567 inf inf inf inf inf 28.824494 26.300600 64.861217 30.227222 39.408612 inf 54.089511 inf inf inf inf inf 63.472564 inf inf 92.908074 94.806689 8.697777 inf 46.076426 inf 39.668807 60.930730 23.460000 inf inf inf inf
inf 93.009546 inf inf 61.633625 inf inf 17.657833 inf inf 40.119852 inf inf inf inf inf 65.614394 inf inf inf inf inf inf inf 80.892743 inf 92.082459 inf 17.846873 31.440261 inf inf inf 8.405652 inf 91.266398 inf inf 15.399594 inf
29.820420 inf inf inf inf inf 60.962787 13.116501 inf 79.175288 inf 12.419147 inf 45.598514 inf inf inf inf inf inf inf inf inf 4.695820 18.519903 inf inf 63.624602 7.691040 inf inf 68.280792 24.363095 inf inf inf 23.778806 inf 13.208894 inf
inf inf inf 99.032895 inf 33.535106 inf 45.707779 inf inf 94.467244 inf inf inf inf inf inf 27.551294 40.121695 91.978344 57.690879 inf inf 15.389831 inf inf 29.097372 inf 33.616897 14.377245 69.475286 inf inf inf 2.252242 inf 62.557137 inf 67.485698 inf
inf inf 29.232022 80.430494 86.213841 35.298863 inf inf 35.364508 inf inf inf inf 52.127313 inf inf inf 90.430671 inf 18.384070 inf inf inf 81.059400 inf inf inf 33.825696 49.876041 10.582291 inf inf 17.517840 inf inf inf inf inf inf inf
90.514860 inf inf 11.057768 inf 57.589889 inf 78.350756 32.611901 inf 1.355548 inf 45.872309 inf inf inf 74.591625 inf 91.306222 inf 72.168693 inf 17.135295 inf inf inf 68.813029 inf inf 90.357787 inf 56.848042 inf inf 68.504886 inf 55.269434 inf inf inf
inf 48.639385 63.771946 inf 46.297952 41.193178 inf inf 19.829216 inf inf inf inf inf inf 48.519275 87.394253 inf inf 41.935364 inf inf 33.166505 28.322355 inf inf inf 23.782376 55.136056 inf inf inf inf 99.735019 inf inf 26.648465 inf inf inf
55.360760 32.628996 inf inf inf inf inf inf 39.401274 inf inf inf inf inf 53.747829 inf inf inf inf 62.586877 inf 52.206484 inf inf 66.400404 inf 49.473815 9.892556 inf 76.114877 51.033745 54.206343 40.360578 inf 24.142190 48.173682 38.487349 inf inf inf
7.299964 inf 7.338779 17.994082 82.890324 94.719141 inf inf 37.145867 9.180917 inf inf inf 17.402688 32.245197 inf inf inf 10.202750 inf inf 66.366655 61.931427 inf 35.808987 inf inf 53.410005 5.165357 inf inf 83.352099 24.465081 inf inf 95.523866 inf inf inf inf
86.946106 inf inf inf inf 39.219748 inf inf inf inf inf 86.490892 7.089385 inf inf inf inf inf inf 88.422089 inf 44.329275 inf inf 25.844156 85.399807 inf 38.523689 inf 12.699038 83.060935 70.961496 29.403107 inf inf inf inf inf inf inf
inf 85.845916 inf 97.597030 inf 2.249395 42.694438 inf 67.520363 inf inf 38.659351 inf 61.418960 inf inf 55.604488 inf inf 44.288626 inf 22.123924 inf 49.977031 99.386309 inf inf inf inf inf 19.352300 inf 45.192539 37.973263 inf inf 84.237713 inf inf 30.270575
inf 48.370482 inf 86.243601 inf inf inf inf inf inf inf 32.337929 4.641740 inf 44.458078 81.123446 inf 15.472660 31.116549 inf inf inf 99.680468 inf 37.357236 inf inf inf inf inf inf 30.620625 inf 43.311095 21.015944 1.761059 inf inf inf inf
inf inf 40.753218 67.824307 33.296160 inf inf inf inf inf inf 36.228437 inf 99.209733 inf inf inf inf inf inf inf 13.809685 87.837686 inf inf inf 71.149856 13.013001 81.949089 inf inf inf 8.149918 inf 57.498757 inf 8.283287 inf inf 88.846191
83.032030 inf 83.294456 inf inf inf inf inf inf inf inf inf inf inf inf 77.699741 37.251296 17.625436 19.630911 inf 52.927513 inf inf inf inf inf inf inf inf 63.468934 inf inf inf inf 67.614812 inf inf 14.363576 inf 68.412478
inf inf 49.078420 inf inf 96.331108 inf 44.691144 inf inf inf inf inf 57.032401 43.762957 inf 85.198932 inf inf 61.246357 43.035100 inf inf inf inf inf inf inf inf inf inf inf inf inf 91.540623 inf inf inf 5.846667 78.333415
58.164854 75.153071 inf 23.135268 inf inf inf inf inf inf 83.503596 93.178445 21.145782 inf 98.762724 inf inf inf 28.701920 inf inf inf inf inf inf 25.857687 5.207540 inf inf inf 48.839848 inf 34.335360 inf 76.725703 inf inf inf 44.096278 inf
81.429884 inf inf inf inf inf inf inf 64.395825 26.649324 22.893942 inf inf inf inf 91.687282 57.843033 72.481196 24.232764 43.579022 inf inf inf inf inf inf inf 27.952006 inf 70.926901 inf inf inf inf inf inf 74.433042 inf 16.413487 3.247613
59.642453 inf 73.172792 18.367282 inf inf inf 94.770656 inf inf inf inf inf inf inf inf inf 89.431659 inf inf inf inf inf 72.961340 inf inf inf inf 86.406264 inf inf inf 79.892208 56.767657 inf inf inf 89.126196 20.297670 inf
inf inf 8.775263 26.990786 11.619469 61.961129 42.314649 inf inf 70.156140 inf 66.898341 inf 46.474876 inf 20.192031 inf inf inf inf 63.356023 inf inf 90.128193 inf inf inf inf inf 22.381714 24.984703 inf inf 50.930016 inf inf 54.686118 92.797865 26.606676 1.967162
inf 37.621923 inf 84.057464 inf inf 12.337103 inf 69.008077 inf 36.887287 inf 21.169443 inf 63.434594 85.591899 35.192689 94.420290 inf inf 2.562734 inf inf inf 4.652414 inf inf inf inf 70.061592 10.313142 inf inf 61.889989 inf inf inf 31.630489 94.910523 inf
40.626822 86.857745 inf inf inf 64.980472 inf inf 71.943636 31.448254 24.617531 20.772275 91.021148 inf 59.185742 inf 16.230876 inf inf inf 63.315850 inf inf inf inf 70.779422 inf inf inf inf 21.653879 inf inf inf 84.564185 inf 55.432014 55.258025 inf inf
35.855132 inf 10.108419 inf 61.652599 inf inf 86.383887 55.991651 77.111206 inf 51.981631 19.468652 83.666974 inf 42.571019 inf 36.096584 inf inf inf 58.897385 inf inf 35.028608 inf 30.360022 61.328730 inf inf inf inf 8.412500 inf inf 91.702764 inf inf 22.546192 inf
inf inf inf 84.196279 inf inf inf 21.119589 inf inf inf 28.263633 inf inf inf 3.615772 inf 53.301123 40.602880 inf inf inf inf 70.924041 inf inf 43.545573 58.626222 46.569654 inf inf 87.425383 inf inf inf 11.038814 93.622739 inf 2.422214 inf
inf inf inf inf inf inf inf inf 23.412703 inf 74.405569 inf inf 18.213767 inf 72.657052 96.377639 28.123488 inf 37.250370 inf inf inf inf inf inf inf inf inf inf 59.230287 inf 12.072177 inf 58.089349 inf inf 42.559187 inf inf
73.819905 inf inf inf 66.505558 inf inf 47.854513 inf inf 62.683632 inf 25.918256 inf inf 43.547611 47.289756 25.223988 80.275162 inf 92.605444 inf inf 56.383206 inf 98.872004 inf inf inf 51.918560 inf 73.763899 inf inf inf 43.667580 3.904643 inf 85.398241 inf
25.237835 21.424729 63.055282 inf 51.149600 31.107112 40.515337 inf 76.318413 48.315388 inf inf inf inf 11.330468 inf inf inf 40.337236 17.230026 inf inf inf inf inf 66.552014 8.384893 56.429228 inf inf inf inf inf inf inf inf 32.145827 inf 48.232270 inf
inf 68.746539 inf 85.525566 inf inf inf 73.751834 11.598779 inf inf 46.478232 inf 65.073121 inf 43.402896 inf inf inf 6.625876 4.143048 79.919530 76.081174 65.891269 inf inf inf inf 31.885317 inf inf 57.274519 inf inf inf 19.759801 inf 63.890041 44.737681 inf
inf 44.518260 inf inf inf 6.678510 inf 39.670902 34.329523 29.416217 inf inf inf inf inf 66.628919 26.728601 inf inf 88.058207 inf inf inf inf inf inf inf inf inf 49.445673 80.839044 inf 97.977645 inf 15.520789 inf inf inf inf inf
21.553894 inf 69.204400 70.237599 71.351368 inf inf 70.984478 inf inf 37.027490 55.009931 inf 27.101418 77.051071 67.007838 inf inf 26.802718 inf 59.809564 inf inf inf 77.747700 inf 2.998212 inf 16.979285 inf 57.505346 inf 71.400216 36.295646 inf inf inf 70.789536 inf inf
16.046267 inf inf inf inf 91.876619 inf inf inf inf inf inf inf inf inf inf inf inf inf inf inf 71.521918 inf inf inf 26.083061 80.172650 8.053282 47.324179 inf inf 43.427556 inf inf 25.975165 inf 34.320139 inf 21.631278 inf
inf inf inf inf 27.945893 37.664399 79.046247 81.509905 inf 14.023780 56.251762 5.634606 inf inf inf inf inf inf inf inf inf inf 92.068308 21.942699 72.396607 62.750262 29.537610 59.643153 inf 6.404449 83.454915 inf 82.143815 32.096432 69.912030 inf inf 43.674313 inf inf
25.119458 23.021932 21.058503 74.726954 inf 1.221239 inf inf inf inf inf inf inf inf inf inf inf inf 34.351090 inf 88.374029 3.129126 61.561322 inf 97.173843 inf 89.633882 inf inf inf inf inf inf inf inf inf inf inf inf inf
