inf inf inf 87.056057 inf inf inf inf inf inf 43.989551 39.330437 inf inf 88.663248 45.804398 inf 6.052184 inf inf 61.029437 30.216093 inf inf 64.382553 34.748863 6.583680 89.122843 inf 19.642516 inf 87.368255 37.419090 inf 58.271326 inf 78.447039 inf inf inf 66.415947 61.220520 60.414915 46.620496 78.786044
inf inf 3.703442 30.576041 10.127158 inf inf inf inf 3.414420 80.400941 inf 25.359302 inf 90.041506 40.357167 inf 66.500161 39.541102 inf inf inf inf inf inf inf inf inf 52.408861 inf 68.743409 29.013873 8.842174 inf inf 35.794518 inf inf inf inf inf 10.217271 44.428586 inf 96.545365
inf 74.043337 inf inf inf 33.978459 6.311659 inf 43.965234 90.871823 65.663546 78.252647 inf inf inf 57.074118 81.313376 55.090413 10.001069 52.366580 72.787747 52.145318 63.512046 inf 34.900975 inf 90.073721 inf inf 71.405722 inf inf 2.943430 inf 15.592569 15.732344 4.702988 85.998744 50.103348 47.966349 inf 3.179451 73.925006 inf 50.268685
80.112224 67.874915 inf inf 62.556726 inf 69.947174 9.078727 inf 82.527057 inf inf 35.649943 inf 1.550879 inf inf inf 22.823637 inf 81.896157 35.046095 inf 63.075106 inf 20.530111 inf inf inf inf inf inf inf inf inf 54.131674 inf 44.290737 inf inf inf 62.053054 inf 75.721503 inf
inf 65.685067 inf 82.868846 inf inf inf 39.923168 16.219912 40.357654 inf 95.791178 62.787856 21.520335 63.328461 inf 91.412710 71.581963 33.077043 15.164327 40.959815 63.662602 inf 84.814483 inf inf inf inf inf 80.030028 inf inf 1.490784 96.000087 inf 30.471943 14.984046 93.381976 inf 1.019939 inf 3.451739 28.198898 inf inf
inf inf 44.601395 inf inf inf inf inf inf 46.674343 inf inf 52.128401 inf inf 40.201610 inf inf inf 39.026433 inf 90.612663 inf 83.954588 63.619332 83.331180 inf inf 18.072394 62.901472 inf 57.391903 inf 76.599238 inf inf inf inf 33.769038 inf inf inf 49.736604 43.155854 inf
inf inf 68.982477 86.563654 inf inf inf inf 70.456768 inf 50.440398 93.621579 28.128308 inf inf inf inf inf 50.459466 76.591804 26.713230 inf inf inf inf inf 98.361391 4.752940 inf inf inf inf 94.215260 inf 13.764961 4.520351 73.994339 inf inf 85.997908 47.685564 19.680224 inf inf 89.293722
inf inf inf 39.149702 91.547522 inf inf inf inf inf inf inf inf inf 66.572163 inf 79.333487 inf inf 21.122978 inf inf inf inf inf 6.937361 64.709356 inf 87.321092 inf inf 3.868619 inf 88.474328 inf inf inf 90.321910 96.650496 61.108000 inf inf inf inf inf
inf inf 35.706499 inf 30.059918 inf 14.457227 inf inf inf 54.360031 inf 90.079047 inf inf inf inf inf inf inf inf 80.880201 inf inf inf inf inf inf 99.957776 inf 66.399149 inf 37.460747 inf inf inf inf 93.229331 95.214302 inf 40.296439 90.172346 33.143638 inf inf
inf 58.170224 18.415875 29.804832 24.395522 3.066762 inf inf inf inf 5.062124 inf inf 81.092724 36.573804 inf inf inf inf inf 94.091468 inf inf inf inf inf 77.797312 28.603224 inf 10.713009 56.321630 inf inf inf 15.763616 inf 42.328758 81.220812 inf inf inf inf 95.191349 inf inf
18.059197 90.332544 81.813527 inf inf inf 49.814649 inf 21.669134 52.263302 inf inf 81.750245 inf inf inf inf 21.000537 8.583334 inf inf inf inf inf 82.266793 inf inf inf inf inf inf 20.124165 13.257377 inf 12.195067 23.370852 8.936208 inf 63.711723 inf inf 2.691294 inf inf 9.288456
10.098123 inf 87.939620 inf 79.474952 inf 93.328923 inf inf inf inf inf 41.972322 72.255765 inf inf inf 12.151633 99.805688 13.435595 inf 30.003464 inf inf inf inf inf inf inf inf inf inf 40.422465 inf inf 10.661199 25.790759 inf inf inf inf 34.868805 inf inf 80.909017
inf 66.695416 inf 55.544565 56.068763 21.473651 24.846709 inf 51.008373 inf 58.722285 61.387294 inf 80.073509 81.329147 18.243272 inf inf inf inf inf inf inf inf inf inf 49.898311 inf inf inf 89.594238 inf inf inf 84.750655 inf inf inf 52.519140 99.248280 99.956662 84.875651 inf inf inf
inf inf inf inf 43.618983 inf inf inf inf 63.431628 inf 72.690470 25.507994 inf inf inf 75.690494 36.589205 inf 40.656961 15.223913 57.037206 7.629069 inf inf inf 59.764538 32.675108 56.051486 inf inf 16.112192 inf inf inf 55.763793 55.687911 inf inf inf inf inf 40.060510 inf inf
52.443128 31.046689 inf 10.984418 29.264465 inf inf 4.848119 inf 41.776907 inf inf 29.941458 inf inf inf inf inf 9.343166 inf 58.600599 inf 41.506516 inf 43.216363 inf inf inf 1.702649 inf inf 61.398443 90.937897 inf 35.847714 65.120409 inf inf inf inf 28.543295 48.562075 inf 46.128234 31.905206
52.242631 89.816676 30.577211 inf inf 4.171888 inf inf inf inf inf inf 85.322134 inf inf inf 95.732040 inf inf inf inf inf 88.934920 82.869746 inf inf inf inf inf inf 58.020678 inf 70.201438 inf inf inf 56.456371 72.794788 inf 52.084851 inf inf inf 13.296120 63.343231
inf inf 82.383123 inf 33.819046 inf inf 66.341392 inf inf inf inf inf 79.729843 inf 32.048136 inf 72.939646 97.250990 inf inf inf 4.643532 10.868047 83.750724 inf inf 78.460971 50.329579 inf inf 53.168610 95.003004 inf inf 78.591337 60.049715 inf inf 87.439015 73.835845 inf 87.968857 11.309834 87.509570
81.538922 51.487696 60.960414 inf 61.795234 inf inf inf inf inf 59.123901 2.504039 inf 55.878225 inf inf 99.034072 inf 98.891338 inf 16.047954 inf inf 99.993227 inf 74.725768 inf inf inf 88.785249 inf inf inf inf inf 15.032493 inf 90.461399 inf 15.474705 inf inf inf inf inf
inf 10.009796 6.696307 75.721950 28.623869 inf 46.483452 inf inf inf 23.492558 82.210891 inf inf 13.662823 inf 95.135690 40.179346 inf inf 86.880850 65.956605 inf 8.851091 90.863952 inf 72.880706 inf inf 21.189073 inf 76.254640 87.828279 inf inf inf inf 58.371338 28.772138 86.034953 55.800295 inf inf inf inf
inf inf 63.046147 inf 30.016690 12.066820 67.146810 79.501877 inf inf inf 7.659195 inf 27.980268 inf inf inf inf inf inf 1.903822 inf inf inf 48.943280 11.229625 inf inf 42.017905 94.070254 inf 63.746507 inf 67.509982 9.755777 inf 76.341431 inf inf inf 51.225113 61.420291 inf inf inf
36.762831 inf 39.700857 14.761535 63.392921 inf 13.859306 inf inf 35.125119 inf inf inf 85.844318 11.327790 inf inf 65.793349 84.406229 76.074014 inf inf inf inf 42.904240 inf 10.956678 85.297795 94.330972 38.570010 37.784309 inf 74.098806 inf 28.568740 8.595524 inf inf 65.407837 41.362044 inf inf inf inf inf
99.724922 inf 6.969769 45.636201 34.637656 35.034694 inf inf 47.801470 inf inf 1.138015 inf 29.650625 inf inf inf inf 30.988288 inf inf inf 93.792383 30.432279 inf inf 57.416822 inf inf inf inf inf 10.139853 41.360868 inf 38.035423 inf inf inf inf inf 62.327699 26.574637 inf 73.221438
inf inf 29.099596 inf inf inf inf inf inf inf inf inf inf 7.114994 34.736245 38.309590 41.658348 inf inf inf inf 28.946186 inf inf 94.885902 33.205222 inf 78.928444 inf inf inf inf inf 90.496714 inf inf inf 30.557010 64.201729 inf inf inf 73.456148 27.998410 inf
inf inf inf 24.342668 42.194576 31.331794 inf inf inf inf inf inf inf inf inf 21.128206 20.908050 31.865183 19.824478 inf inf 84.874091 inf inf inf inf inf inf 44.755487 inf inf 95.745706 7.978942 74.505029 inf inf inf inf 79.243613 inf inf 23.265639 inf inf inf
6.340460 inf 32.339892 inf inf 91.295425 inf inf inf inf 77.572640 inf inf inf 58.971259 inf 27.331764 inf 52.293013 72.970839 76.601776 inf 41.955989 inf inf inf 56.508355 82.022933 inf inf inf 33.184449 inf 56.818409 inf 24.621502 41.712818 63.244819 inf 11.348330 inf 68.056625 inf inf inf
36.514423 inf inf 27.951482 inf 96.979628 inf 2.350378 inf inf inf inf inf inf inf inf inf 18.183274 inf 8.158850 inf inf 6.448037 inf inf inf inf inf inf inf inf inf inf 2.101711 6.908942 inf inf 4.898170 87.946152 14.988489 inf inf inf inf inf
61.922352 inf 92.205867 inf inf inf 30.826306 2.545132 inf 27.190299 inf inf 68.234715 44.256681 inf inf inf inf 46.861530 inf 10.222471 58.986226 inf inf 5.472784 inf inf inf 45.099774 inf inf inf inf inf inf 80.628078 inf 3.152546 18.693186 6.815536 inf inf 54.446535 inf inf
22.660743 inf inf inf inf inf 32.871849 inf inf 59.933079 inf inf inf 60.501018 inf inf 24.691897 inf inf inf 36.938038 inf 41.913893 inf 34.963038 inf inf inf inf inf inf 37.193894 24.902192 38.804018 inf inf 31.795411 6.780972 10.346108 18.744804 inf inf inf 54.681196 inf
inf 91.258707 inf inf inf 60.497817 inf 45.706563 43.804906 inf inf inf inf 95.981365 98.196647 inf 91.731976 inf inf 87.157283 80.630074 inf inf 94.333100 inf inf 43.373415 inf inf inf 90.692794 inf 45.993416 inf 27.079651 inf 10.373462 inf inf inf 20.544650 inf 54.887126 inf 89.538985
99.180066 inf 45.708475 inf 45.081322 1.158623 inf inf inf 6.206698 inf inf inf inf inf inf inf 41.051357 94.636883 20.621506 50.496330 inf inf inf inf inf inf inf inf inf inf 79.307935 11.486358 inf 10.107155 inf inf inf inf 11.934272 1.183022 59.148449 69.264054 inf inf
inf 92.954881 inf inf inf inf inf inf 22.223489 88.763529 inf inf 90.821314 inf inf 13.186848 inf inf inf inf 95.587573 inf inf inf inf inf inf inf 58.124102 inf inf 45.126393 inf 84.646646 74.599760 78.573832 inf inf inf inf inf inf inf inf inf
72.792902 63.039388 inf inf inf 59.431826 inf 68.300262 inf inf 22.229975 inf inf 85.055038 98.519279 inf 99.785180 inf 96.497194 82.347207 inf inf inf 10.438210 96.024573 inf inf 23.663035 inf 47.439843 68.986525 inf inf 91.509378 97.254594 inf inf inf inf 34.628642 inf inf 18.386153 83.606409 inf
86.023984 1.369073 47.397460 inf 17.300081 inf 18.160486 inf 65.259725 inf 72.693274 60.427286 inf inf 63.274878 22.189687 26.485493 inf 57.248848 inf 7.254613 90.150152 inf 41.677894 inf inf inf 77.924361 11.362757 25.131014 inf inf inf inf inf inf 55.139612 inf inf inf inf inf 97.314378 inf 49.820837
inf inf inf inf 57.232018 14.981710 inf 44.007135 inf inf inf inf inf inf inf inf inf inf inf 63.993769 inf 34.213744 97.467745 78.422669 87.347867 73.234296 inf 40.225505 inf inf 88.585120 54.907522 inf inf 19.388260 inf inf inf inf inf 30.240962 inf 48.337617 83.562044 inf
18.566169 inf 92.133051 inf inf inf 30.412452 inf inf 88.183470 16.497322 inf 59.492749 inf 51.214660 inf inf inf inf 62.396193 98.101821 inf inf inf inf 72.800405 inf inf 77.355946 73.520148 98.259917 44.876530 inf 41.111396 inf inf 58.938498 inf 7.894774 95.174140 inf 69.124776 inf inf inf
inf 41.989408 32.808117 55.842311 4.620182 inf 25.017946 inf inf inf 1.301518 13.152472 inf 71.584129 50.354286 inf 75.798169 57.448323 inf inf 25.179085 28.843010 inf inf 24.591565 inf 72.595387 inf inf inf 16.104463 inf inf inf inf inf inf inf inf 25.821624 inf 4.241291 inf inf 4.393068
5.598957 inf 40.512135 inf 69.810702 inf 58.445972 inf inf 50.510413 49.465653 39.023786 inf 12.684478 inf 42.089929 26.630281 inf inf 35.340206 inf inf inf inf 75.017268 inf inf 11.210518 14.046246 inf inf inf 83.049541 inf 74.250112 inf inf 96.102316 81.532962 66.795515 8.230039 inf inf inf 4.995970
inf inf 42.407756 7.767725 55.981489 inf inf 22.463967 27.779095 54.714165 inf inf inf inf inf 55.866735 inf 21.699084 56.435439 inf inf inf 33.786637 inf 7.890098 40.424597 84.499794 28.535352 inf inf inf inf inf inf inf inf 95.175350 inf 53.637964 29.028376 inf 20.472051 inf 63.671774 inf
inf inf 7.411704 inf inf 42.759608 inf 45.778176 84.139520 inf 69.239142 inf 76.431819 inf inf inf inf inf 80.329209 inf 29.303773 inf 54.055516 81.194246 inf 77.938865 69.918626 25.855024 inf inf inf inf inf inf 10.541747 inf 4.315118 3.871139 inf 30.343013 inf inf inf 53.031017 71.236355
inf inf 65.462789 inf 20.296771 inf 91.875966 83.895048 inf inf inf inf 90.997602 inf inf 31.608277 39.648837 8.536051 61.541090 inf 11.827570 inf inf inf 87.388496 79.755766 84.512853 3.351868 inf 60.736044 inf 77.092126 inf inf 47.598337 89.254409 36.852247 20.121010 32.163945 inf 83.436527 18.887064 inf 25.021106 inf
42.766857 inf inf inf inf inf 16.070174 inf 89.922506 inf inf inf 83.284278 inf 28.902166 inf 92.167584 inf 91.361733 71.871023 inf inf inf inf inf inf inf inf 14.082004 33.278182 inf inf inf 25.160363 inf inf 2.322389 inf inf 96.891749 inf 10.160210 99.031564 33.254924 29.618352
50.229144 9.798641 81.023051 24.965818 13.938617 inf 97.720246 inf 73.418278 inf 26.926305 97.191131 51.518271 inf 84.430099 inf inf inf inf 28.111324 inf 77.161005 inf 65.039024 42.868432 inf inf inf inf 61.343529 inf inf inf inf 20.119373 66.091186 inf 78.648011 inf 42.734487 86.350472 inf 91.010747 inf inf
18.192641 7.658663 64.011885 inf 23.022072 87.561620 inf inf 61.889465 72.456832 inf inf inf 99.276949 inf inf 89.931600 inf inf inf inf 29.916300 40.187945 inf inf inf 4.883433 inf 75.726032 58.323695 inf 40.281630 29.836836 36.662880 inf inf inf inf inf inf 17.115879 95.799161 inf inf 71.778086
62.180890 inf inf 45.147813 inf 35.391748 inf inf inf inf inf inf inf inf 18.726357 82.977024 45.341003 inf inf inf inf inf 58.700306 inf inf inf inf 30.494321 inf inf inf 59.035265 inf 63.440631 inf inf inf 90.954933 83.566674 78.892608 55.008724 inf inf inf inf
95.802908 49.232618 54.542994 inf inf inf 55.757351 inf inf inf 77.308275 73.731450 inf inf 20.966948 79.645667 55.588789 inf inf inf inf 38.773899 inf inf inf inf inf inf 59.795698 inf inf inf 37.665865 inf inf 39.707936 99.196861 inf 59.570199 inf 55.022633 inf 82.213045 inf inf
