inf inf inf inf 20.084505 11.629888 79.982854 15.168929 inf inf inf 93.808938 inf inf inf inf inf inf 97.424484 inf 14.921029 40.766502 59.835923 66.561499 58.886891 57.036527 22.015738 80.514221 inf 60.988404 inf inf inf inf inf inf 77.637911 inf 71.177139 inf 89.709854 38.938070 inf inf 95.584013 inf inf 11.347567 inf inf
inf inf 84.747655 84.146926 inf 24.895562 67.086633 inf 48.942855 inf inf inf inf 94.853669 inf 5.279961 inf inf inf inf 73.495083 inf inf inf inf 79.778759 28.609533 inf inf 69.875527 68.024323 28.448525 inf inf 42.652998 inf inf 88.000790 inf 80.454208 inf 29.117741 15.648189 31.796989 inf inf inf inf inf inf
inf 6.302740 inf inf 90.819479 12.681029 28.561496 inf inf 37.351404 inf 5.077502 inf inf inf inf inf inf inf 34.107979 inf inf inf 75.634575 48.135730 57.283594 93.051766 inf inf 81.364560 inf inf 59.091617 inf 33.873464 4.873422 inf 3.624509 8.333743 29.032300 14.119643 35.880732 inf inf 56.985830 inf 68.819030 inf inf inf
inf 15.996445 inf inf inf 62.559447 inf 3.234859 inf inf 30.679183 72.301546 73.483107 inf 56.703671 inf 74.604082 22.070941 30.329502 inf inf inf 59.795020 inf inf inf inf inf inf inf inf 46.915195 inf inf inf 92.098051 inf inf inf inf inf inf inf inf inf inf inf inf inf inf
43.242867 inf 93.207033 inf inf 13.975078 inf 63.882801 41.551576 inf 99.158414 75.805138 inf 68.504084 inf inf 62.239916 inf 13.128317 inf inf inf 22.117180 8.101639 inf inf inf inf inf inf inf 22.200481 58.428712 49.872123 50.451041 6.288464 26.906165 28.960315 inf inf 58.119375 inf 17.857203 34.535340 inf 19.826524 inf 42.373205 inf 56.677427
92.218947 76.966243 4.417272 49.885736 68.076223 inf 79.842312 inf inf inf 47.655670 inf 99.259537 76.181291 inf inf inf inf inf 18.495505 62.373309 99.698898 inf inf inf inf 53.362987 inf 76.980874 38.841161 42.261313 58.040630 26.147108 64.980765 inf 97.469818 inf 81.402468 inf 91.971865 72.467049 inf inf inf 82.014849 8.908216 88.343856 2.339831 63.213588 1.927492
29.114367 27.209720 35.574530 inf inf 87.952212 inf 74.555898 inf inf inf 10.507845 inf inf 59.881196 63.370130 inf inf inf inf inf inf 53.387587 inf 69.084752 inf inf inf 95.475518 56.918793 57.097312 31.616552 23.378776 inf 30.484608 32.307532 inf inf 59.675376 inf inf inf 92.733686 60.326202 45.561802 inf inf inf inf inf
10.533228 inf inf 25.199984 3.296138 inf 57.394305 inf 33.146270 inf inf 16.326942 81.932150 inf inf inf inf 47.507732 inf inf inf inf inf inf 83.513291 inf inf inf 49.149864 inf inf inf 99.452684 77.185202 6.319290 41.122771 inf 94.284101 inf inf inf 79.745078 60.780358 inf 39.753617 58.906548 34.123284 59.356884 inf inf
inf 19.507356 inf inf 16.903936 inf inf 70.007838 inf inf 98.428025 inf inf inf 24.373315 inf 66.007013 53.911072 82.311875 inf inf 7.490468 57.133986 59.347884 22.892448 79.115669 40.251921 inf inf 50.114381 24.042331 inf inf inf 53.155060 inf 16.010030 inf 42.898498 inf inf inf inf 93.304242 46.311239 inf 90.375652 27.564659 inf inf
inf inf 40.448936 inf inf inf inf inf inf inf inf inf inf 80.426739 inf 63.526501 75.988553 inf 94.602658 inf inf 79.166690 inf inf inf inf inf 56.763647 inf inf 68.803344 99.727826 inf inf 90.063270 inf inf 64.099640 inf inf inf 50.960915 inf inf 46.372152 inf inf 77.114397 15.645849 50.230102
inf inf inf 86.142869 63.491382 24.545099 inf inf 82.491477 inf inf inf inf inf inf 78.417823 99.732091 inf inf inf inf 93.373685 inf inf 81.887088 75.461672 inf inf inf inf 44.532776 inf 89.141492 56.809052 63.682748 72.714271 inf 83.290010 inf inf inf 96.843645 16.877925 32.419802 86.442750 inf inf 5.936114 inf inf
4.598176 inf 31.966042 11.653455 81.160111 inf 36.543614 67.735890 inf inf inf inf 97.814828 inf 50.528329 60.520391 75.399851 inf 66.475586 87.235560 inf 7.441245 inf inf inf 99.490317 2.848507 39.581402 inf inf 11.980560 inf 35.826393 27.877626 inf 14.550290 34.384889 inf inf 35.153565 7.298206 inf inf 25.518792 48.268541 inf 26.412706 inf inf 98.519975
inf inf inf 43.304781 inf 52.495816 inf 26.871455 inf inf inf 11.500537 inf inf inf 4.793814 93.881139 90.146906 10.353047 inf 14.947773 32.276374 56.169246 inf inf 6.314569 29.955425 43.442474 inf 48.391675 71.111557 inf inf inf 25.292362 46.414201 66.748190 27.316585 11.318026 68.594006 inf inf 21.313403 98.226558 46.177397 3.197024 inf inf inf 11.114827
inf 16.649320 inf inf 29.409937 58.676185 inf inf inf 47.992563 inf inf inf inf inf 8.492148 inf inf inf inf inf inf 70.282234 43.516403 inf inf 9.705032 inf 67.863673 inf inf inf inf inf inf inf 58.912548 inf 45.155537 40.967520 inf inf inf inf inf inf inf inf 22.445569 1.822396
inf inf inf 87.248739 inf inf 73.956003 inf 16.153931 inf inf 99.366848 inf inf inf inf inf inf inf inf 69.867859 inf inf inf 34.476196 inf 2.975343 26.723070 inf inf 49.462708 inf inf 62.237580 64.535280 inf 20.268692 52.227334 inf 92.757670 70.093286 1.840561 inf inf inf inf 60.547212 inf 58.912629 inf
inf 79.687876 inf inf inf inf 52.351835 inf inf 37.358133 25.363837 48.391544 86.451323 61.333259 inf inf inf 47.271527 29.264344 inf inf inf inf inf 15.997542 inf 62.662001 66.518997 inf inf 35.960409 80.662512 34.697031 inf 10.531159 25.831822 inf inf inf 53.492136 7.659363 34.389420 67.964920 inf 14.627777 inf 54.295880 inf inf 76.146148
inf inf inf 69.451906 50.543619 inf inf inf 77.508767 37.699129 17.668327 60.163212 19.082560 inf inf inf inf 47.422885 49.113016 inf 17.720970 inf inf inf inf 54.808523 inf inf inf inf 21.033303 inf 87.031112 inf inf 25.590981 4.052213 inf 16.603562 inf inf inf 91.040110 38.565939 7.931514 inf 14.727741 1.366973 84.983564 83.418115
inf inf inf 47.474540 inf inf inf 46.912184 84.258248 inf inf inf 91.841749 inf inf 35.365885 26.887502 inf 31.044018 inf inf inf 19.714237 49.033054 inf 42.162917 86.454910 inf inf inf inf inf 20.946721 inf 53.112350 inf 23.397412 inf inf 27.746518 88.631226 inf 88.417574 inf 44.860288 inf 15.371305 83.021416 4.101556 inf
53.799612 inf inf 19.831793 5.763181 inf inf inf 78.406979 15.623787 inf 93.787773 16.664040 inf inf 34.114935 53.091689 37.549058 inf inf inf 18.179511 6.752176 30.851401 18.858777 inf inf 26.510710 82.249701 27.669739 59.745508 inf inf inf inf inf 43.581884 inf 20.125603 14.903824 inf inf inf inf 22.985950 inf 15.251080 12.114594 99.326824 17.927536
inf inf 5.829254 inf inf 89.145617 inf inf inf inf inf 90.160504 inf inf inf inf inf inf inf inf inf inf 84.755592 inf 59.518772 25.615987 17.723139 inf inf inf 57.695447 inf 9.255549 inf 90.060986 inf 76.869284 56.691456 31.063994 inf 4.602982 2.429849 13.033747 inf 33.757407 inf 44.202807 95.960610 12.080326 12.841380
12.035241 17.694376 inf inf inf 44.741006 inf inf inf inf inf inf 51.243384 inf 29.214576 inf 20.411914 inf inf inf inf inf inf 32.164546 inf 73.375837 inf 58.936801 59.491387 12.431754 inf inf inf inf 44.640797 inf 79.386807 inf 83.599986 3.579571 50.496785 92.438963 84.601470 45.934953 inf 23.429976 inf 93.785431 inf inf
57.233683 inf inf inf inf 25.219440 inf inf 14.723732 56.320164 38.876753 46.467872 77.993388 inf inf inf inf inf 2.483953 inf inf inf inf inf 9.500029 28.660223 47.931957 74.452711 inf 29.956057 56.883124 35.262875 inf inf 24.932682 37.276016 87.595229 inf inf 34.579185 inf inf inf inf inf 12.151896 inf 98.661157 36.347535 inf
89.909880 inf inf 76.548287 29.455740 inf 19.363859 inf 54.552352 inf inf inf 46.654058 89.316464 inf inf inf 55.268052 95.195910 96.136628 inf inf inf inf 3.872378 19.169368 inf inf 81.200436 41.654441 inf inf inf 70.562039 inf 10.150876 22.697526 inf 4.111131 34.695884 32.225807 inf 65.727322 inf inf 19.914440 38.104380 inf inf 55.554928
77.231656 inf 42.723874 inf 6.291856 inf inf inf 47.473767 inf inf inf inf 34.423112 inf inf inf 81.463388 85.471562 inf 82.620379 inf inf inf inf inf 11.351729 inf inf 41.640757 8.933802 11.623891 inf inf inf 25.194278 97.246757 inf 85.338554 67.247946 61.119431 inf inf inf inf inf inf 76.232543 72.280695 92.919184
54.126145 inf 50.002459 inf inf inf 55.266411 87.953101 19.887482 inf 94.243797 inf inf inf 14.253972 61.857280 inf inf 89.686176 14.103490 inf 88.835856 1.706738 inf inf 20.205754 inf inf 67.955437 87.447193 inf 85.977905 inf inf inf inf 14.416933 inf 97.141787 inf inf 79.342102 82.316575 97.709507 inf 28.005418 29.777230 3.523982 inf 33.025397
99.505463 41.243613 31.549978 inf inf inf inf inf 66.742153 inf 62.906879 64.851110 47.246819 inf inf inf 23.109984 35.337398 inf 8.700078 55.104774 79.930728 72.306904 inf 34.987464 inf inf inf inf 95.611945 inf inf inf inf 88.069824 inf inf inf inf inf inf inf inf inf inf 85.009627 40.999407 inf inf 40.968956
74.887740 40.274378 49.360253 inf inf 63.527091 inf inf 80.306252 inf inf 63.374348 43.669518 83.958351 93.078406 63.440179 inf 64.885552 inf 73.637023 inf 56.753975 inf 96.152563 inf inf inf 7.013735 inf inf inf inf 31.565796 inf 43.133504 inf inf 79.181761 inf inf 18.275351 41.822023 inf inf inf inf inf inf inf inf
22.182807 inf inf inf inf inf inf inf inf 31.971316 inf 88.285816 69.017469 inf 77.015845 45.470014 inf inf 49.093917 inf 2.890430 61.805118 inf inf inf inf 97.655689 inf inf inf inf inf 23.794320 53.679322 40.850940 72.040312 inf 31.869046 inf inf 48.234210 18.850559 inf inf inf inf 33.663527 inf 69.283687 54.825217
inf inf inf inf inf 24.495144 97.732429 55.410531 inf inf inf inf inf 69.030687 inf inf inf inf 78.291445 inf 28.729731 inf 84.765208 inf 65.982197 inf inf inf inf inf inf inf inf 57.968981 inf inf inf inf inf inf inf 93.939179 50.993359 38.181700 inf 6.087360 inf inf inf inf
90.732515 89.577204 59.717327 inf inf 63.626719 4.370141 inf 18.377350 inf inf inf 2.915983 inf inf inf inf inf 91.051996 inf 59.543439 21.512013 19.384384 10.903021 49.210893 96.785519 inf inf inf inf inf inf inf 96.054812 39.234458 57.782514 1.240275 25.815173 11.684587 inf inf 16.347835 inf inf inf inf inf inf 40.487879 61.204115
inf 40.631122 inf inf inf 46.810984 72.285704 inf 86.151018 65.034115 76.509227 41.794077 54.062065 inf 70.276801 11.241423 74.959898 inf 48.559931 16.123121 inf 60.702176 inf 49.565033 inf inf inf inf inf inf inf inf 37.614786 6.562476 41.666705 2.251195 3.425204 36.266382 inf 24.000532 56.100929 7.688519 32.295468 inf inf inf inf inf inf 54.657442
inf 13.332547 inf 9.055170 50.335003 25.595933 42.906768 inf inf 36.999840 inf inf inf inf inf 23.597330 inf inf inf inf inf 99.985656 inf 62.200591 75.041450 inf inf inf inf inf inf inf inf inf inf 15.208227 15.883407 inf inf inf inf 50.490942 inf inf 36.941658 27.600937 inf inf inf inf
inf inf 50.600892 inf 40.093624 64.250503 89.079329 52.561697 inf inf 78.019431 85.534860 inf inf inf 90.394230 14.388086 63.057129 inf 4.148681 inf inf inf inf inf inf 91.614073 5.019364 inf inf 57.774666 inf inf inf 75.391478 63.891918 5.014741 inf inf inf inf 18.138849 90.969182 inf inf 50.099497 49.082370 48.387753 inf 77.138289
inf inf inf inf 43.187070 1.101955 inf 26.307147 inf inf 30.163180 5.209724 inf inf 8.014642 inf inf inf inf inf inf inf 58.738848 inf inf inf inf 60.395265 95.921991 58.105067 38.222525 inf inf inf 78.447925 inf inf inf inf 20.806996 inf 16.065774 inf 43.140066 inf inf inf inf inf 16.135775
inf 37.562358 62.252674 inf 63.875175 inf 80.849622 75.981484 73.831639 34.941135 6.819295 inf 69.823630 inf 72.251657 49.851206 inf 39.167799 inf 80.835651 75.888373 76.585554 inf inf inf 55.980107 13.558620 12.370331 inf 74.581748 94.885771 inf 45.184441 4.600221 inf inf inf inf inf inf inf 39.805974 3.394606 inf inf inf inf 37.204049 inf inf
inf inf 39.284510 93.543466 10.740101 85.556150 67.503208 46.914687 inf inf 62.806576 99.004266 53.751696 inf inf 63.973786 2.426277 inf inf inf inf 63.209596 8.722504 52.596880 inf inf inf 97.807645 inf 64.189336 33.762330 55.448854 84.530482 inf inf inf 32.233154 inf inf inf inf 26.000325 inf inf inf inf inf 64.843034 31.352419 inf
55.462009 inf inf inf 15.997852 inf inf inf 3.397936 inf inf 74.376457 7.722567 76.449241 79.042677 inf 6.801351 76.086820 51.024392 99.230471 38.262901 8.202181 61.187011 67.538530 3.189210 inf inf inf inf 5.327923 37.113505 6.735418 27.184724 inf inf 4.609923 inf inf inf 53.285632 36.758053 inf 52.614420 96.472631 23.992504 26.013669 62.245028 91.715823 inf inf
inf 88.632669 26.483745 inf 57.976294 77.762629 inf 83.231277 inf 22.066258 16.658262 inf 8.630544 inf 58.630216 inf inf inf inf 84.381192 inf inf inf inf inf inf 53.003556 97.232462 inf 82.206025 31.216202 inf inf inf inf inf inf inf 73.551593 inf inf inf inf 1.391009 inf 12.853261 7.549641 27.815776 35.315123 inf
40.089640 inf 51.373216 inf inf inf 42.693371 inf 36.138616 inf inf inf 6.553449 11.164587 inf inf 11.148257 inf 57.698807 48.874213 23.803282 inf 56.385556 50.091089 79.997649 inf inf inf inf 82.456172 inf inf inf inf inf inf inf 1.011867 inf 40.608758 inf 75.760878 50.270932 2.909740 inf inf inf 89.882834 15.142108 inf
inf 72.516712 79.488691 inf inf 12.218639 inf inf inf inf inf 62.141736 64.207863 68.397858 51.606909 23.205999 inf 7.015394 94.971747 inf 41.834980 10.930756 54.838783 30.900953 inf inf inf inf inf inf 62.837619 inf inf 31.275940 inf inf 30.057391 inf 18.726274 inf 79.751388 65.102480 inf 35.853257 66.092371 89.218111 inf 1.717943 13.309894 10.713114
19.704644 inf 94.981338 inf 1.367903 67.210137 inf inf inf inf inf 55.487959 inf inf 48.710218 76.945845 inf 97.616031 inf 78.587743 88.277847 inf 35.876535 70.422948 inf inf 1.238075 82.856185 inf inf 66.019662 inf inf inf inf inf 24.013273 inf inf 41.745322 inf inf inf inf inf 19.466869 inf 71.486002 inf inf
47.420337 68.916054 64.316084 inf inf inf inf 24.093193 inf 10.680983 23.143619 inf inf inf 29.216839 51.666573 inf inf inf 63.000597 91.587178 inf inf inf 48.386589 inf 55.435048 59.582242 46.397189 7.067806 15.113969 81.320382 46.072096 99.560558 44.027725 56.506429 inf inf 99.366204 21.543106 inf inf inf 38.148786 inf inf inf inf 53.144037 99.481703
inf 4.176981 inf inf 98.436470 inf 39.333529 74.889262 inf inf 76.219684 inf 45.786248 inf inf 70.446848 97.720778 45.149722 inf 67.709974 4.379819 inf 31.980030 inf 24.619392 inf inf inf 94.519538 inf 45.630969 inf 55.880978 inf 85.089951 inf 36.211532 inf 88.321045 inf inf inf inf inf inf 51.059805 inf 23.398895 30.675815 77.184855
inf 90.272674 inf inf 8.932033 inf 6.594165 inf 48.668270 inf 88.747297 86.909002 98.345333 inf inf inf 79.126585 inf inf inf 99.410062 inf inf inf 54.758090 inf inf inf 83.676798 inf inf inf inf 17.455948 inf inf 70.958497 89.105400 47.809249 60.413751 inf 78.503790 inf inf inf 12.497375 17.798956 2.298072 inf inf
19.431132 inf 86.601262 inf inf 13.717650 56.950337 46.058990 92.288442 84.054745 92.492501 21.369838 71.762359 inf inf 28.604181 94.278682 6.804678 26.821655 70.118392 inf inf inf inf inf inf inf inf inf inf inf 89.387509 inf inf inf inf 39.119868 inf inf 34.122700 inf inf inf inf inf 58.613345 13.079556 76.829832 95.352308 21.125072
inf inf inf inf 3.274166 84.490666 inf 48.715019 inf inf inf inf 95.229180 inf inf inf inf inf inf inf 56.435361 69.112848 17.155200 inf 95.437361 11.421158 inf inf 2.715247 inf inf 6.598789 67.453915 inf inf inf 36.544840 5.324544 inf 64.704825 51.328994 inf 26.945918 88.377016 8.439296 inf 27.614455 inf 69.669803 37.776714
inf inf 98.792411 inf inf 43.499416 inf 29.714403 81.718269 inf inf 98.246797 inf inf 36.530234 26.922716 23.995239 32.480145 87.561171 72.944588 inf inf 58.638859 inf 76.163619 5.317638 inf 72.364976 inf inf inf inf 15.448605 inf inf inf 45.494626 42.288428 inf inf inf inf inf 50.600931 15.359794 88.624286 inf inf inf inf
79.553306 inf inf inf 95.186845 24.734031 inf 40.390344 57.448818 8.282766 42.717256 inf inf inf inf inf 36.605452 82.002524 28.282884 30.801192 80.866466 4.648844 inf 85.634416 56.057010 inf inf inf inf inf inf inf 5.760076 inf 2.569512 30.751771 42.028463 32.501966 72.286939 17.236913 79.292419 inf 85.101168 82.640868 84.066100 inf inf inf inf inf
inf inf inf inf inf 48.786038 inf inf inf 80.680100 inf inf inf 66.314110 68.497714 inf 58.147010 52.185833 40.692358 8.607389 inf 84.757024 inf 83.279489 inf inf inf 61.944415 inf 78.241953 inf inf inf inf inf 64.506265 inf 1.686935 80.674680 60.806382 inf 4.819480 95.673864 inf 94.808098 83.713970 inf inf inf 35.870723
inf inf inf inf 48.710981 42.656704 inf inf inf 93.238502 inf 40.457357 1.977483 78.512443 inf 95.624529 40.427821 inf 16.387516 85.829832 inf inf 50.932943 94.766369 5.618276 98.227493 inf 84.491557 inf 51.008375 50.580923 inf 8.974252 30.940777 inf inf inf inf inf 34.649149 inf 27.286082 21.002027 inf 90.555114 3.601394 inf inf 1.195789 inf
