inf 9.506628 12.302416 inf inf 43.953714 inf 81.834002 inf inf inf inf 60.804699 35.411081 inf inf 26.306054 inf inf inf inf 10.230401 34.531501 54.985300 inf inf inf inf inf inf inf inf inf inf inf 69.588272 5.174130 35.132711 inf inf 6.617303 69.965724 inf 86.922289 34.896516 51.769278 95.189592 inf 88.465759 inf inf inf 53.848845 63.092430 52.779390
30.925160 inf inf inf 78.750037 inf 99.381030 64.748534 16.901006 14.915873 72.684456 inf inf inf 9.205102 74.236315 13.747518 inf 13.576659 38.174133 inf inf 23.135455 96.566548 inf 77.865702 inf inf inf inf inf 48.175172 66.145409 97.260428 16.413990 inf inf 89.030060 inf 17.938274 inf inf inf 43.465853 26.946779 22.459678 inf inf 66.810487 86.665859 inf inf 3.865845 inf inf
79.533398 inf inf 78.826871 48.170733 inf 89.655560 24.806920 74.463817 22.279022 19.797261 inf 33.078215 93.906422 18.137612 inf inf inf 95.126041 68.772854 inf inf inf inf 10.520907 39.452094 inf 71.845385 inf inf 61.713963 inf 15.212667 97.832606 inf inf 99.569468 11.534580 inf 41.406567 inf inf inf 47.928500 24.611894 inf 64.042625 72.808032 54.951213 inf inf inf inf 29.066063 inf
inf inf 3.797075 inf 44.681662 80.432647 45.641518 61.688125 inf inf inf inf 37.369469 inf 5.498758 inf inf inf inf inf inf 96.057666 5.478272 87.683219 96.648751 inf inf 11.114963 76.234003 inf inf inf inf 66.832854 58.754989 inf 59.296470 inf 57.995877 56.637882 16.486491 9.758442 inf inf 21.729313 inf 47.817052 inf 54.056660 78.357302 inf 22.503913 10.390285 inf inf
inf 33.135499 84.849353 9.385185 inf inf 67.914866 97.537974 61.697169 inf inf inf 31.437002 inf inf 53.299470 77.249811 inf inf inf inf 27.664824 25.422490 12.912084 inf 47.251498 inf 39.302083 inf 92.121404 inf inf 81.530869 89.418520 inf 40.789784 53.581312 99.725599 4.318334 inf 26.840826 inf 73.727267 47.240174 33.169594 inf inf inf 71.990563 inf 87.774383 6.156698 56.002239 inf inf
22.191223 inf inf 79.572737 inf inf inf 71.360520 59.672658 inf inf inf inf inf 29.586282 inf inf 82.369158 55.955231 43.181988 68.923307 25.840005 inf 57.610914 3.995163 inf inf 1.687032 inf inf inf inf 64.996635 93.433237 inf 88.437079 93.797612 inf 16.553679 inf 78.169750 inf inf 42.775022 63.693259 67.468460 90.593984 inf 61.035899 inf 75.372954 84.367104 28.330912 inf 99.655908
inf 38.113873 38.982119 22.700688 71.555104 inf inf inf 13.248781 86.605322 48.117842 1.531808 inf 41.438939 inf 4.706843 inf inf inf inf inf 57.487105 67.047954 inf 65.246247 inf inf inf 15.632563 inf 50.628924 inf 95.813077 inf inf inf 9.491828 inf 61.076919 51.769305 23.209394 inf inf 24.424293 inf inf 77.749310 inf inf 23.580798 20.139516 5.365040 inf 32.845246 inf
99.746186 23.922870 78.739488 86.516148 46.135049 21.433222 inf inf inf 70.676445 31.696712 71.204596 inf 75.444620 inf 13.886975 20.658516 inf inf 60.032294 19.074403 63.164889 7.402086 82.862454 inf inf inf inf inf inf inf 10.996265 81.444166 inf inf inf inf 26.291659 18.579011 inf 31.752457 inf 27.399095 inf 89.312727 inf 91.670126 92.679510 72.627109 inf inf inf 21.700026 23.634987 26.945375
inf 86.189325 85.906149 inf 6.135659 73.067644 70.024703 inf inf 9.132037 inf inf 19.674819 inf 65.123976 33.707337 inf inf 62.853009 88.194785 inf inf 48.497322 46.592398 inf 99.502211 inf 90.147325 42.748515 47.457420 inf inf 21.676997 3.289355 inf inf inf inf inf inf 43.645224 6.576958 inf 33.487579 99.388625 inf inf 38.341731 10.092330 43.744514 inf 72.632488 69.013719 23.763561 35.543309
inf 2.575042 55.523587 inf inf inf 46.103822 97.024261 46.535298 inf 50.681459 inf 62.154592 inf 5.284140 inf 50.406529 inf 77.399922 28.996509 43.975674 69.572444 81.567318 1.676701 12.756315 inf 58.816048 inf inf 19.850371 78.029863 72.329272 90.393681 inf inf 59.400742 72.628106 64.626549 82.663856 73.000848 13.517032 53.319898 43.812750 96.554101 64.329510 inf 5.834897 inf inf inf 1.636764 inf 98.931202 75.419286 86.968949
inf 97.124134 73.995091 inf inf inf 70.373455 8.535721 inf 78.836974 inf inf inf 87.430644 inf inf inf inf inf 73.776828 inf 95.221137 inf inf 67.267055 73.853833 76.805149 85.531772 inf inf 99.220104 2.882363 60.335628 inf inf 7.619516 1.309311 28.809444 inf inf inf inf 64.519367 inf inf inf 28.954613 38.041079 56.196436 57.788771 41.460247 57.319268 73.716338 inf inf
inf inf inf inf inf inf 92.277026 23.606557 inf inf inf inf inf 90.516074 84.043459 86.154100 inf 62.654484 36.941493 6.606794 inf inf inf inf inf 72.037818 inf 47.475728 inf inf 17.426930 17.723618 12.187829 47.374796 inf inf inf inf inf inf 9.963075 inf inf 16.644466 68.083479 inf 84.663658 76.578470 33.119274 inf inf inf 60.361105 inf inf
35.554776 inf 81.196781 18.463355 39.608826 inf inf inf 80.908892 25.726529 inf inf inf inf inf 36.548270 96.707435 inf inf inf inf inf inf inf inf inf 40.642937 inf inf 88.176976 inf 99.508440 93.661571 36.978636 inf inf inf 3.786363 69.147611 97.949620 inf inf inf inf inf inf inf inf 88.425842 inf inf 95.139672 inf inf inf
86.193105 inf 92.535793 inf inf inf 54.520047 21.335097 inf inf 60.842938 55.507330 inf inf 61.088629 inf 51.942385 inf 9.915434 68.113499 72.612406 47.733921 47.540417 inf inf inf inf inf 70.861297 65.208051 inf 4.672617 87.054254 inf inf inf inf 46.457217 59.862304 51.205074 19.184992 50.666711 inf 19.928619 inf 8.281475 inf 66.085170 inf 72.111300 inf inf inf 38.451818 inf
inf 98.013827 49.203561 2.185537 inf 36.361352 inf inf 80.324952 95.656932 inf 98.904464 inf 29.376291 inf 35.122502 85.888724 inf inf inf inf 39.928839 inf inf 94.735210 inf inf 24.425796 inf inf inf inf inf 47.799432 21.276445 15.916024 24.043861 inf 69.139494 14.391658 55.654049 inf inf 40.904972 inf inf inf inf 66.341784 20.961353 inf 53.707208 inf inf 67.520929
inf 89.446214 inf inf 42.048830 inf 8.008278 14.586771 39.483155 inf inf 59.044800 33.253195 inf 85.418230 inf inf 73.058713 inf inf inf inf inf 40.064956 89.616521 59.477434 inf inf 1.998702 inf 63.904873 36.114353 inf inf inf inf inf inf 34.782851 85.020317 inf 52.355460 inf 15.403522 inf inf inf inf 95.331681 92.848178 36.760887 44.741909 49.388086 inf 4.893941
61.621918 36.696148 inf inf 4.022927 inf inf 38.820243 inf 5.764529 inf inf 36.088558 58.886070 81.636422 inf inf inf 96.976386 30.282990 93.744835 89.447178 38.671562 25.153414 88.331725 inf inf 53.506258 32.403768 71.005534 inf inf 59.246964 inf inf inf inf 13.826422 inf inf 11.943048 inf inf 66.027828 inf 29.252380 inf 86.067626 43.327416 inf 59.746897 93.264861 inf 42.526019 63.338629
inf inf inf inf inf 65.959142 inf inf inf inf inf 14.607176 inf inf inf 1.361235 inf inf inf inf 8.573791 64.814964 25.538849 inf 46.068192 inf 26.705802 inf inf inf 35.094278 inf inf 9.228449 inf inf inf 80.262005 inf 95.387153 inf 86.056707 inf 62.694891 inf inf 60.737699 inf inf 43.945170 46.890753 inf 86.068701 inf 8.187763
inf 56.300113 2.619149 inf inf 10.512565 inf inf 91.327873 75.388801 inf 93.370958 inf 63.817878 inf inf 99.793967 inf inf inf inf inf 75.297965 inf 48.179808 97.404078 inf inf 96.474630 inf 23.722168 inf inf 44.174985 80.330152 inf 32.018096 inf inf inf inf 49.133007 52.746715 84.980253 inf 95.966061 inf 40.262177 inf 40.558620 9.398763 inf inf inf inf
inf 2.232169 57.110536 inf inf 55.470380 inf 26.611439 6.014234 88.819610 41.074611 39.293854 inf 21.034328 inf inf 46.665679 inf inf inf inf 39.191429 64.156066 91.093039 17.303265 inf inf inf inf 47.417520 inf 82.531109 inf inf inf 3.128869 5.741417 inf inf inf inf inf 72.066460 93.298951 86.126181 41.267014 inf 46.735223 inf inf inf inf inf inf 1.140872
inf inf inf inf inf 66.068637 inf 82.508821 inf 80.279388 inf inf inf 31.107848 inf inf 35.037027 93.399792 inf inf inf inf 60.694353 inf inf 10.452008 inf inf 36.210088 inf 30.432331 81.678816 46.349072 30.211596 inf 80.269426 75.239302 34.270854 18.676955 57.866068 inf inf inf 72.184230 inf 24.387489 inf 62.384929 inf 98.202766 inf 9.580090 inf 89.922035 inf
5.552105 inf inf 8.859169 10.551409 4.235197 41.785816 33.041279 inf 92.483732 66.698611 inf inf 66.349020 7.479400 inf 35.148321 19.382608 inf 65.082204 inf inf 74.737530 45.194655 inf inf 81.300551 inf 8.840877 inf inf inf 78.791178 inf 73.261489 inf inf 67.267369 79.720796 25.699364 11.126198 inf inf inf 41.888163 inf 95.974355 inf inf inf inf 91.468352 inf inf 30.762114
24.008226 53.373994 inf 29.377879 70.866947 inf 1.716605 56.913374 75.101583 10.306937 inf inf inf 33.755218 inf inf 8.958018 79.739635 77.066039 84.044117 40.860898 95.859244 inf 87.015312 inf 35.486102 inf inf inf 41.543875 45.554160 44.556748 inf inf 96.407120 inf 59.508565 61.727852 88.731456 inf 43.363131 37.714150 63.690794 13.957195 inf 45.984548 7.129610 inf inf 68.393609 81.952869 42.202186 inf 61.302283 inf
84.828650 72.767363 inf 35.198444 7.136390 63.707474 inf 67.044633 51.553531 69.185980 inf inf inf inf inf 29.654443 32.637362 inf inf 90.398932 inf 62.075576 24.294043 inf 24.876861 inf 84.449563 inf 64.174633 92.603480 inf inf 16.189333 35.067762 57.669356 inf inf inf inf 44.214376 inf 87.964427 inf inf 64.830394 inf 90.812721 32.347309 inf 60.756238 inf inf inf 68.390705 72.411502
inf inf 58.943447 2.881824 inf 39.485250 70.861219 inf inf 72.509026 82.271645 inf inf inf 16.109949 57.017390 68.138161 77.165577 73.466387 3.950156 inf inf inf 67.516072 inf 18.558297 56.192915 94.065795 inf inf 23.682673 inf 6.885541 inf inf 54.143282 89.362822 95.399553 73.066887 58.841170 inf inf 95.008654 62.640074 53.920199 99.311808 inf inf 76.233462 1.956029 inf inf 91.402313 74.273438 inf
inf 41.491124 10.470286 inf 26.390035 inf inf inf 10.018372 inf 84.617238 65.519078 inf inf inf 14.058070 inf inf 91.658946 inf 17.700229 inf 36.518099 inf 27.427122 inf inf 82.732123 inf inf 56.522593 40.264684 10.721821 inf 1.363675 inf inf inf inf 12.254676 12.353361 40.944622 88.922915 10.609433 35.131268 inf 60.472112 4.590742 inf 27.119070 inf 51.446152 9.433160 59.810759 93.778183
inf inf inf inf inf inf inf inf inf 67.256858 89.177697 inf 7.732512 inf inf inf inf 13.517139 inf inf inf 36.215717 inf 24.195517 55.713961 inf inf inf 57.250036 3.967949 inf inf 55.817603 76.175073 inf inf inf inf 82.597037 23.281332 inf inf 39.083858 42.861431 20.088456 66.301811 inf 46.918356 42.151044 inf inf inf 68.077343 inf 15.980473
inf inf 47.017636 31.264693 4.110692 5.380270 inf inf 22.074033 inf 52.815115 11.491751 inf inf 65.249592 inf 1.877762 inf inf inf inf inf inf inf 11.976147 35.430682 inf inf 66.506430 inf 46.459835 inf inf 77.426431 33.146105 67.821902 7.235464 63.055160 54.280370 70.797382 72.593786 72.499094 64.820309 inf inf 64.421440 inf 59.020463 inf 73.146339 66.969906 inf inf inf 78.402957
inf inf inf 55.311062 inf inf 21.175857 inf 6.476654 inf inf inf inf 44.416152 inf 66.618191 56.575046 inf 1.252157 inf 63.323300 83.885459 inf 91.800599 inf inf 44.987852 81.911015 inf inf inf inf 74.538834 72.195956 55.364850 29.712374 inf 86.761306 inf 56.074921 inf 17.149285 41.692222 23.012450 inf inf 44.850928 inf 92.654015 inf 4.949502 62.717278 inf 78.434935 31.776908
inf inf inf inf 14.273611 inf inf inf 24.204636 22.745304 inf inf 9.955876 10.123902 inf inf 76.407793 inf inf 81.265586 inf inf 12.147898 22.249225 inf inf 79.255651 inf inf inf 81.998999 inf 76.181899 71.524553 91.911233 inf inf 75.188640 40.409153 inf inf 3.433055 74.428033 inf 97.196611 16.613679 inf inf 43.553982 inf 87.382114 78.022226 56.474724 inf inf
inf inf 25.255748 inf inf inf 18.470668 inf inf 47.679883 12.758417 7.210617 inf inf inf 91.197593 inf 13.301056 41.867744 inf 86.738733 inf 42.141223 inf 45.534076 8.189780 inf 88.388963 inf 94.958649 inf 19.986518 inf inf 75.351774 74.914587 14.835737 inf inf inf inf inf inf inf inf 84.821544 inf inf inf inf inf 45.717266 38.952040 57.895210 inf
inf 52.815783 inf inf inf inf inf 46.938983 inf 52.619464 89.962449 99.305758 53.059731 97.019038 inf 73.557473 inf inf inf 21.150037 32.651828 inf 95.943688 inf inf 31.111335 inf inf inf inf 87.889976 inf 80.539953 8.005580 inf 64.766462 inf inf inf inf inf 26.816455 inf inf inf inf 34.913830 98.728473 93.528634 60.397772 11.021567 58.288332 64.125342 inf 62.119632
inf 25.962168 61.472213 inf 88.129847 97.940597 45.294218 47.186894 96.938499 67.078338 40.270248 92.481933 68.187036 47.158030 inf inf 21.469955 inf inf inf 46.109675 74.620443 inf 25.111064 20.736195 4.897170 95.621215 inf 44.609796 50.414728 inf 62.577825 inf inf inf inf inf inf inf 67.291731 inf 87.854734 inf inf 38.784722 74.188284 inf inf 65.634139 inf inf inf 66.666827 1.642850 inf
inf 78.661501 42.002209 48.169843 48.406771 6.051808 inf inf 39.795963 inf inf 68.454964 78.985627 inf 77.327084 inf inf 56.935073 12.921379 inf 30.957494 inf inf 95.566638 inf inf 36.411522 41.211876 99.460240 4.187073 inf 98.438033 inf inf inf 50.297164 93.425963 inf inf 14.373062 68.253710 inf 67.651292 inf 43.628097 42.527015 17.970502 inf 62.118856 inf 61.821860 inf 44.041457 inf 41.661985
inf 74.628296 inf 60.123183 inf inf inf inf inf inf inf inf inf inf 54.887672 inf inf inf 25.343482 inf inf 1.889341 88.257138 89.580526 inf 25.202490 inf 84.287575 60.740823 78.620174 77.553478 inf inf inf inf 77.547139 60.517020 48.001084 inf 67.255073 inf 41.489591 inf inf inf 88.045160 59.227265 inf 90.361260 inf 77.404684 inf inf inf 35.580098
73.492874 inf inf inf 68.679092 14.128115 inf inf inf 30.545773 72.855289 inf inf inf 70.781770 inf inf inf inf 61.262773 70.307129 inf inf inf 31.093239 inf inf 46.445402 30.136078 inf 96.617056 86.630577 inf 56.406366 35.808675 inf inf inf 24.781942 73.649197 inf 9.450107 84.790384 inf inf inf inf inf 97.219768 inf inf 38.738440 87.341478 7.229747 54.755539
61.404622 inf 59.434237 35.442974 42.120876 57.005159 17.990333 inf inf 14.307854 94.716225 inf inf inf 36.243723 inf inf inf 55.241259 11.346777 46.382353 inf 10.029061 inf 81.272325 inf inf 38.509197 inf inf 67.917453 inf inf 53.390711 17.412911 inf inf 38.431090 inf 96.854476 73.867614 inf 18.212655 67.254390 21.451039 inf inf 36.260190 inf 62.412162 83.462604 inf inf inf 11.966914
20.023945 53.735478 50.361512 inf 56.488709 inf inf 36.277171 inf 94.132525 13.175255 inf 97.432106 16.007246 inf inf 21.692240 74.854832 inf inf 95.532547 6.851184 37.682864 inf 58.602558 inf inf 70.256722 15.903442 5.285577 inf inf inf inf 81.250619 inf 15.141737 inf 25.547136 inf inf 64.244424 inf inf inf inf inf 86.487417 37.509569 inf 18.993169 inf inf 53.344161 inf
inf inf inf 56.883936 72.463807 77.183095 72.237966 7.249904 inf 15.539851 inf inf 22.354397 46.225770 73.173045 74.429147 inf inf inf inf 54.157961 45.092761 87.983283 inf 67.862581 inf 61.782459 76.497095 inf 91.346305 inf inf inf inf inf 9.831175 inf 13.002335 inf 64.672150 inf 6.625811 inf 30.294907 91.194838 inf 81.113433 43.408029 inf inf inf inf inf inf inf
inf 19.754655 50.090079 54.511038 inf inf 78.512132 inf inf 76.738984 inf inf 78.205128 97.523427 7.902234 81.114775 inf 29.486605 inf inf 45.222739 82.439728 inf 89.161773 32.472038 79.076087 33.894224 40.178653 3.149926 inf inf inf 86.282538 86.732941 50.952268 21.847562 16.746994 inf 51.389455 inf inf inf 27.936855 inf 18.084657 inf inf 32.600281 inf 90.139944 78.850997 39.964476 5.579553 6.356072 11.808936
97.346382 inf inf 44.467542 90.008257 46.296559 66.533658 88.231785 44.451291 51.134863 inf 95.582976 inf 86.048261 2.493638 inf 65.168374 inf inf inf inf 78.591420 72.034070 inf inf 7.815714 inf 95.844602 inf inf inf inf inf 9.337871 inf inf 16.396232 inf inf inf inf 2.008158 inf inf 4.377921 22.334394 inf 60.160070 inf inf 58.445092 inf inf inf 20.861943
7.037654 inf inf 68.190622 inf inf inf inf 7.148755 38.999425 inf inf inf 1.073854 inf 74.081529 inf 97.806690 60.100352 inf inf inf 49.618115 45.806224 inf 46.799031 inf 62.567924 79.803094 51.731058 inf 93.546425 97.596511 inf 34.976733 20.677855 inf 46.135809 17.685236 inf 35.855582 inf inf 91.756025 inf inf inf 31.665127 inf inf 17.690931 inf 16.643632 inf 81.334571
inf inf inf inf 9.263485 inf inf 5.647735 inf 16.296724 67.462626 inf inf inf inf inf inf inf 63.032727 53.290152 inf inf 81.414165 inf 25.249467 36.642886 75.783722 36.027279 82.400041 20.701152 inf inf inf 79.300623 inf 54.750226 94.043356 inf inf 62.394399 inf inf inf inf inf 66.328112 inf inf inf inf inf inf 56.327533 7.549049 inf
76.115848 48.072088 16.507293 inf 89.252705 93.094487 63.106178 inf 80.290245 56.196958 inf 33.288121 inf 26.707455 75.809746 15.353247 42.769141 80.895188 82.113142 82.844464 73.164370 inf 6.051723 inf 6.648862 45.983710 8.756566 inf 45.912354 inf inf inf inf inf inf inf 65.703226 inf 38.868791 inf inf 99.569802 inf inf inf 94.193044 inf 36.159626 inf 83.152971 inf inf 6.141446 inf 20.607416
7.599733 58.864204 3.807128 93.929293 77.267314 21.800245 inf 68.576063 23.250625 41.522514 inf 11.164227 inf inf inf inf inf inf inf 91.363665 inf 11.330559 inf 95.080273 27.558077 79.850111 93.700630 inf inf 79.861030 inf inf 86.576745 22.485914 inf inf 79.520200 inf 45.134518 57.136627 56.793771 inf inf inf inf 87.915649 79.193320 inf inf inf 39.441487 5.027213 inf inf 71.813008
21.395629 72.079478 inf inf inf 89.766901 inf inf inf inf inf inf inf 72.716398 inf inf 66.547808 inf 17.519557 89.155751 33.400943 inf 77.005672 inf 16.497786 inf 40.304434 67.213219 inf 48.526086 20.437829 inf 68.514221 85.006014 11.512729 inf inf inf inf inf 47.810960 inf 91.949966 14.355251 10.657021 inf inf 74.352999 65.375756 inf inf 28.240855 inf inf inf
99.855083 inf 40.709233 38.342171 inf 96.565584 21.288530 69.071259 inf 19.496792 20.502202 51.482131 inf inf inf inf inf 37.883037 inf inf inf 54.818616 92.731598 3.285097 inf 10.952621 inf inf 29.688929 inf inf 72.337601 inf 29.978305 16.327291 inf inf inf 54.531453 inf inf inf inf inf 26.788346 inf inf inf inf inf inf 54.169960 inf inf inf
inf inf 96.056807 inf inf inf inf 7.565268 79.201631 inf 97.996498 13.624697 inf 51.769083 inf inf 4.410236 inf 55.115332 27.491317 20.326960 inf inf 48.726244 inf 14.766337 80.204712 60.756262 inf inf inf 79.590305 inf inf inf inf 69.998079 4.892721 70.771810 87.062910 49.032772 96.755757 inf 59.111640 inf 19.649113 inf inf 23.765199 51.784511 17.445859 inf inf inf inf
4.655888 60.594198 34.022333 3.300248 52.122480 86.253023 inf 14.353044 4.939639 inf 34.848495 74.554824 26.865437 inf 3.395534 91.451135 65.451208 inf inf inf inf inf inf inf 23.726862 inf 79.287631 inf 35.417129 3.233456 inf 41.820960 99.347279 67.626927 73.762826 19.465380 inf 51.168657 inf inf inf inf inf inf inf 31.551304 inf 3.972284 inf inf inf inf inf inf inf
inf 15.879096 inf 94.219535 inf inf 79.851735 inf 42.082722 inf 28.282612 inf inf 49.254954 26.456492 18.203189 inf 5.126502 92.475202 inf 53.285360 inf 6.417532 20.629444 30.292505 50.256799 inf 3.360126 inf inf inf 71.865047 inf inf inf inf 93.853457 inf inf 29.911492 inf inf inf 68.958233 inf inf inf 53.684785 inf inf inf 54.843717 70.502057 inf inf
inf inf inf inf 17.124944 50.756291 61.432984 inf inf 97.382244 25.525695 inf inf inf inf 71.734971 33.394503 24.733396 73.702788 inf inf inf 42.383487 inf inf inf inf 7.700333 70.607268 40.880610 inf 26.169888 inf 27.830181 62.421469 inf 75.357417 18.978017 inf 19.401354 9.463970 92.952078 inf inf 30.711727 inf inf 7.528712 inf inf inf 19.718881 91.182905 inf 8.074692
inf inf inf 1.478293 32.804459 92.129965 19.707268 inf 27.283910 inf 46.001741 inf 4.338911 inf 19.563934 91.618434 70.683672 inf inf inf 89.403022 13.356068 82.468047 inf inf 94.688930 inf inf 7.624427 66.017304 82.925686 40.765162 inf inf inf 36.755677 inf inf inf 8.623753 inf inf inf inf 16.427346 31.021521 46.543250 inf inf 95.729089 29.191242 inf 64.624142 inf inf
70.692859 34.010526 inf 93.417095 17.035347 36.547052 inf 88.270999 14.952429 99.175881 36.978449 67.902079 inf inf inf 59.368465 inf 46.569382 inf inf inf inf inf inf 98.467891 35.564611 77.849495 inf inf 41.139058 50.489311 29.733985 52.686777 76.096330 inf 18.552497 inf inf inf 4.720491 inf 21.305001 70.100676 99.805789 inf inf inf inf inf 14.188053 6.971860 93.721616 inf 94.066922 76.787358
17.262466 inf 21.395385 inf inf inf 33.472146 60.155447 20.996682 53.469757 inf inf inf 86.397804 inf inf 75.742186 inf inf inf 88.906417 inf 64.535245 94.077733 82.981905 24.266872 inf inf 54.098289 inf 43.881005 inf 92.253222 inf inf 30.356080 inf 1.952512 inf 51.537486 inf inf 45.507465 inf inf inf inf inf inf inf inf inf 77.793935 inf 16.525571
82.417537 inf inf inf inf 35.835517 inf 48.954650 1.613144 38.639067 inf inf inf inf 81.906142 66.563955 84.352682 30.973051 inf 48.900631 inf 34.862130 inf 43.395836 inf 91.710315 85.012697 64.287297 59.455980 inf inf 97.757250 inf 99.712623 77.874106 81.621816 32.916701 inf inf 84.890851 62.709927 33.139399 inf 71.280133 36.854817 inf inf inf inf inf 61.870207 inf 88.390358 88.760431 inf
