inf inf 72.493569 inf inf inf 67.303951 90.622213 inf 9.049534 84.231461 inf 22.761191 11.129762 inf 11.750054 99.971089 73.455951 25.100355 66.608554 inf 47.095714 83.715579 45.728121 56.253349 2.595412 inf 63.279277 inf 42.709991 inf inf inf 11.767306 inf inf 9.859563 inf 64.605987 inf 34.655506 64.500336 17.713116 inf inf 43.252811 inf 28.970649 17.717746 inf inf inf 66.159157 inf inf 75.376314 8.465516 71.616572 inf 90.752871
inf inf 67.075320 inf inf inf inf inf inf 76.818067 76.211055 3.741779 64.381274 19.083524 29.097467 inf inf inf 81.510524 inf 38.960812 inf inf 98.894456 inf inf inf 26.581785 35.042117 inf 70.218636 58.658032 34.766750 4.924862 inf inf 54.017274 9.951052 inf inf 23.790168 75.089425 inf 78.414331 19.350772 84.369131 57.504758 95.857250 inf 1.797852 inf inf 12.733331 96.583690 inf 10.821803 inf inf inf 93.876916
6.803375 42.093488 inf inf 11.665280 91.805259 25.918516 65.763487 47.687782 31.893264 63.498058 inf inf inf 21.785052 56.980704 inf 18.093565 inf 83.441826 34.373350 inf 49.265619 61.348558 61.003734 55.158128 inf 47.728906 59.134419 58.978223 inf inf 73.273274 inf inf inf inf inf 42.407655 inf inf 44.108096 6.538290 90.417529 66.108911 inf 56.644937 91.007359 14.308790 inf 85.515996 70.563532 inf inf inf inf 82.969588 inf 61.405043 76.447111
inf inf inf inf 72.190174 73.504185 89.660834 40.979352 inf 89.409626 15.805804 82.557080 inf 3.971996 64.859560 inf inf inf inf 41.405630 18.274997 70.885309 91.948288 26.361359 inf inf inf inf 94.003398 41.833002 64.300447 21.055617 inf inf inf 80.125706 inf 95.140742 61.244899 21.603319 13.338693 24.609133 8.082624 55.918057 inf 84.031207 89.306197 inf inf 39.295576 35.056204 inf inf 7.510602 inf 66.899601 inf inf 43.000511 inf
inf inf 51.176748 41.416365 inf inf 18.210888 21.901039 inf 78.081997 inf inf inf inf 27.045944 16.047265 inf 21.494371 17.742590 inf 78.578920 60.877372 inf inf inf 45.818159 78.830913 47.683289 inf 88.719000 inf 64.509784 inf inf 92.586007 64.147320 inf 62.920058 56.287162 inf 15.906822 22.503988 97.421099 inf inf inf 18.674423 inf inf inf inf 35.021982 inf 35.916333 64.736536 inf inf inf 42.752914 6.834990
inf inf 88.975027 29.535825 inf inf inf inf 57.722573 inf inf 62.638118 65.342337 42.079425 inf inf inf inf 73.680334 45.411788 inf inf inf inf 59.438724 36.122719 72.574079 44.725814 2.952210 inf inf inf 84.430104 inf inf inf inf inf 25.391736 inf 78.318001 36.169056 inf inf inf 19.123391 77.768382 inf 28.291719 24.675642 78.037472 inf 86.174640 inf 49.640655 inf inf 96.430369 inf 30.875511
54.855238 inf 7.550320 68.920989 77.540886 inf inf 79.461155 inf 74.908551 71.096213 47.763052 inf inf inf inf inf inf inf inf inf inf inf 34.347418 inf inf 21.479669 93.498703 inf 46.825228 inf inf inf 1.753910 inf 92.105452 79.772060 inf inf 19.797062 inf inf 60.296979 inf 42.531970 62.978068 35.514977 52.293011 93.375063 inf 69.398314 inf inf inf inf 45.691468 91.981060 inf inf inf
77.609883 inf 92.378172 75.045130 8.957525 inf 1.416976 inf inf 33.461277 inf 97.270389 inf inf inf 29.055560 43.358597 4.645722 13.985321 17.670455 38.029089 84.148290 inf 88.888584 inf inf 76.568063 84.258398 inf 55.319722 inf inf 8.792770 inf 10.445520 inf inf 6.954620 inf inf 30.818829 inf 77.385494 98.547303 35.471098 2.816908 58.814941 68.064882 inf inf inf inf inf 17.293421 2.368539 1.255969 inf inf 13.288498 inf
inf inf 65.949810 inf inf 16.325037 inf inf inf 59.697277 75.143103 inf 24.233227 inf 60.907306 inf 31.623173 13.886187 14.099532 inf 29.414039 26.559162 inf 8.546823 inf 86.144389 54.235851 83.395504 inf 78.876915 52.786987 40.352981 78.028469 95.440548 12.389688 26.909138 inf inf 48.528151 inf 71.803079 59.077321 17.802048 inf 19.505389 28.344666 30.961357 2.189477 37.292811 inf inf 76.155996 45.740366 inf inf 10.639356 inf inf inf inf
86.641670 4.332739 52.254996 30.940942 41.784850 inf 55.439928 44.983322 22.676113 inf 70.529450 25.553509 51.961575 inf 88.727743 25.364043 87.422440 7.753454 32.928952 50.414742 23.616214 inf 92.004239 54.992760 inf 33.410102 17.386381 inf inf inf inf inf 47.223240 66.388020 25.705321 inf 95.475829 13.679293 inf inf inf 17.307545 inf 43.618242 inf inf inf inf inf 6.042034 inf inf 63.489231 inf 65.178363 63.701059 inf 51.718733 inf 46.250768
21.439065 38.160120 77.469988 35.468544 inf inf 12.696042 inf 39.688933 90.451491 inf 52.772562 inf 96.640332 61.421618 inf inf 36.068622 98.578935 inf 37.819066 5.758031 25.628056 31.798584 91.067205 89.240942 12.933429 48.854233 inf inf 75.330300 inf 29.270110 inf 90.901212 67.771865 inf inf inf 60.594696 81.380688 inf inf inf inf inf inf inf 50.515041 44.462279 inf 72.150393 inf inf inf inf 26.548912 25.739585 30.442491 inf
inf 24.941041 inf 77.852627 inf 89.094197 67.000299 15.729586 inf 88.620330 70.906448 inf inf inf inf 35.976859 32.454273 inf inf inf inf inf inf inf inf inf inf inf 6.075248 38.499332 81.664851 inf 66.805922 44.375408 inf inf 21.619591 inf 11.792576 inf 26.489357 89.434068 24.686675 inf inf 36.738794 inf 27.464020 55.114251 6.940000 inf inf 46.589785 96.411409 41.229444 43.492046 inf inf inf 45.351360
73.063351 94.115514 inf inf inf 43.399345 inf inf 35.027144 53.707007 inf inf inf inf inf 46.658449 inf inf 2.463872 inf inf inf 54.741865 34.800462 inf 34.433956 95.451779 inf 45.324517 inf 11.964687 inf 5.109886 inf inf 42.226188 inf 53.654695 inf inf inf 41.019099 50.528819 inf inf 15.352665 73.543208 25.311436 42.261613 58.207886 48.352916 inf inf 90.195838 inf 71.058954 44.897158 9.351298 inf inf
10.148614 30.916124 inf 81.525590 inf 85.068154 inf inf inf inf 50.409297 inf inf inf 81.891719 83.210472 inf 49.026646 93.779884 83.424260 inf 71.456299 inf 63.920778 93.664623 23.027182 inf inf inf inf 56.125498 inf inf inf inf inf inf inf inf inf inf inf inf inf 14.130438 inf 16.943722 inf inf 11.434136 inf 92.092032 inf 64.351697 19.192555 9.053423 34.001636 37.708263 inf inf
inf 36.960642 95.162873 14.731558 12.112502 inf inf inf 43.255627 40.740509 57.095563 inf inf 17.180343 inf 60.423834 inf 69.822433 inf inf 52.249396 inf inf inf inf 85.775310 inf inf 36.715632 inf 98.453964 inf 78.399230 88.621144 62.154581 inf 46.380617 inf 21.748496 99.671227 inf 73.892114 16.384746 91.503949 63.137877 inf inf inf 58.244048 37.146971 inf inf inf inf 26.187644 inf inf inf 4.884043 58.610185
5.407931 inf 94.145045 inf 64.594340 inf inf 9.295262 inf 53.794228 inf 90.229089 46.503814 31.904060 85.289886 inf 2.041497 38.662745 inf inf inf inf 7.586199 47.614521 89.302532 64.243520 inf inf inf inf inf inf 79.065303 inf 70.375398 91.627462 22.311163 inf 8.043192 68.700996 60.536963 90.246789 98.349169 92.383618 7.434389 inf 38.461760 93.277316 inf inf inf 71.336667 inf 80.096430 inf inf 2.083651 33.443498 3.203967 33.772117
63.754813 inf inf inf inf inf inf 27.502441 70.671259 69.844249 inf 97.533446 inf inf inf 27.290916 inf inf inf inf inf 54.657551 33.990124 inf inf inf inf inf inf inf inf inf inf inf inf inf inf 54.718635 86.419325 26.928640 89.627050 51.513112 20.164152 inf 24.103412 53.450649 17.732760 inf inf 95.438566 inf 86.709980 inf inf 4.224457 inf 74.694624 79.519259 inf inf
36.714727 inf 16.105831 inf 18.561164 inf inf 96.615218 52.261956 76.478858 80.913668 inf inf 94.515912 71.079221 81.888630 inf inf 35.352864 inf 29.086301 34.108941 9.088242 inf inf 35.670633 66.873943 inf inf 62.837981 14.954415 24.665047 inf 13.459834 inf inf 94.663744 inf inf inf 40.439855 inf inf inf 2.643434 inf inf inf 81.023087 inf inf inf inf 19.471041 83.218808 55.786883 inf inf inf 68.576544
61.854207 14.187848 inf inf 31.200961 96.750860 inf 83.623769 7.053456 96.164734 56.071190 inf 96.629495 27.589637 inf inf inf 31.358238 inf 73.540046 29.163744 inf 83.461385 87.668779 51.504198 inf inf 43.840477 inf inf 93.996976 83.342352 80.279007 inf 24.459891 inf 25.491067 85.522956 inf 16.010042 77.505512 26.561245 39.289255 inf inf inf inf 94.405806 91.871559 inf inf 44.546241 73.189800 inf inf 6.764074 46.744849 40.609781 inf 27.418352
43.469860 inf 38.897008 15.266671 inf 3.304307 inf 61.108235 inf 82.603654 inf inf inf 84.711123 inf inf inf inf 55.303605 inf 63.816700 inf inf inf 2.367318 75.710615 98.056062 inf inf 5.906934 16.347014 inf 90.499595 inf 29.237862 15.958731 inf 89.770433 inf inf inf 98.737138 17.518247 inf inf 46.257166 inf inf 37.005846 inf inf inf inf 94.630384 72.794024 inf inf inf inf inf
inf 50.151586 93.661138 79.040387 94.979959 inf inf 31.625648 57.778572 91.096911 15.766150 inf inf inf 65.948753 inf inf 54.021656 41.580006 58.541800 inf 2.819258 19.543336 inf 16.550364 51.058435 59.808125 inf inf inf inf 48.727252 inf 81.017045 inf 90.663891 57.316853 inf inf 16.498046 85.165239 75.274427 inf 17.095951 inf 81.824230 inf 83.938251 inf 90.949986 82.528560 51.178645 inf inf 75.332525 10.107539 83.384854 inf 76.708048 8.298369
8.854706 inf inf 90.850984 71.937270 inf inf 83.153042 2.596540 inf 14.099510 inf inf 52.354133 inf inf 93.087646 99.830990 inf inf 12.791788 inf 31.086736 7.226187 inf 68.797218 inf inf 26.644895 inf 94.360528 inf inf inf 63.883435 92.273371 63.852372 inf inf inf 90.589932 20.937455 22.318914 5.958479 inf inf inf 33.312169 inf inf inf inf 30.812424 inf inf 2.954920 72.080371 inf inf inf
73.521046 inf 77.092001 68.465621 inf inf inf inf inf 2.435938 89.639876 inf 23.833083 inf inf 47.883572 78.280785 92.261099 96.658648 inf 97.669313 41.942421 inf 93.905630 inf inf inf 86.715462 27.946262 12.974684 34.049271 65.715781 56.989468 inf inf inf inf inf inf 87.854505 75.968376 32.139403 inf inf 93.049575 inf 7.846816 inf 88.422977 inf inf 46.480044 inf inf inf 92.394338 inf 69.351360 50.951699 94.893109
64.674564 54.219506 82.026315 86.465263 inf inf 36.216236 13.152325 84.123385 86.794312 62.880825 inf 10.631077 59.196743 inf 34.915144 inf inf 23.620176 inf inf 44.890987 25.062579 inf 81.172888 85.176136 inf 69.028662 66.005455 inf 77.275526 79.241468 13.190411 45.682670 inf 20.034958 inf 46.868133 inf 33.884372 37.544839 30.046976 inf 90.578630 33.772571 29.848972 78.915314 inf 18.217626 67.885896 72.229769 inf 53.528241 inf inf 62.455552 inf 41.703840 16.201886 57.478899
2.983801 inf 66.235646 inf inf 19.678809 inf inf inf inf 34.945381 inf inf 46.506850 inf 12.081109 inf inf 21.476818 5.757990 17.732123 inf inf 23.233936 inf 8.889516 inf 18.894149 inf 2.466821 38.664400 inf 66.990771 inf inf inf inf 8.111455 74.908794 inf 13.521506 4.386728 inf 84.819850 30.060179 inf inf 90.877771 75.332882 52.784442 93.031097 inf inf 76.084809 97.408466 16.292860 16.199838 inf 54.716970 55.724020
39.751044 inf 10.297861 inf 89.449084 5.338384 inf inf 94.030824 72.877798 31.040490 inf 64.968854 56.641492 84.224343 87.621907 inf 83.039817 inf 58.235083 26.718496 32.990708 inf 81.924262 20.304854 inf 60.583582 inf 35.718300 39.702903 21.419782 inf 1.112255 7.956514 12.369928 inf 50.224924 inf inf 38.914235 inf inf inf inf inf 7.692204 inf 47.916534 inf 45.120020 inf inf inf 65.333347 inf 3.451732 77.526164 23.762609 75.836636 22.184773
inf inf inf inf 84.737369 48.446189 90.613379 24.772741 94.682547 16.722071 79.530140 inf 8.247296 inf inf inf inf 67.453280 inf 33.352275 48.770834 inf inf inf inf 40.986326 inf inf 97.231970 inf inf 20.494836 45.089340 66.318757 inf 43.438770 inf inf 80.632918 48.865653 16.354835 6.408408 inf 76.629132 69.332439 89.427052 56.089580 54.675341 inf inf inf 17.469414 inf inf 48.054303 inf 10.817209 35.555179 inf 65.203167
97.024331 41.533523 4.921556 inf 82.112431 49.291630 22.929134 78.939654 71.527585 inf 28.101093 inf inf inf inf inf inf inf 20.161760 inf inf inf 58.454273 18.966119 58.061242 inf inf inf inf 47.118554 inf inf inf 7.130789 6.513926 80.410596 inf 69.979265 64.666455 inf inf inf inf inf 7.762046 inf inf inf 89.365599 inf 21.124775 inf 32.780351 inf 93.691597 inf 15.762612 inf 11.442880 57.751820
inf 39.921910 56.527442 71.019493 inf 20.751846 inf inf inf inf inf 99.454311 81.144490 inf 67.718336 inf inf inf inf inf inf 61.946206 69.706515 75.344055 inf 59.386877 93.699542 inf inf 25.884222 inf 12.514125 41.915065 inf inf inf 47.536645 83.010679 21.965791 55.452304 18.287157 inf inf 77.192098 23.577763 92.896973 32.775081 8.767383 58.125484 inf inf inf inf 13.083226 20.806304 17.556216 inf inf 29.007096 inf
21.045446 inf 19.178166 69.484407 25.852532 inf 64.691380 82.595090 43.313666 inf inf 32.166977 inf inf inf inf inf 75.800864 inf 75.870746 inf inf 46.253729 inf 62.586382 10.800441 inf 19.122864 39.427937 inf 84.688052 89.578058 47.817773 75.551054 95.357590 inf inf inf inf inf 5.102877 inf inf 36.259378 inf inf inf inf 79.789231 inf 80.589300 1.314490 2.608348 inf inf inf inf inf inf inf
inf 84.638944 inf 79.573599 inf inf inf inf 49.701900 inf 42.605323 27.172522 82.818290 43.379943 63.900523 inf inf 32.606541 31.423001 28.085044 inf 87.263950 43.102093 87.673717 45.974287 60.354959 inf inf inf 56.879745 inf 45.941451 inf 86.247037 inf 15.880818 inf 14.633768 inf 94.333097 inf 41.738358 inf inf 60.067713 55.196639 50.944903 inf inf 15.296141 41.772984 inf 87.879190 94.995990 6.158424 90.092766 inf inf inf 93.018333
inf 56.688503 inf 65.404187 22.073690 inf inf inf 55.968044 inf inf inf inf inf inf inf inf 9.352896 91.592156 inf 25.061614 inf 54.841071 39.609388 inf inf 98.505465 inf 76.680920 86.418708 38.662839 inf inf 1.056095 inf 10.722777 80.541154 50.027821 inf inf inf 30.253491 92.374394 inf 45.862210 inf inf inf inf inf 38.274134 26.343981 inf 21.152881 inf inf inf 41.676034 inf 24.981686
inf 85.261862 19.918972 inf inf 4.045013 inf 13.463559 58.852941 89.106808 23.932628 59.896947 82.897227 inf 44.808819 4.226984 inf inf 43.309112 23.560407 inf inf 62.670793 59.575423 86.127681 83.019657 55.268239 inf 42.441231 93.305645 inf inf inf 26.184816 90.052210 inf inf 65.552499 inf 58.920177 inf 50.091862 6.462548 inf inf inf inf 94.942590 68.384819 inf 63.875000 76.187793 inf 9.495636 28.506203 inf 25.443363 inf 50.707855 41.863288
54.665967 8.443907 inf inf inf inf 55.984358 inf 5.208970 1.924583 inf 12.736423 inf inf 54.187243 inf inf 39.227745 inf inf 38.166464 inf inf 68.661342 inf 73.384492 9.553396 51.931115 inf 13.851313 41.212858 78.699697 75.774011 inf 60.857722 inf inf 97.783650 inf inf inf inf 76.453589 88.130444 12.120014 inf 62.899665 95.977448 inf inf 66.733246 inf inf 30.378169 inf 26.754284 inf 42.249570 89.688068 25.230242
inf inf inf inf 55.006012 inf inf 4.717680 20.068307 3.141909 76.978346 inf inf inf 52.402545 37.275234 inf inf 90.613318 9.377990 inf 30.587499 inf inf inf 83.295825 inf 38.453808 inf 61.369089 inf inf 59.305497 42.664402 inf 74.714570 inf 64.810495 inf 80.171696 33.916756 63.350356 inf 85.442922 inf inf 1.417674 inf 34.323110 inf 87.335585 32.979520 69.815476 inf inf 88.128496 46.874496 72.063781 inf 29.980464
inf inf inf 71.106642 72.951063 inf 51.578259 inf 21.426147 inf 35.250531 inf 17.510458 inf inf 7.757472 inf inf inf 66.833935 35.345488 68.288565 inf 24.233847 inf inf 61.386416 62.152104 inf inf 47.530851 2.392467 inf inf 89.364421 inf 28.162523 inf 23.233312 inf 89.115309 58.521506 inf 6.742478 inf 54.240343 inf 79.279600 56.943080 inf 72.809230 inf 97.227623 9.494585 42.795779 inf 85.014880 inf inf inf
88.677474 43.881336 inf inf inf inf 64.571505 inf inf 47.937879 inf 20.144401 inf inf 58.620003 65.043140 inf 79.229436 92.302134 inf 21.018391 22.533824 inf inf inf 9.136757 inf inf 81.357024 inf inf 36.126311 inf inf inf 13.955825 inf 61.386924 inf 70.910818 66.873127 inf 56.652246 50.070320 inf 45.758584 inf 5.560715 inf inf 54.461733 56.077502 inf 55.438071 inf inf 58.018132 59.120039 57.009373 inf
inf 32.740176 inf 1.636548 41.668123 inf inf 45.786596 inf 43.843479 inf inf 47.177396 inf inf inf 59.075266 inf 35.118633 56.765033 inf inf inf 70.785713 60.403322 inf inf 87.638838 41.107521 inf 52.258768 94.744788 51.799524 95.495450 86.235841 inf 61.375131 inf inf inf inf 32.328099 inf 30.467386 77.500621 98.563463 inf inf 15.576429 inf inf 20.262673 43.711150 inf inf 35.183238 69.618154 71.264131 28.058839 39.761664
40.389976 inf 43.427359 75.331277 17.741511 79.067947 inf inf 9.426865 inf inf 82.799128 inf inf 89.546618 34.684798 47.725784 inf inf inf inf inf inf inf 89.751902 inf 74.592595 89.189692 57.288555 inf inf inf inf inf inf 82.752204 inf inf inf inf inf inf inf inf inf inf inf inf 40.596760 59.068619 90.539023 inf 2.702457 inf inf 39.625609 96.128775 inf inf inf
inf inf inf 70.963459 inf inf 44.944897 inf inf inf 74.025359 inf inf inf 40.718949 77.614705 52.009661 inf 24.437123 inf 2.822121 inf 13.725556 6.312774 inf 25.269240 63.419671 inf 71.128970 inf 86.737651 inf 49.059592 inf 79.407515 inf 8.540975 inf inf inf inf inf 92.225221 inf 96.626108 inf 98.800984 inf inf inf inf 36.614923 10.753635 16.240699 69.807846 inf inf inf 23.965429 inf
98.375807 10.606082 inf 28.504696 50.918173 24.772493 inf 6.744825 81.243549 inf 27.592825 96.811811 inf inf inf 95.095924 71.176737 53.891643 71.059750 inf 27.417491 40.328400 22.904228 39.055382 56.812721 inf 99.015957 inf 72.289993 61.429584 inf inf inf inf 70.550232 84.506755 80.160104 inf inf inf inf 69.884629 31.393544 inf inf 54.396141 75.056393 inf 74.403427 2.878498 83.476851 inf inf inf inf inf 3.010864 69.545475 inf 12.479736
42.975394 62.119312 72.674334 99.972333 55.881172 31.086461 inf inf 92.653790 70.452243 inf 95.327957 8.984615 inf 23.861814 61.615049 16.567064 inf 82.092083 71.054946 53.806684 39.550081 29.093573 81.043206 54.950681 inf 45.399463 inf inf inf 46.644359 32.559168 42.980445 inf 56.049018 19.437747 inf 68.696466 inf inf 93.642239 inf inf inf 89.612056 50.129148 73.015708 inf 96.165587 21.585091 40.717588 inf inf 43.662449 1.315350 inf inf 9.860749 inf 92.036573
1.772278 inf 34.319221 3.086752 96.101038 inf 51.712221 61.234123 51.084567 inf inf 25.508056 15.830880 inf 15.605720 50.740550 25.022822 inf 69.031073 73.086518 inf 30.001105 inf inf inf inf inf inf inf inf inf 9.418621 10.536037 7.105670 inf inf 82.087003 inf inf 96.478470 9.658242 inf inf inf 42.628216 35.311051 inf 5.339288 55.434314 29.205946 inf inf 10.809267 inf 90.327419 inf 55.286925 73.909622 inf inf
inf 79.377191 29.335805 47.523846 inf inf inf 80.172233 inf 23.268156 inf inf inf inf 49.832142 86.494128 inf inf inf inf 45.082032 78.132307 inf 11.077104 99.857386 inf 55.192533 inf 21.447419 9.539919 inf inf inf 51.244227 51.494925 13.031685 90.479914 8.262727 inf inf inf inf inf inf 30.259419 inf inf 70.084060 86.003995 67.575323 inf 60.697478 28.200591 71.977638 25.357673 27.362680 inf 64.147913 inf inf
inf 85.267273 84.964488 inf inf inf 32.098141 65.014008 62.609197 inf inf inf inf 27.620853 17.249470 6.069218 28.433616 84.644436 inf inf inf inf 15.144015 84.850690 82.854248 inf 31.339041 41.384649 14.255370 inf 57.822006 64.549972 inf 25.117805 inf inf inf 88.995260 inf 19.675028 inf 57.468452 24.112672 50.113373 inf 49.279923 68.560165 45.975920 inf 66.294071 95.118181 89.446381 inf inf inf inf inf inf inf inf
53.271700 19.077294 inf 56.469917 inf 39.990894 93.878329 70.548755 86.019986 inf inf 73.522035 89.627086 inf inf inf 53.172803 inf inf 98.439068 36.667433 inf inf 28.903237 inf 22.210516 70.070433 inf 98.450969 inf 47.479499 inf inf inf inf 3.479166 25.490643 92.689609 inf inf 48.912601 10.966603 9.324737 inf 73.627879 inf 82.656361 25.089247 inf inf 81.220159 49.873385 3.874293 inf 38.876204 4.383342 inf 32.088896 inf 37.373759
inf 57.496108 75.258280 96.922882 57.257729 97.386656 23.287289 45.198163 65.363134 inf inf inf 12.068725 29.013376 inf 52.550430 61.682814 inf inf inf inf inf 99.905310 34.397052 inf inf 43.994829 inf 60.836957 inf 75.840329 inf inf 85.683427 99.721572 inf inf inf inf 7.793875 49.380980 23.753872 inf inf 75.363020 57.373443 inf inf 2.623104 inf 58.574682 inf inf inf inf 24.702967 61.723888 inf inf 30.014008
39.945494 92.671169 75.173127 inf inf inf 19.837220 57.847646 20.300756 inf inf 84.359410 49.225074 inf inf 64.201597 inf inf 90.627941 inf 35.465212 94.128689 inf inf 76.711476 79.645066 42.833074 inf 3.636147 inf inf inf 66.300610 52.638647 inf 83.579979 14.794745 inf inf inf inf inf 92.495929 86.156587 27.518719 82.307996 inf inf 97.078683 94.649296 2.006452 inf 49.621679 inf 27.912861 16.377227 8.479805 inf 84.688365 inf
39.411000 inf 33.327247 inf inf 38.174656 29.776934 inf 43.025585 inf 21.981464 22.256548 93.133571 inf 16.687375 inf inf 10.860179 12.276491 53.254133 inf inf 3.538972 54.081069 64.909360 inf inf 54.244217 17.755194 97.634519 inf inf 95.096262 inf 42.128420 7.571287 inf 55.401594 23.382063 inf 10.763545 92.025445 88.041897 14.985988 inf inf 27.088649 49.748601 inf inf inf inf 85.605215 inf 18.811762 33.679520 inf inf 12.032431 inf
inf 71.117131 inf 4.730129 inf 80.653034 inf inf inf 48.115526 20.050610 88.362516 37.175776 77.826993 81.527466 inf 96.257642 inf inf inf 46.638571 inf inf 49.478054 20.349749 70.678828 inf inf inf inf 41.524609 inf inf inf inf inf inf inf 62.559763 inf 8.786298 57.326187 16.601800 67.112055 90.098077 inf inf 83.245556 inf inf inf 29.467191 81.955754 38.604014 83.914116 57.548576 21.748994 16.064669 inf inf
inf inf 8.450597 36.280014 inf 66.535886 25.360557 inf inf inf inf inf 58.978516 inf inf inf inf inf inf inf 25.933404 inf inf 66.683613 13.052988 inf inf 81.538303 inf 45.555487 7.490255 92.679020 28.331862 63.360769 57.164764 22.278380 34.829358 inf 84.594238 inf 47.205864 5.081989 inf inf 52.688369 82.175182 45.918716 20.700781 inf inf inf inf inf inf 47.419141 inf inf inf inf 20.145984
inf inf 46.461870 inf 20.147066 inf inf inf 43.588147 inf 87.909329 inf inf 65.038732 inf 38.417590 7.195281 inf 88.956682 inf 40.251137 inf 20.731644 inf inf inf 87.479652 inf inf 39.083173 inf 93.410450 1.471327 inf 85.877532 inf 28.356488 68.266385 inf 4.687985 inf inf inf 64.705448 74.616721 53.747627 inf inf inf 43.813301 inf inf inf inf 16.669881 inf inf inf 17.516684 1.216119
12.736596 33.565819 inf inf inf 98.929774 inf inf 11.339485 69.697261 inf 35.023603 inf inf inf inf inf inf 61.614822 inf inf 70.012167 inf 30.398987 inf inf inf 83.992437 inf 65.772625 62.482608 inf inf inf 11.291074 5.108748 inf 15.983163 56.162464 69.406930 inf inf 8.379772 80.066235 inf 2.170397 inf 77.776122 76.147406 36.983217 inf inf inf 4.166472 82.959178 37.708421 inf inf inf 12.383659
inf 96.434836 inf 85.860345 19.639310 inf inf 17.003319 inf inf inf 54.638854 42.077890 28.833742 inf 19.465520 inf 76.364049 inf 76.979419 inf inf inf inf 32.552579 13.947644 inf inf 54.235517 inf 81.419081 2.446344 63.714693 98.666111 inf 80.493677 96.021274 inf inf 69.020505 inf 90.723244 inf 34.740729 inf inf inf inf inf 66.433776 inf inf 97.611697 inf inf inf inf 91.265869 inf inf
inf inf inf inf 1.289321 3.795993 inf 12.183723 inf 71.408054 inf 85.132920 inf 23.644759 2.909037 inf 57.707305 38.317070 inf 57.447588 46.534045 inf inf inf 81.061117 inf 17.206550 6.259759 97.770504 inf 5.483256 inf 60.925275 inf inf 76.243613 inf inf inf 2.460291 inf 97.798125 49.126430 1.284985 inf 99.966576 inf 16.178146 83.657524 69.052720 97.403457 5.124474 90.390257 inf inf inf 98.299548 inf 10.522945 inf
49.514165 93.219106 inf 56.746992 inf inf 8.530840 50.875006 82.538018 62.209334 inf 2.944375 48.571827 48.627180 inf inf inf 30.453924 69.075107 inf 1.232711 38.565023 91.914891 48.325130 63.528087 66.595560 inf inf 65.101153 inf 51.663689 inf inf 96.959166 59.019499 inf inf 33.353760 77.074511 inf inf inf inf 28.711319 inf 31.903913 3.909915 19.240180 22.927196 46.057933 inf inf 65.193283 inf inf inf 40.744642 inf 53.543643 57.012395
9.860083 inf 8.506806 inf inf inf 14.584256 inf inf inf 61.985700 inf 15.753494 2.413363 inf 16.077002 92.716412 inf 82.680798 inf 64.566368 38.929139 inf inf 46.806248 44.729126 26.555089 96.876304 inf inf inf inf 41.842500 inf 14.176408 37.648239 37.993125 77.038438 76.725789 inf 22.877097 inf 12.215108 inf inf inf 84.187202 7.809146 inf 67.124358 inf inf inf inf 22.419019 69.257394 inf 78.894521 inf 95.942475
33.010569 inf inf inf inf 98.208910 inf inf inf 93.085392 6.323955 inf 55.594983 22.159342 inf 36.471924 15.090673 inf 84.502092 inf inf inf 2.922638 89.340255 inf 10.931456 44.885239 inf inf inf inf 45.488863 inf 65.792986 39.938392 inf 86.414846 44.348757 inf inf 91.928807 12.394870 54.549530 12.965369 inf 49.089885 inf inf inf 77.442114 inf inf inf 78.454865 inf inf 89.845298 inf 90.421626 inf
inf inf 71.216412 20.494339 78.506380 inf inf 98.654572 inf inf 9.706779 inf inf inf 70.541025 55.105086 inf inf inf inf 12.725072 inf 49.867035 26.986614 42.520466 49.220021 inf 59.691087 36.797849 inf inf inf 20.675246 86.049741 inf inf 56.476010 22.271698 inf 32.068223 inf inf inf inf inf inf inf 79.795788 65.054374 inf inf 41.194281 inf inf 75.697189 94.980781 inf 64.218803 inf inf
42.099936 46.767448 22.182613 inf 10.563598 37.649601 inf inf inf 20.101709 inf 62.356068 inf inf 60.363581 35.123268 inf 12.575750 73.734071 inf 85.418343 inf 36.573702 92.523756 4.038419 2.584030 80.715825 45.823811 inf inf 88.515435 11.239774 96.625398 39.171588 54.412943 inf inf 99.596477 inf inf 66.729845 3.855602 inf inf inf 12.266389 43.816607 inf inf inf 30.593349 72.202992 45.637472 inf inf 48.072397 8.147430 inf inf inf
