inf 47.330041 23.575678 26.229157 inf inf inf 77.649681 inf inf 94.800695 38.147534 inf inf 74.991046 inf 55.472078 7.927001 inf inf 40.313209 inf 78.165143 7.293023 inf 4.854290 25.126645 31.087459 inf 13.028862 inf inf 84.422656 inf 50.197645 inf inf inf inf 25.442723 35.178454 inf inf 37.388565 inf inf inf inf 27.452391 50.553168 65.807958 47.744904 20.396408 66.439039 inf 80.360822 inf inf inf 87.107259 78.819138 inf inf inf inf
5.500992 inf inf 12.825544 inf 44.856752 6.992168 67.527445 inf 27.721790 53.831511 92.760143 inf inf inf 60.306227 43.585079 inf 46.904791 inf inf inf inf inf 54.694686 inf inf 16.884785 inf 6.060246 inf 44.194860 34.245164 76.728939 inf inf inf inf 9.989127 inf inf 11.899108 6.690179 39.641660 30.926493 inf 29.845013 inf 49.766746 inf 71.752891 86.330287 42.370026 inf 85.826078 60.425617 3.119097 84.623472 53.980919 inf inf 72.838491 inf 13.733351 62.199076
72.719968 inf inf 37.554988 85.790194 29.448927 inf 91.361806 47.638022 inf inf inf inf 60.325271 inf 63.320959 inf 36.773318 inf 19.997282 32.373859 13.744820 inf inf inf 58.629443 inf inf 35.046778 99.419105 inf inf 6.338243 inf 36.807296 2.349245 26.961946 47.894915 inf 87.683667 inf inf 80.071094 inf 68.498371 28.940118 50.419787 inf inf inf 47.157598 inf 65.028887 inf 68.707994 59.743947 75.885488 inf inf inf inf inf 74.392428 75.028048 56.174168
42.752439 98.997455 62.138016 inf inf 55.762294 60.900256 inf 92.680008 3.287583 48.998905 inf 81.218678 41.333099 96.381327 inf 75.140551 29.396229 inf inf 80.021984 inf inf 38.281269 72.226875 34.918442 45.059875 inf 47.212145 90.527138 88.918107 inf 48.534270 11.627681 inf 4.240400 9.034010 inf 89.769482 57.583613 inf inf 48.000385 37.948092 inf 80.580273 inf 60.552959 73.618663 inf 41.571953 inf 34.909034 90.476600 91.723534 inf 48.287616 60.275179 inf 84.838724 20.951480 56.383286 inf 64.424948 65.194187
inf inf 64.688670 inf inf inf 39.934317 inf 5.612425 13.551956 92.721746 16.868341 inf inf inf 69.664128 inf 83.885791 inf inf inf inf 13.666257 87.888177 29.210846 inf 44.774319 1.554631 62.979163 inf inf inf 83.837860 45.577653 37.121917 inf 48.672867 70.648213 inf inf 27.397783 inf inf 44.002251 79.773244 96.201749 89.248972 82.025288 inf 63.540380 8.249037 inf inf 86.822239 42.241236 inf 62.088314 31.252352 inf 53.602800 55.249127 59.160294 46.441383 inf inf
inf 32.771907 47.577346 30.408572 inf inf inf inf 93.015838 inf 50.394671 inf inf 17.007928 inf inf inf 63.617243 6.354194 inf inf 26.209913 48.691299 83.568993 87.867944 inf 33.457606 69.259521 67.334898 70.138143 inf 95.267426 91.518995 inf inf 83.758121 91.882456 inf 93.934255 inf inf inf 43.783186 inf 36.378589 91.231770 31.608010 inf 28.894065 49.952105 29.227870 23.166135 inf 78.557698 18.730848 69.006763 9.525511 17.800880 inf 34.254395 inf inf inf inf inf
inf 68.438208 inf 84.700732 32.522143 inf inf 65.789677 25.418944 inf inf 29.261064 6.471616 69.749371 27.832804 50.964511 23.077244 inf inf 14.021034 inf 4.994986 32.310478 91.251052 84.008222 inf inf 67.261481 29.623730 66.776652 89.395823 inf 38.677924 inf inf inf 16.076984 8.856422 inf inf inf inf 51.327419 inf inf 83.223791 61.271667 98.701059 17.991877 63.992849 inf 62.247566 inf 10.191787 57.440130 54.292532 62.655957 inf 59.992877 inf 35.917848 inf inf 32.594568 inf
71.932829 39.166008 76.965889 inf inf inf 29.173086 inf 88.385958 inf 71.901768 inf inf inf inf inf inf 92.851348 9.417705 60.900442 inf 44.427228 inf 9.704142 19.669032 78.834777 50.934734 inf 46.504392 inf inf inf 9.532038 12.265999 inf 24.587470 38.649229 inf inf 58.199087 55.770781 inf inf inf inf inf inf inf 2.014253 42.973457 inf inf 34.570778 21.695640 68.823828 inf inf 20.328949 45.715995 91.151010 inf 3.942309 26.032688 inf 19.371881
inf inf 23.515508 63.229589 94.097056 72.106366 17.498997 57.028587 inf inf 81.380768 inf inf inf inf 35.031956 inf inf 14.021125 inf 79.825733 20.410928 66.662197 47.247780 inf 25.296219 inf inf 81.294679 29.879117 inf inf inf 32.234051 60.540350 inf 7.985871 inf 4.697805 inf 74.141081 32.145848 inf 62.455143 inf 60.911337 inf inf inf 31.291365 29.000901 inf 55.148670 92.994495 31.612570 inf inf inf 21.777893 inf 95.837067 inf 2.999550 9.752456 inf
inf 27.670072 inf 21.105390 43.188013 inf inf inf inf inf inf 36.873215 inf inf 68.078326 inf 24.853530 37.409747 4.049448 inf inf 97.632608 inf inf 19.680227 inf 28.060613 inf 40.364366 inf 74.812325 inf inf inf inf 87.260594 32.426948 72.862826 inf 26.170323 inf inf 59.791732 59.328419 47.477641 92.006661 22.215581 89.560190 inf 9.663195 inf inf 53.267311 32.603469 inf inf 67.247405 inf 27.948799 95.718978 inf 27.988092 8.616688 98.115114 inf
75.953964 11.990965 inf 25.401395 79.923356 76.312513 inf 99.799342 76.979412 inf inf inf inf inf inf 52.600129 59.969163 59.638098 inf inf inf 3.066759 78.585464 14.353061 35.136400 99.370077 93.463003 inf inf 96.369428 inf 6.103813 8.017400 inf inf inf 83.453367 68.685259 inf inf 32.054249 54.485633 inf 58.776913 33.354631 inf inf 17.098867 22.687787 inf inf 87.147586 inf inf inf 56.174695 71.912623 7.710803 inf 32.867526 57.831196 16.852148 63.903530 inf inf
66.928229 92.398334 inf inf 86.941817 inf 27.652256 inf inf 85.421477 inf inf 11.257164 17.051447 inf inf 92.885498 53.109599 inf 76.417163 4.399952 60.166418 inf inf inf 17.746519 43.272525 11.509118 9.891555 inf inf 17.152367 13.945476 28.294618 84.228894 inf 29.413251 27.386320 inf 29.284601 inf inf 22.526098 inf 3.989448 inf inf 31.248807 inf 8.304132 inf inf inf inf 21.596198 22.219758 inf inf inf inf 43.150194 38.768433 76.492623 8.246301 28.066644
inf inf inf 45.596421 inf inf 97.659541 inf inf inf inf 39.899741 inf 72.218880 28.097729 95.259875 inf 47.325011 26.857669 inf inf 39.355505 inf 72.995538 inf inf 73.724741 10.012079 61.250201 inf inf 83.091140 2.754058 39.901154 inf 29.565594 11.356517 81.611193 55.917846 inf 52.591035 61.518292 inf 30.751598 inf 4.375759 26.451860 56.488499 7.596610 inf 20.447212 inf inf inf 96.888612 inf inf 91.101403 inf 37.094949 inf 94.167685 inf inf 90.163586
inf inf 33.591908 72.410001 inf 87.368921 31.651959 inf inf inf inf 65.199912 16.147989 inf 6.805228 80.449609 13.491977 5.154760 inf inf inf inf inf inf 30.473830 53.110974 inf 50.098895 21.528262 inf 41.822559 17.408022 inf 69.803723 53.693885 81.276450 88.634706 8.933641 inf inf 66.392748 inf inf inf 26.355454 12.270016 31.590500 inf inf 65.766133 25.830302 83.701581 inf inf 44.775053 7.040689 inf 48.666306 inf inf inf 22.688395 inf inf inf
11.068751 inf inf 4.438048 inf inf 14.420108 inf inf 99.356516 inf inf 9.990483 56.622465 inf 55.957615 inf inf 79.831460 inf 46.698930 inf 8.013703 94.908188 5.326876 37.311839 31.355260 inf 21.079186 inf inf inf 75.849055 inf 92.350396 inf 86.360866 72.324571 inf 13.733870 61.765567 inf inf 40.131043 inf inf 41.650652 81.444490 inf inf inf inf inf inf 55.315297 92.322694 inf 77.234936 inf 45.213385 44.114129 51.637434 6.042160 inf 10.632447
inf 66.631932 1.512521 inf 95.554048 inf 49.416261 inf 77.862034 inf 7.294666 inf 45.981282 50.559636 22.423956 inf inf inf 43.239145 inf 62.361971 inf 3.198482 82.240830 41.937451 24.626929 45.786596 63.017357 inf inf 96.490315 inf inf inf 39.271219 11.837480 inf 47.414568 inf inf 14.220937 30.659263 28.619694 inf 90.518028 95.172799 79.878524 56.284759 inf 45.006594 78.442549 inf inf 54.606920 18.280765 inf 89.927533 54.276150 inf 11.471887 inf inf inf 57.701720 inf
94.109342 68.749916 inf 47.623855 inf inf 70.235986 inf inf 49.620038 9.116743 28.250769 inf 97.138260 inf inf inf 31.119004 inf inf 62.398383 inf 13.972388 43.975760 35.453224 37.551464 inf inf inf 92.332955 30.883043 inf inf inf 9.324085 89.276873 inf 55.479615 93.970479 68.975422 15.059686 inf inf 23.942565 27.453810 66.936323 inf inf 78.886685 94.847511 inf 91.810842 inf 37.167466 inf inf 26.644041 inf 49.220858 30.935204 82.717543 73.595245 99.647264 22.757535 84.187764
42.987662 inf 53.175649 29.803551 90.532839 74.720030 inf 15.187134 inf 66.161929 56.381160 6.225775 38.412357 18.677005 inf inf 18.924740 inf 51.643420 inf 54.529210 44.632976 inf inf inf inf 1.226648 77.885805 inf 65.245363 29.657529 41.264529 inf 65.279481 57.752226 19.295053 70.194752 inf inf inf 26.520280 inf 75.147310 inf 4.231611 19.623917 inf 90.799572 inf inf inf 1.918861 89.113839 13.461883 inf 81.253720 44.446855 6.156997 97.367208 53.103729 inf 98.467604 94.382590 inf 42.263260
inf 17.174074 inf inf inf 84.949475 inf 9.261351 47.091413 39.383961 inf inf 74.327867 inf 98.983447 59.733199 inf 85.744674 inf inf inf 66.160000 91.594708 57.601599 inf inf 33.630554 48.847763 8.937244 inf inf inf 22.589678 56.965842 inf 32.302016 inf inf inf 95.276637 inf inf 40.337807 96.976298 inf 73.606198 inf inf 72.569321 55.618954 44.642267 4.483717 75.597009 inf 2.765090 inf 16.240579 inf 61.768311 46.303479 28.710315 39.012759 inf 83.015959 84.386744
inf inf 18.978894 inf inf inf 3.269465 37.614138 inf inf inf 68.377220 inf inf inf inf inf inf inf inf inf 83.059046 59.246980 inf inf 96.159508 58.923954 31.267804 38.057768 inf 46.443849 inf 54.044352 inf inf inf inf inf 31.438939 23.931900 inf inf inf 50.369275 81.012915 inf 19.635302 inf 24.383143 5.239255 inf inf inf 67.509644 inf 61.494127 inf 50.844737 45.064203 inf inf inf 68.247046 19.774475 30.907358
5.076185 inf 53.152631 19.156237 inf inf inf inf 25.051401 inf inf 27.174329 inf inf 7.470461 12.892210 32.566416 65.129603 inf inf inf inf inf 69.293798 inf inf 97.915005 inf 50.861326 inf 9.645069 inf 48.365146 inf inf 66.312506 15.448897 inf inf inf 17.636847 inf 97.464072 inf 78.543698 67.370487 inf 65.313551 63.933875 8.853136 29.157218 13.579343 38.154559 3.089371 33.158005 inf 53.202807 inf inf inf 44.173033 inf 88.175068 39.281197 25.335262
inf inf 25.078897 inf inf 25.498777 65.315652 91.170708 76.101980 95.460561 74.452255 34.484721 32.583802 inf inf inf inf 78.981761 13.379610 54.425011 inf inf 13.295973 43.110900 82.264016 inf inf 44.107821 inf inf inf inf inf inf 81.975629 85.414394 7.785582 inf inf inf 60.464453 inf 16.350916 inf 6.810678 inf inf inf 92.108352 inf 18.183872 inf inf inf 47.139629 26.633165 68.682177 69.627670 98.189756 99.037865 inf inf inf inf inf
24.892388 inf inf inf 82.990690 61.423088 17.063519 inf 50.001687 inf 90.607248 inf inf inf 13.113366 46.220311 79.872968 inf 23.333764 51.618270 inf 71.033379 inf 31.616157 66.832242 74.898119 21.033574 35.007801 86.698510 inf 85.200343 inf inf inf 5.013176 inf inf inf inf 66.157225 85.392465 inf 11.506747 11.633473 61.073665 inf 22.189100 inf 52.439356 79.074450 inf inf inf 53.661290 93.498384 5.971857 inf inf 2.587692 56.966695 53.371317 inf inf inf inf
49.495799 inf inf 51.319837 4.759724 16.149742 18.634397 54.372373 71.377959 inf 59.996706 inf 25.719816 inf 44.943252 74.970654 80.192006 inf 10.007350 inf 37.824290 23.408788 86.732623 inf inf 79.714753 31.379262 63.529580 91.292364 inf 6.041114 77.594258 inf inf 62.369233 91.147735 9.149360 31.503449 96.990913 inf 19.208589 85.295707 inf inf 36.971465 13.011468 inf inf 43.959865 45.768071 inf 99.291312 inf 49.625741 95.218848 inf 83.811108 21.635900 inf 62.680417 inf 62.039342 inf inf inf
inf 66.191691 inf 17.684942 57.816932 88.609212 86.082250 38.388735 inf 1.886641 81.368734 inf inf 12.066894 7.547535 22.842645 69.144913 inf inf inf inf 88.379748 88.489178 inf inf 77.625756 inf 80.475533 inf 62.494405 38.608067 90.648168 95.806241 97.251410 inf 95.565921 inf 63.475212 13.528395 61.074231 60.224589 91.151485 inf 2.370475 43.452542 inf 56.498128 37.260889 inf inf inf 54.434082 61.981282 inf 16.671193 49.909870 inf inf inf inf inf 50.627184 96.070805 17.442214 83.670090
26.381076 inf 56.192414 55.929533 inf inf inf 28.368086 71.475648 inf 93.117470 40.687600 inf 51.201475 92.113869 15.957016 99.352739 inf inf 85.073231 inf inf 25.175950 49.886814 17.829805 inf inf 81.328005 inf 35.870246 76.158905 26.776131 22.498412 90.651319 77.194485 42.501081 85.201510 36.309368 inf 48.816027 inf 14.539230 inf inf 42.707957 83.948823 inf 82.013612 inf 84.347768 40.898442 61.242693 84.394068 13.976514 25.957135 inf inf inf inf 93.966721 91.835726 47.758774 87.167538 7.741090 34.342697
65.069876 inf inf 14.673954 79.890587 74.660372 inf 99.838102 inf 14.067940 38.760509 85.317468 57.119034 inf 24.778489 24.698491 inf 83.318532 89.288783 48.760301 23.984181 inf 5.653854 43.991658 inf inf inf 66.313216 16.272071 inf 81.138188 inf 41.062189 97.325340 inf inf 6.477178 inf inf inf 71.565762 93.260750 inf inf 73.115075 inf inf 89.423007 inf inf inf inf inf inf 35.147272 73.472407 60.253302 inf 47.842040 41.045304 31.215893 53.041141 inf inf 15.564684
1.587175 6.150442 inf inf 18.494399 87.736058 56.712161 inf inf inf inf 96.067487 4.807398 46.963595 inf 89.495844 inf 12.258475 16.374108 18.446344 inf 47.973598 49.854512 58.061147 97.459080 95.371999 53.395482 inf inf 67.740353 inf inf inf inf 8.646005 47.070967 inf 76.881471 69.679469 5.419148 37.318537 37.901693 39.529600 inf 69.469651 inf 40.821674 1.518065 inf 53.105766 36.603930 inf 91.657226 inf inf inf inf 43.886500 inf 12.295204 inf inf inf inf 74.907280
inf inf 26.636871 60.267043 1.017291 1.672924 56.853179 62.194921 41.731308 80.598983 inf 13.751559 85.425407 86.065264 1.908370 inf inf inf 43.676669 8.438969 70.794937 inf 71.678566 45.768410 inf inf 14.042620 inf inf inf 32.402522 inf 92.031903 inf inf 92.478917 inf inf inf inf inf 8.761374 89.420627 inf inf 55.632663 37.785771 97.812551 inf inf inf 78.712804 inf inf inf inf inf inf 34.210589 inf 83.376696 inf 6.034170 54.045483 43.490797
3.830175 54.496633 8.715105 47.516143 inf 22.569500 18.771283 inf 72.822970 inf 58.082915 inf inf inf inf inf 76.938205 82.308945 inf inf inf inf inf inf 37.088464 17.104136 inf 60.518513 inf inf 15.703150 inf inf inf inf 59.806315 inf 72.488411 inf 38.394058 inf 30.017098 22.154475 68.990923 65.553341 inf inf 35.719197 61.000769 84.509152 80.334492 inf inf 85.961569 inf 78.172796 58.135201 inf inf 66.859659 35.123696 inf inf inf inf
inf inf inf 30.639846 inf inf 5.185459 inf inf 9.741323 inf inf inf 41.554369 inf 31.353210 82.114332 62.065751 inf 82.399677 84.388266 inf 78.887486 99.121701 52.357263 35.648889 8.795370 inf 95.435305 73.938713 inf inf inf inf 94.245105 inf inf inf inf inf 70.774954 28.744353 95.330857 inf inf 93.320547 inf 47.219623 inf 1.505890 38.861367 inf 31.194730 inf inf 58.043076 37.776916 inf 90.935801 61.534230 95.908719 23.211833 inf 41.837015 83.983212
inf 80.773964 inf inf inf 79.602422 inf inf inf inf 60.552592 88.218573 68.730116 14.768898 inf inf inf 86.601954 inf inf inf inf inf 75.829271 59.576852 5.386444 inf inf inf inf inf inf 79.118648 inf inf 27.368853 93.582234 64.821648 76.487115 92.488197 inf inf 27.017365 inf 80.370642 87.104048 inf 28.675751 42.106988 inf 9.844250 71.466322 67.619061 inf 32.669587 85.731952 49.412542 inf inf inf 87.972510 inf inf 86.478407 48.111860
58.131324 66.033845 96.965578 88.518001 78.154339 18.148757 55.948607 80.225899 inf inf 49.194704 50.879936 28.759369 inf 83.765919 inf inf inf 99.628248 19.092807 52.798809 inf inf inf 7.762296 26.615511 28.374073 inf 96.675506 inf inf 7.001452 inf inf 94.202520 96.768317 inf 72.498316 inf inf inf inf 9.935995 56.076449 5.219041 29.655817 inf inf inf 12.250157 41.385074 inf 41.554997 inf 87.398468 58.742908 71.494319 inf inf inf 76.204377 50.738292 92.839889 inf inf
inf 38.842434 inf 42.547476 73.214951 inf inf 56.293865 7.434547 inf inf 10.525113 52.580873 80.206440 inf inf inf 93.191027 93.830487 inf inf inf inf inf 96.043744 71.666068 8.649982 inf inf inf inf inf inf inf 24.377755 80.672929 88.318748 inf inf 67.786696 inf inf inf inf inf inf 91.110494 2.704816 13.480190 54.378332 inf 24.255661 inf 27.239073 inf 7.844167 97.704410 39.776193 inf inf inf 32.135383 83.706451 inf inf
49.296550 inf 10.308846 inf 52.578797 inf inf inf 10.647303 inf inf 22.972346 inf 7.270492 66.858620 9.949025 77.343896 11.701375 inf inf inf 92.982413 4.379481 44.686503 inf 45.117370 inf 27.422671 inf inf 60.164525 inf 46.315578 41.790160 inf inf 4.702360 51.108053 60.411854 inf 10.725072 33.744535 inf 74.376639 39.859774 inf 2.484950 inf 53.008087 57.351112 86.868487 37.463353 inf 86.249630 9.152222 78.190205 26.002339 86.356022 5.406300 32.035432 4.378704 71.183084 43.250495 inf inf
inf inf 65.493426 86.417972 inf 96.300926 inf 15.265986 inf 89.424893 inf inf 53.411267 68.981958 inf 62.569098 92.007179 26.396582 96.755972 inf 42.879233 64.807548 inf 8.378158 52.298654 88.317212 inf 1.585622 3.033385 46.024817 inf 66.841479 47.278804 14.158221 inf inf inf inf inf inf 49.366114 inf inf 31.595378 93.077905 6.616172 inf inf 74.364702 16.084362 inf inf inf inf 99.291675 inf 94.026201 18.440456 41.467013 inf 22.286617 inf inf 88.187988 84.421063
inf inf 57.439645 47.211991 70.563010 67.659520 27.440739 98.483725 49.094646 39.845396 22.340475 72.477345 41.071205 7.815953 60.320761 inf inf 74.563085 inf inf 71.131912 4.464655 inf 59.541681 inf 60.548104 5.586085 inf inf inf inf 43.859894 inf 99.675255 23.635333 inf inf 97.895949 76.737932 89.088314 5.025224 32.450670 70.394665 93.755345 82.324546 21.092371 34.696701 93.038162 inf 72.443130 70.624690 inf 91.766794 inf inf inf inf inf inf 8.932951 31.878014 42.165594 79.432663 90.983387 inf
inf inf 19.871549 inf 49.923502 inf 50.878814 inf inf 59.874518 44.939185 56.879028 39.219903 85.260536 94.057892 48.906016 82.695951 inf inf inf inf inf inf 46.268679 75.832062 47.433789 inf 92.301446 inf 32.221171 inf 8.952614 82.537978 inf 61.901790 inf 52.011450 inf 29.091788 98.529255 inf inf 84.934806 inf 37.147230 71.521720 1.796737 33.889423 inf 91.090300 inf 13.680138 67.916475 65.068507 14.534104 83.174440 inf 90.037430 inf 4.758093 inf inf inf 80.457925 inf
inf 86.879532 inf 82.505365 inf 27.931426 inf inf 55.434082 inf inf inf 77.040640 inf inf inf 62.558409 inf inf 54.130380 inf inf inf 72.045265 17.373244 inf inf 49.372280 inf inf inf 8.959385 inf inf 71.482407 inf 36.953251 67.812463 inf 24.912990 35.133278 inf 91.422270 inf inf 61.750322 inf inf 20.917800 inf 81.663637 inf 75.768886 63.689430 63.959662 39.998261 65.970805 71.120698 inf inf 6.433849 inf 56.120131 inf 47.957160
25.593102 inf 27.362504 32.504339 inf inf inf 20.813070 inf 17.276668 inf 87.929620 inf inf 8.022765 inf 49.891084 inf 19.775507 42.149934 inf inf 75.585907 inf 21.281409 78.240883 inf 73.426043 inf 75.776697 inf 56.131772 inf 20.806856 inf inf 89.863287 74.135129 85.762105 inf 44.492713 21.485750 51.881201 54.893932 inf 11.311109 16.504434 59.878545 inf inf 67.902858 inf inf 91.477034 inf inf 49.700960 68.419889 89.561675 38.689897 76.172329 63.545024 inf 96.095766 inf
57.812752 inf inf inf 89.519039 inf inf 83.531592 24.304604 inf 71.884187 inf 39.306015 67.812598 69.219918 19.765740 88.679352 40.976194 inf inf 7.351279 1.430962 22.254512 19.320799 28.550943 inf 43.232034 46.046770 inf inf 11.182100 inf inf inf 31.507325 17.711867 85.137667 inf 32.218309 86.273649 inf inf inf inf 76.417094 13.155252 inf inf inf 44.432816 12.394453 18.387027 inf inf 87.365715 inf 32.191837 inf 22.262191 68.786936 63.536407 38.649349 inf inf inf
inf 17.017872 inf inf inf inf inf inf 44.751902 inf 36.827463 inf 27.117554 inf inf 63.555630 inf inf inf inf inf inf inf 95.964570 44.862409 96.947949 59.156391 49.263220 91.255630 27.740974 54.785112 inf inf inf 26.856783 inf 26.068705 inf inf 39.481250 inf inf 27.504152 inf inf 51.430955 inf 13.545325 54.541783 inf 1.278928 inf inf 43.761385 70.665632 74.276594 12.463532 48.691039 inf inf 33.074499 inf inf 9.496649 37.012969
inf 75.919778 50.231501 53.551376 inf 89.203821 57.089098 inf inf 28.184223 inf 48.726284 inf inf inf 13.260512 inf 17.486805 73.022270 inf 65.681551 21.390156 17.498676 inf inf inf inf 70.102463 73.275511 81.692132 95.419322 22.915827 90.890974 inf inf inf 92.301601 97.307370 98.470024 91.870258 inf 18.452495 inf inf 24.317169 inf inf inf inf inf 25.440848 91.360813 79.444970 2.152775 inf inf 52.871237 inf 9.505086 36.930056 inf inf inf 72.309922 13.355060
28.163487 83.235571 inf 30.853805 17.889021 inf inf inf 65.417198 30.565803 45.242260 inf 79.866621 inf 21.375633 inf 1.180573 inf 20.996514 64.961270 inf inf 93.373884 inf 19.049681 inf inf inf inf 89.095396 inf inf 7.699918 inf 61.537213 21.442738 33.501333 inf inf 48.986895 inf inf inf inf inf 66.305743 inf 91.280950 1.121699 31.694960 1.499478 inf inf 91.978183 inf inf inf 65.158700 inf inf inf 50.828208 61.689119 40.921930 inf
inf 89.524943 42.252882 inf 73.945350 99.078805 inf inf inf 94.616821 24.323666 58.447492 inf 4.612089 inf 7.956481 71.455695 57.643354 inf 23.074581 3.064844 9.028109 12.165910 27.684477 68.196477 49.399737 16.670503 83.983209 inf 58.381597 inf 36.118912 5.296485 inf 20.832514 74.152786 81.875762 83.540523 inf inf 35.386528 inf 5.864510 inf inf 58.207426 inf 86.763222 8.362766 inf inf inf 5.850169 inf inf inf inf inf inf inf inf 36.083287 64.918627 inf 17.163180
inf inf 2.314903 21.190361 28.470178 85.424270 11.265936 inf 26.357111 24.881281 inf inf 14.844399 64.051491 inf 71.365386 26.297160 19.116132 95.239768 inf 46.336052 inf inf 46.551290 inf 24.807723 inf inf 32.835455 inf 26.055693 29.331325 86.581595 inf inf 20.429951 10.945010 96.655813 19.998256 83.022669 30.803346 94.390845 inf 77.474338 97.464829 inf 92.046151 inf inf 61.505857 96.857179 inf inf inf inf inf 40.984755 inf 39.550550 13.330654 inf inf inf 46.136421 98.728289
inf 7.762443 94.426584 inf 88.312816 83.048697 41.847415 inf inf 39.453034 inf inf 2.258041 63.957841 60.262736 61.038267 inf inf inf 97.038438 inf inf 1.874122 inf 38.900836 inf inf 56.312685 3.032578 inf inf inf inf 87.837456 95.235296 inf 42.180138 99.244337 inf 46.019818 inf inf inf inf inf 28.254334 inf 49.567199 inf 97.589241 inf inf 59.629955 inf 28.088100 inf 20.407572 18.514164 inf 78.765739 inf 8.823251 33.817594 inf 77.786060
inf inf inf 2.983674 41.221814 inf 5.287169 inf inf 80.359738 56.880373 83.347542 22.722325 inf 6.841303 84.969973 inf 39.207515 inf inf 43.657347 inf inf inf 29.425882 50.135284 11.990269 16.729733 28.639896 28.650400 74.407114 16.657916 inf 8.481203 inf inf 41.821274 54.991434 inf 49.154388 inf 2.921824 inf 19.511049 66.992107 inf 92.836931 inf inf 47.478720 97.788430 inf inf 50.211223 16.390385 inf 30.019723 inf inf 87.282528 21.082560 74.884927 41.387995 92.317124 inf
5.916889 5.056737 inf 86.647054 inf 43.997067 33.129594 9.385154 inf inf 71.007807 inf 66.802652 inf inf inf 12.978299 inf 99.212361 85.833218 53.385183 92.563729 40.234075 39.954443 inf inf inf inf inf 6.660498 inf 65.377370 inf 39.803667 70.443052 72.843541 inf inf 20.247347 inf inf 24.789879 inf 58.544469 82.466969 inf inf inf inf inf 99.357798 29.908408 91.977886 20.318492 73.455980 inf 45.885461 inf inf inf 96.704678 inf 62.007173 68.165195 86.973475
3.851612 inf inf inf 12.698260 38.366172 21.942987 85.153238 91.728508 44.669522 inf 14.503948 inf 77.930072 inf 45.642942 43.875811 inf 9.753453 70.972460 22.463799 inf 46.696631 20.673369 inf 61.746965 inf 36.113459 inf 33.497632 71.014564 inf 50.539499 21.281560 84.499115 98.076859 82.543815 34.876320 inf inf 52.414913 inf inf 88.170983 inf 52.311736 13.399226 63.722360 inf inf inf 64.847801 inf 22.771729 70.161408 43.422843 74.375054 85.056922 48.907775 93.999765 49.648476 inf 37.005845 inf inf
41.568919 69.464918 21.918192 19.731685 80.518951 99.352757 inf inf 13.350711 inf inf inf 47.768530 98.957845 inf 55.465801 inf inf 76.963504 inf 14.595578 31.174027 inf inf inf 41.880084 inf 56.224985 inf 18.128313 53.057904 72.145400 29.621657 inf 76.858416 inf 36.652030 inf 5.206668 60.350540 76.005966 33.183571 92.986961 20.024177 inf 87.923572 inf 75.716691 65.140904 inf inf 26.476276 inf 56.869804 14.590719 inf inf inf 68.936802 28.238337 inf inf 47.763814 21.047073 16.947256
92.738145 14.738552 inf inf inf 43.551939 80.808236 inf inf inf 31.412597 inf inf 18.803008 inf inf 69.274051 19.966207 57.335910 inf 92.790963 inf inf 14.560266 91.473827 9.030652 inf inf 73.448140 inf inf 20.473563 inf 74.943625 25.390539 inf inf 65.902581 inf inf 51.400591 inf 8.576367 inf inf inf inf inf 74.799338 47.591622 51.165453 inf 14.066868 inf inf 80.994550 inf inf 13.069667 inf inf 64.595168 inf inf inf
88.564746 39.838394 6.676850 45.450739 inf inf inf 68.409775 92.544486 51.037295 inf inf inf inf inf inf inf 87.542113 60.985969 inf 21.818578 inf inf inf 13.317170 18.119849 inf 47.232455 inf inf 82.223658 59.155837 99.875745 inf inf inf 53.728351 84.741943 4.715631 inf inf inf 42.940398 inf 47.803342 inf 96.317536 inf 35.475279 inf inf 46.508258 inf inf 37.040502 11.452149 42.955584 inf 98.643564 80.761967 78.611205 5.697022 inf inf 68.472943
19.541150 inf inf 80.441113 6.287502 59.675051 94.617099 78.988686 90.208504 75.941645 inf inf inf inf inf 82.399688 5.147201 77.154468 inf 33.038216 29.359884 inf 97.663400 20.878737 inf 83.014424 inf inf inf 22.984934 inf inf inf 38.384441 10.020176 inf inf 80.684292 78.696871 99.346918 inf 85.140092 89.653657 94.809583 inf inf inf 84.980393 13.075634 27.935152 82.026740 inf inf inf inf 23.601750 inf inf inf inf 84.246324 inf inf 68.954056 inf
inf 38.993523 8.875706 43.879170 80.162293 63.438207 61.969164 57.965878 67.298607 inf inf 8.528433 18.607307 70.992410 12.917011 6.818638 inf inf 62.613656 inf 43.979774 72.767875 61.268918 73.220553 57.791039 70.975523 13.844104 inf inf inf inf 51.923100 66.035562 inf 56.784355 24.577870 inf 50.753852 53.562446 inf 93.936064 5.874733 inf inf inf inf 62.270431 3.732984 3.757760 55.982071 53.141325 inf 33.444202 inf inf 92.054589 18.034154 inf 63.620337 89.842287 8.033437 51.639187 71.990267 inf 94.743415
36.305579 7.039205 27.917074 inf inf 41.312455 62.959186 inf inf inf 1.146735 86.161107 inf 88.658469 21.505296 inf inf 45.302807 inf 27.032112 inf 14.901247 36.562287 inf 20.131762 inf 21.981693 inf inf 20.713678 20.620021 5.743903 63.810407 83.931117 40.264204 inf inf 78.949456 42.799234 inf inf 21.895263 inf inf inf inf inf inf inf 16.204323 inf 39.450450 63.923267 4.703515 40.884612 inf inf 56.632262 71.140821 inf 55.099543 5.480678 83.888964 inf inf
inf 69.555142 8.785813 57.259877 41.654857 58.588292 50.864495 inf inf 75.823845 3.855667 inf inf inf inf 68.613917 37.223597 79.181297 95.140750 inf 52.182694 1.058698 inf 86.856700 inf inf 81.460095 inf inf 75.508040 69.236310 10.218240 19.506790 77.272476 40.512846 75.382358 inf inf 10.546914 3.981653 44.394376 26.627520 66.174499 inf inf 8.010489 3.331228 16.663886 20.676423 22.628419 inf inf 9.383300 inf 38.179125 inf inf inf 1.328165 68.914014 93.246938 inf inf inf 26.488658
inf 5.657558 inf 63.312008 52.635527 27.765985 inf 78.392953 inf inf 88.154473 inf 38.817070 52.502492 85.208436 17.465195 inf 29.286292 inf 18.036220 inf 33.466966 inf 9.146513 inf inf inf 72.789071 inf inf inf inf inf 97.234563 99.013182 79.148204 inf 48.270910 19.791036 33.457447 inf 13.214599 inf 12.303793 inf inf 41.128008 inf inf 30.651951 inf inf inf inf inf 44.895020 inf inf 29.679699 7.472792 65.628716 61.858190 89.269425 inf inf
inf 29.954390 inf inf inf inf 61.998835 33.933451 87.195425 83.602392 inf inf inf inf inf inf 8.769010 10.428495 46.120411 77.014045 inf 74.779524 48.040855 inf inf inf 7.537163 inf 80.965259 inf 52.765557 inf inf inf 36.010520 52.569236 inf inf inf 14.891225 41.532221 inf 14.219296 inf inf 18.475067 inf inf inf 74.885465 63.880411 72.742087 1.765989 inf 83.747727 96.765201 42.290075 4.953398 inf 42.541182 81.433305 14.354326 81.614823 89.873780 inf
10.390911 inf inf 35.711104 67.215202 33.255818 inf 60.710397 inf 27.836710 83.749909 inf 2.445886 inf 27.391561 91.055699 7.495264 66.372440 66.672386 inf inf 28.448344 41.589558 27.509288 inf 62.179290 11.261868 9.416652 inf 57.664698 58.964989 inf inf inf 82.154400 inf 79.581560 76.702389 inf 72.062704 49.177154 inf 53.406759 inf inf 30.545293 62.810719 40.352301 inf 21.900189 23.768919 inf 84.046227 inf 39.171183 inf 61.552524 54.076390 69.631687 inf 6.266548 inf inf inf inf
73.767147 inf inf 46.648317 81.037450 inf 71.321454 inf 55.037089 inf 19.669057 32.115432 inf inf 99.440992 inf 75.566149 inf 95.412956 inf 76.016500 inf 55.993061 inf inf 81.871809 48.165303 inf 86.057056 98.639667 53.504241 55.306636 77.615138 inf 84.035881 2.003165 22.362312 inf 51.487193 38.379226 35.323120 15.218018 inf inf inf inf inf 15.517942 15.451066 23.343999 inf inf 84.413052 22.784485 56.850116 33.925944 64.556172 59.223579 77.279238 38.705691 inf 93.858962 inf inf 58.912098
inf 90.698655 inf 11.099045 28.151349 inf inf 49.696323 inf 84.902211 36.147166 79.568798 55.139873 1.357534 2.738066 inf 32.593754 86.703211 92.090360 inf inf inf inf 26.286139 96.523589 58.064943 17.766907 inf inf inf 38.488012 inf 18.721916 88.854825 9.786493 inf 70.019714 inf inf 98.322762 85.036957 inf inf 76.826276 70.235855 inf 33.128429 90.771085 inf inf inf 47.674991 83.851786 inf 6.623092 59.116584 inf 3.382066 5.739511 inf 68.945390 inf 16.954071 73.004432 27.183535
inf inf 98.953012 inf 80.269750 inf inf 44.971091 18.602338 6.693468 72.614818 73.531974 inf inf 72.718957 inf 97.820124 79.833474 inf 44.761339 65.380216 inf inf inf 88.927625 99.324141 inf inf 65.112928 inf inf inf 4.502714 41.890952 6.101645 inf 21.577687 inf 55.141913 inf inf inf inf 78.915165 4.223071 inf 19.626990 14.358142 20.746408 97.533977 41.767634 inf inf inf 1.643340 34.859689 inf 62.196095 66.992937 inf inf 13.808302 inf 96.420887 inf
inf 75.780277 64.880881 3.109297 inf inf 86.633919 inf 96.505487 9.925268 inf 30.485124 inf inf inf 82.005350 24.604695 inf 17.230319 82.927192 1.023920 inf inf inf 26.671761 93.926324 inf inf 9.180311 inf 87.035253 53.806642 inf inf inf 32.174630 8.906653 21.931133 inf 32.616467 inf 88.452879 62.049842 43.580799 inf 94.444044 inf 64.424296 90.084303 inf 15.831880 inf inf 73.087874 inf inf inf inf 59.336992 inf inf 57.630641 58.335313 inf 37.488130
inf 38.627183 1.748542 55.524985 inf inf inf 95.357514 inf inf inf 2.644548 1.083109 inf 54.074901 inf 36.209374 78.328331 79.872635 34.679728 36.958417 inf inf inf 88.678824 62.548778 71.355462 81.291156 41.261773 inf 29.644823 76.688400 inf inf inf 67.912756 inf inf 16.060535 inf inf 95.412617 38.572440 inf 88.440600 88.691155 48.430870 inf 43.547733 inf 39.334071 inf 71.669157 inf 55.349251 inf 41.332168 inf inf inf 90.111427 86.729258 inf 14.633260 inf
