inf 28.191786 inf 4.134578 14.243161 7.395260 inf 2.988973 inf inf 38.099221 61.966273 inf inf 38.514477 75.577086 inf 12.241876 inf inf inf inf 49.589123 inf inf 28.334383 63.495847 92.856725 inf 56.712728 inf 75.402016 62.166152 39.644285 36.548766 inf 99.039192 inf inf 3.617006 83.999210 inf 19.345766 76.531645 85.417034 inf 6.386341 92.290042 inf inf 93.703219 91.395133 26.996833 inf inf inf 63.378492 99.507742 inf 80.605300 inf 62.230045 inf 87.159983 inf inf inf inf inf inf
68.025552 inf 86.116648 71.243882 67.106558 79.309411 60.781759 65.855993 50.788692 44.335800 inf 7.254704 21.575544 5.162333 22.624927 inf inf 18.694652 59.580880 inf inf 52.812655 inf inf inf inf 30.719836 26.546293 61.790575 83.747718 inf inf inf 11.236271 inf inf inf 36.091207 45.302547 22.917797 69.855439 49.007298 inf 50.483305 76.276123 25.616512 69.530439 97.516510 inf 89.135492 55.324435 51.075829 inf 26.670933 61.241550 inf 92.133269 inf 25.757804 76.921948 81.020712 72.909236 30.086732 inf inf inf 59.005196 69.978999 inf 31.025545
inf 31.080456 inf 84.993315 30.723858 63.424859 44.178604 inf 2.446706 36.904075 80.242746 77.467209 39.026189 12.271478 inf 11.563171 inf 72.292923 inf 35.956556 29.565495 51.731171 22.219549 inf inf 66.281874 inf inf 67.918015 38.049456 inf 75.697872 80.615921 11.156965 inf 76.887874 97.959119 35.455247 50.046782 inf 91.534949 9.892357 inf 18.320731 69.981405 inf inf inf 11.831770 57.940880 inf 67.918782 62.459750 inf 98.768359 inf inf 72.303433 22.584567 44.714029 56.885004 inf 3.876142 41.745477 inf inf 13.268620 67.856909 25.051559 inf
52.450451 49.571415 89.400181 inf inf inf inf 35.261054 inf inf inf 33.457097 92.245425 inf inf inf inf 1.818667 inf inf 96.665963 inf 15.121338 26.425747 68.920788 inf inf 74.790905 inf 88.579335 62.016629 inf inf 10.563421 85.749538 69.660787 83.952299 inf 94.433928 inf inf 5.048886 inf 15.912134 inf inf inf 10.043796 inf 74.864881 inf 33.564529 inf inf 54.515604 71.858618 inf 98.326188 inf 44.524055 39.989264 60.308524 48.260895 inf inf 26.388307 inf 11.106129 inf inf
55.544704 41.628942 78.034487 inf inf 35.907062 51.882888 inf 87.172233 81.226885 24.892080 80.695940 inf inf inf inf inf inf inf 70.180742 inf inf inf inf inf inf 45.445397 inf 35.090674 inf inf 29.202854 21.489224 57.521625 58.267463 inf 65.050522 inf inf 10.218569 inf 65.153389 59.085088 88.554279 28.107893 25.410097 inf inf 99.405005 54.676930 23.940041 inf 93.069604 68.765285 24.748378 inf 5.365740 71.911759 inf 14.220454 67.507380 36.951355 inf inf inf inf inf inf inf inf
35.263153 41.653779 80.878262 inf 89.632557 inf 57.398741 inf 97.917920 inf inf 23.298944 inf 44.956671 58.343685 inf 68.686250 48.383626 91.608287 inf inf inf 61.083486 inf inf inf 44.164350 inf 91.845812 inf 5.934241 inf 12.703921 inf 29.129414 inf inf inf 52.829221 inf 1.591344 inf 27.507822 inf inf inf inf 88.927102 49.761413 41.782047 49.138359 96.385298 6.595646 2.362150 68.531888 11.744767 42.924019 inf 63.615221 inf inf 51.309910 21.700612 43.511540 12.930443 86.526151 inf 43.653465 inf inf
inf 73.591916 51.558986 inf 89.360256 34.610967 inf inf inf 62.565502 36.102752 inf 92.793968 20.917388 inf inf 69.468016 48.562623 3.787069 inf 5.695757 inf inf inf inf 64.959701 inf 80.538381 64.556128 37.426440 11.700359 inf inf 10.537502 15.684488 64.789979 28.691410 29.006035 97.775877 48.205515 70.837958 20.104782 inf inf inf 65.507716 inf 55.630674 44.607073 inf 66.999444 3.152668 6.788766 60.453972 41.637410 inf inf 26.854641 inf inf 35.977094 90.072077 inf 24.170150 inf 7.694974 37.525413 92.033951 inf 84.879333
80.931161 65.732502 inf 98.001018 inf inf inf inf inf 4.847047 64.650112 59.397635 inf 88.859897 66.805805 inf 10.188953 inf 62.299477 88.352329 17.147389 46.457130 inf 19.293132 97.978302 31.422899 41.593296 68.537080 inf 22.787810 inf 68.736183 36.519969 inf 65.914935 inf inf inf 53.398546 inf inf inf 14.813087 inf inf inf 25.406864 28.544501 99.025822 19.699428 89.350197 89.762860 57.103907 inf inf 9.182971 96.947084 58.131617 inf inf 18.338753 98.312928 72.038138 inf inf 6.877265 inf inf 66.556674 5.454498
inf 44.642839 28.838912 inf 24.740158 13.859903 inf inf inf 85.494006 19.263599 63.604212 49.824161 inf 17.345287 inf 66.641735 50.667939 inf 40.209103 84.993075 28.613946 11.256284 inf inf inf inf 20.800744 79.223023 61.222933 84.253310 36.933898 inf inf 36.019157 inf 55.334195 42.692228 inf inf 46.684501 inf inf 19.732560 3.820023 84.091898 41.552097 inf inf inf 61.876056 inf inf 5.231102 15.601591 inf inf inf inf 85.195174 inf inf 27.734499 20.247898 37.124381 87.784156 inf 9.058252 inf inf
inf 30.665973 5.642441 inf 53.238290 inf 79.869101 72.893240 51.415465 inf inf inf 74.346538 89.706734 inf 28.021973 inf inf 1.990171 inf inf 40.873362 inf 66.004897 inf inf inf 52.625228 inf 69.814709 inf inf inf 33.212353 59.983629 inf 46.788749 94.038799 inf inf 13.740941 inf 73.900151 inf 9.088662 82.914918 inf 50.827101 71.755453 inf inf 98.923995 99.420293 inf inf 19.427074 40.893671 3.093539 inf inf inf inf inf inf inf inf inf 62.483041 inf 51.903309
20.025428 inf 28.403158 inf 19.147250 inf 89.855860 7.617914 1.405782 inf inf 39.026235 inf inf 79.316709 92.836277 2.739320 84.680292 inf inf inf 29.279574 inf 88.153775 inf inf inf 73.376986 34.888688 16.414841 47.800372 inf inf inf 75.847178 12.285455 26.028568 inf inf 46.986205 15.660296 57.950009 42.902582 inf 76.795178 inf 27.556307 inf 86.426360 72.253245 inf 13.885233 inf 2.592876 94.346691 inf inf inf 37.095958 inf inf inf 62.299881 68.524474 63.732647 36.656071 14.318393 83.307869 76.498252 19.207903
50.188664 2.072219 40.259154 21.275782 87.144649 72.829535 inf 69.502891 15.348188 inf 87.965179 inf 27.743768 87.565425 inf 7.207016 inf 20.015092 1.880553 4.799122 20.595154 13.126216 inf 32.724240 inf 35.399608 50.570538 inf inf 56.085658 inf 44.959070 inf inf inf inf inf inf 2.269296 inf inf inf 99.739927 inf 86.978769 73.174474 inf 5.510068 98.020248 inf 99.191959 49.858025 59.909457 34.675861 68.413169 inf 54.070983 inf 59.634548 88.120780 53.021678 inf 7.786058 5.192962 9.391395 77.016134 24.540071 inf inf 36.407741
inf 22.169739 93.241478 36.835284 inf inf 17.962305 inf 5.121336 21.796165 inf 59.234754 inf 9.069870 inf inf inf 82.108166 6.809303 62.021029 50.888653 inf 46.883859 97.131267 inf 18.030664 92.397031 inf 8.148759 inf inf 72.132080 inf inf inf 86.632441 84.336068 16.234479 inf 54.985062 inf 66.486426 57.703203 inf 59.053283 inf inf inf 11.831646 9.997284 inf inf inf 6.036017 inf 3.129334 32.218489 55.485647 41.424729 inf 24.104544 inf inf inf inf inf 75.334036 inf inf 90.088261
inf 65.173050 86.246707 inf inf 37.698863 62.227798 23.612364 inf 77.544900 inf 26.087682 17.873940 inf inf 18.328143 inf 11.644420 3.334145 inf 65.984369 76.694862 99.258437 88.495564 6.853040 37.807093 53.856498 inf inf inf inf inf 63.810314 inf inf 2.758989 inf 50.944648 93.916424 inf inf 11.128334 inf 94.674271 inf 58.996510 inf inf inf inf inf 18.109141 29.552623 inf inf 22.782104 44.580067 inf inf 89.373126 inf 52.569295 28.382343 96.830547 inf inf 2.998899 75.882314 99.922646 23.169580
61.298953 51.225056 inf inf inf 8.203817 inf 58.758473 13.675493 inf 37.809481 inf inf inf inf inf 18.089751 inf 76.519807 21.682975 inf inf inf inf 61.747217 12.376882 87.614773 57.470209 inf 57.529290 97.774075 67.935970 inf inf 18.568830 78.014744 inf inf inf 86.801075 inf 63.285291 inf inf 64.409284 inf inf 74.400229 44.324952 inf 70.848818 11.075036 71.365361 77.740147 93.773947 36.544755 76.950318 inf 19.098342 inf inf 85.428666 96.418386 69.806739 inf inf inf inf 37.627599 91.751015
37.928632 inf 57.058474 inf inf inf inf inf inf 65.977202 9.212815 74.355222 inf 63.228076 inf inf inf inf 15.166087 52.308137 inf inf 22.561835 inf inf inf inf 4.825503 71.018870 44.531554 inf inf 22.683278 53.786675 inf 47.050959 75.690000 75.448981 77.178410 inf inf inf 69.688164 72.943898 42.876600 5.548961 inf inf inf 34.154889 inf 54.391994 18.765797 45.513720 inf inf inf inf 45.205151 inf 70.551045 63.896907 11.812456 inf 76.888619 inf 24.253322 38.943252 9.269964 32.256548
inf inf inf inf inf 80.297038 79.985973 84.095601 24.686079 inf 99.169149 inf inf inf 56.023957 inf inf inf inf inf 22.743556 42.621735 inf 47.015691 89.120347 inf inf inf 39.842884 75.538228 78.109858 56.360301 inf inf inf 2.591938 inf 7.444823 84.603428 88.722330 inf 37.585743 inf 4.466625 86.668908 inf 97.289963 93.703849 inf inf inf 96.621681 97.004948 79.807074 inf 85.706471 inf inf inf inf 54.616036 40.107907 3.601015 60.236214 88.718877 21.185952 81.844220 inf inf 62.307776
70.828631 54.653563 72.534569 63.215240 inf 83.903659 67.477718 inf 91.483436 inf 15.376195 38.329319 61.019234 72.336721 inf inf inf inf 53.004988 34.674479 inf 98.579668 50.288227 inf inf inf inf inf 35.007951 inf 42.279235 inf 24.782646 17.400882 inf 57.125175 3.180682 85.954052 inf 73.959254 68.912758 44.673597 1.838746 55.950105 56.175281 68.560448 31.483800 inf 34.986350 23.248602 inf inf 85.154070 inf 70.237192 inf 88.775676 inf inf inf 9.927662 inf 88.994907 inf inf 87.782485 inf 68.455188 12.364820 99.287805
inf 89.792227 inf inf inf 25.538164 54.323099 48.386464 inf 8.710252 inf 46.343278 75.126159 52.191748 10.032063 31.388725 inf 21.022221 inf 43.865492 50.438679 inf 52.708083 inf inf 71.211705 inf 89.598162 16.938771 95.462915 35.870362 inf 31.798579 56.485549 37.512765 inf 71.078103 inf 74.976959 inf 56.335032 inf inf inf 40.987684 91.653237 12.150558 31.894874 inf 17.585631 inf inf inf 65.459732 3.623573 inf inf 82.549253 38.220027 12.339420 inf 79.518037 98.473649 46.829186 inf 74.258521 75.007166 inf 25.523431 inf
inf inf 88.449964 inf 78.940737 inf inf 88.727290 63.355475 inf inf 28.951862 75.864309 inf 39.426031 84.302482 inf 17.219090 83.328357 inf 56.172719 61.196754 inf 42.576156 18.589387 inf inf 75.104196 73.969851 15.212002 77.161382 99.012306 73.191069 inf inf inf 98.342029 54.688312 inf inf inf inf 88.641523 20.658216 inf inf inf inf 2.952827 inf 45.946257 25.169179 70.839371 33.379456 84.602132 58.033593 66.092310 55.640807 38.149025 86.726796 68.800745 inf 81.845728 63.244593 43.229080 inf inf inf inf inf
inf inf 15.995683 69.956747 inf inf 93.074460 14.034038 52.728390 inf inf 22.105734 82.305540 36.630059 inf inf 43.028879 inf 84.054545 44.559858 inf 22.581971 81.925747 68.566908 50.707808 30.456969 49.475057 17.726241 inf 67.621390 81.462900 56.620962 inf 12.555863 inf inf inf inf 87.542714 77.193649 8.602220 20.000850 inf 59.491920 inf 3.592955 7.001063 inf 20.926993 90.637046 36.248779 19.584944 inf 75.354583 inf 20.339187 26.321018 22.579660 16.693966 inf inf inf 47.591316 inf inf 2.475816 54.050994 inf 63.247769 94.227491
inf 68.524728 61.190193 inf inf inf inf 59.648171 73.485328 80.222668 93.641333 64.109714 inf 64.591621 inf inf 17.813713 49.200131 inf 25.938944 56.245069 inf 61.783236 inf 38.571945 42.527574 inf 51.314764 42.663094 inf 38.272132 inf 49.563341 28.849112 95.629534 inf 17.948496 inf 10.183464 inf inf inf 93.422952 inf 49.917450 inf inf 6.095891 inf inf 89.130452 85.191566 inf inf 9.335342 inf 59.579934 97.551458 inf 44.010136 5.623101 inf 98.003628 44.919317 76.265360 inf inf inf 67.050424 56.375099
47.417682 inf 72.155216 55.638653 inf 73.794956 inf inf 33.070955 inf inf inf 39.715220 90.328965 inf 53.519928 inf 88.817333 81.855888 inf 44.796235 63.456006 inf inf 97.579654 25.534711 inf inf inf 66.286096 25.035165 61.033190 57.645631 23.934832 86.558839 inf 53.374647 40.909824 8.347412 inf inf inf inf 55.235879 inf 56.248311 inf 94.359398 2.255415 82.260139 inf 94.698333 inf 45.502792 93.024609 19.089599 inf inf 26.629952 inf inf inf inf inf 39.179483 inf 54.299246 19.015623 78.967037 15.322134
inf inf inf 97.665525 inf inf inf 74.257901 inf 56.553027 23.571357 71.532765 21.314173 24.540097 inf inf 32.078356 inf inf 98.393044 68.665206 inf inf inf 17.511551 44.765894 inf 61.153066 62.960937 59.780208 inf inf 94.763235 57.765580 inf inf inf inf 95.397392 73.963414 inf inf 49.817667 inf 99.913565 30.893805 48.718186 71.351213 inf inf 21.592906 75.562243 94.521290 78.821088 92.570089 76.081975 inf 49.971712 inf 96.253699 36.957838 inf inf 66.856434 inf 37.393838 35.347630 inf 68.225362 30.545960
inf inf inf 26.415778 inf inf inf 4.336545 inf inf inf inf inf 71.552654 53.669178 inf 88.377535 inf inf 18.270839 55.810824 67.900752 21.043524 4.736205 inf inf 42.259324 6.418567 41.797881 76.998162 23.063745 19.270232 31.447216 inf 45.010929 inf 39.142517 inf inf 84.034476 inf inf inf inf 82.352592 inf 72.720049 10.372706 77.876702 13.292672 98.031116 31.445135 75.413252 inf 86.584704 49.976879 inf 9.855785 44.896679 23.403016 55.860286 inf 30.330103 inf 44.599239 inf 5.770049 inf 32.187489 58.729754
69.085693 inf 10.462325 inf inf inf 20.800047 61.952002 inf inf inf 44.470979 52.008339 82.032075 50.606468 inf inf inf 40.890945 inf 96.865775 83.908275 85.818624 3.466212 inf inf inf 65.301450 inf inf inf inf 65.515062 76.395482 inf 91.382606 48.221508 35.700338 93.704974 4.679841 99.729751 21.419456 inf 81.951772 inf 35.847073 inf 7.542582 inf 26.700946 inf inf 83.479005 54.835134 inf 42.256049 64.585576 inf 56.987499 11.211097 inf 88.768749 43.960911 inf 34.373540 61.129711 inf inf 76.756498 inf
47.552394 64.799368 inf inf 72.730381 55.944041 inf 31.253735 inf inf inf 45.934987 41.785881 38.605662 42.925529 inf inf inf inf inf 54.175134 inf inf inf 56.719534 inf inf 47.600898 inf 70.962563 11.768788 inf 90.363961 inf inf inf 20.867936 inf inf 55.364357 inf 34.328210 inf 67.965480 45.433902 inf 26.427728 inf 69.544530 12.195749 73.823933 inf inf inf 73.569046 inf inf inf inf 42.112817 37.139821 inf 47.119806 72.680279 inf 64.581179 82.177719 inf inf 39.949804
23.190512 22.340043 inf 54.108130 inf inf 33.172119 51.236265 74.659645 60.069584 31.101786 inf inf inf 31.364378 79.009172 inf inf 42.901339 38.195165 71.489478 38.850344 inf 61.994519 47.998148 14.242431 72.886814 inf 57.882453 inf inf inf inf inf inf inf 91.536112 49.151495 inf inf 67.228741 inf inf 44.541553 65.930279 inf 64.449375 26.464787 96.213629 inf 35.435954 2.102945 34.479025 inf 91.171666 20.497970 73.354213 34.863562 61.622029 31.211283 49.632893 54.019043 67.411541 inf inf 19.992510 inf inf inf inf
inf 49.868541 95.288796 inf 8.549276 59.701052 42.294014 inf 73.020278 inf 42.314771 inf 11.037254 inf inf 11.253162 33.328389 22.294083 32.398584 32.585520 inf 76.072659 inf 81.854850 93.893138 inf inf 26.140251 inf inf 90.888134 inf 22.607414 45.075802 19.327633 inf 87.259115 inf inf inf 5.862064 inf inf 41.444690 42.256222 61.842749 inf 30.503405 inf 63.950299 inf inf inf 63.934172 44.781690 inf inf 14.606306 98.333982 47.972024 inf 57.465509 43.247562 53.837476 inf inf inf inf 62.794922 inf
14.146913 37.528104 14.166746 84.921362 inf inf 8.089495 39.416043 83.442878 26.712361 29.091135 49.231882 inf inf 23.308503 4.057047 53.342193 inf 11.028207 2.963872 71.566559 inf 13.285327 15.059154 25.771513 inf 66.911345 inf inf inf inf 87.762253 2.242438 70.615993 inf inf 13.571061 67.016374 71.238182 inf 39.711401 1.448043 inf 50.700276 67.156604 53.819931 inf inf 74.693913 inf inf 46.114532 inf 2.736323 inf 71.723142 inf inf inf 61.867267 40.862883 32.748933 inf inf 10.684967 inf 8.515521 2.976142 inf inf
inf inf inf 72.744329 inf 20.805717 38.901145 inf 71.785359 inf 37.036910 inf inf inf 20.324058 inf 98.693616 21.260831 29.286644 68.592858 34.501688 88.531285 62.773244 inf 71.717424 inf 29.163394 inf 29.519000 inf inf 54.241017 58.428382 inf 63.952059 inf inf 55.917473 inf 24.418821 inf 2.607850 24.432325 25.194492 inf inf inf 43.906754 inf 67.327916 inf inf 5.953626 inf 8.259008 6.162442 91.037404 inf 76.244207 64.436713 10.366352 inf 19.150600 inf 23.999095 inf 44.695496 inf inf inf
46.213654 inf 16.912228 inf 72.102633 inf inf 41.353872 81.691323 inf inf 13.866822 11.358277 inf 44.898897 inf 15.732270 inf inf 82.950785 85.690587 inf 1.753889 inf 68.216302 inf inf inf inf 16.513060 80.290705 inf inf 9.236599 inf inf 25.696601 87.235568 inf inf 33.923839 83.072361 57.670163 inf 18.314355 89.636713 28.706902 inf 80.851419 inf 18.844874 16.012500 48.956691 99.090048 93.424129 inf 29.100738 inf 40.846066 inf 33.902414 inf 97.634454 inf 21.834960 22.572944 17.500127 97.229626 64.329581 inf
81.035208 inf 63.413088 inf 85.653625 26.904027 inf 11.434978 inf inf inf inf inf 92.074405 inf 92.784381 inf 34.222589 66.032397 38.454551 inf 62.253198 46.742372 25.262832 82.971504 81.104809 17.970564 inf 36.406459 83.225430 21.973819 inf inf 58.801166 82.292863 82.319437 inf inf 39.925978 inf inf 87.847781 38.328387 inf 47.814737 90.770906 2.515191 85.131064 inf inf 18.936773 inf 18.863307 inf 72.521478 97.410958 59.285656 83.400785 inf 38.234470 inf 22.052458 54.249924 inf 25.781359 inf inf inf 44.417439 17.643438
14.148213 37.479813 62.547081 44.550309 86.627393 inf 67.267463 inf inf 94.383261 inf inf inf inf inf 40.101150 inf 72.530628 54.280903 inf 76.111732 18.068258 10.034137 5.550634 inf 75.248083 inf inf 44.278113 26.647959 inf 94.804492 3.447929 inf 90.788431 45.128790 inf 55.707061 inf 58.703716 26.578108 2.585416 31.716350 93.593162 51.201083 9.864792 inf 99.343304 inf 88.726130 73.933491 33.282188 93.363084 46.026921 86.770045 26.067567 73.523336 65.954498 31.575505 36.624253 inf inf 24.904930 inf 48.967821 45.106232 56.370351 inf 86.473272 inf
81.841961 inf inf 6.537756 94.591954 88.532094 86.121034 88.696329 74.618433 31.741837 12.124940 inf inf inf 63.560765 inf inf inf 57.130640 inf inf 94.474261 76.625449 inf 88.330981 inf inf inf 32.650917 inf 37.264899 inf 2.766060 56.431972 inf 9.901764 43.048107 99.144428 10.509515 89.478689 inf inf inf inf 49.873955 inf 75.753542 7.775523 86.338483 inf 26.049073 inf 88.462128 74.443555 inf inf 3.002649 inf 67.198867 66.496617 inf inf 94.770876 inf 91.711266 51.434663 19.324753 inf inf 84.328346
inf inf 18.982999 22.139441 inf inf 31.168326 inf inf inf 98.525196 inf 36.181835 65.316259 83.174675 3.931400 49.380300 63.071661 inf inf inf inf inf inf inf 5.782751 inf inf inf inf inf inf 65.537742 98.736367 44.854475 inf inf 8.068627 6.404332 inf 84.230825 36.941900 inf 52.387458 inf 46.794837 68.413105 13.478334 inf inf inf inf 56.408761 inf inf 22.998388 47.671053 74.246335 inf inf inf 13.963534 62.437636 41.751552 59.163259 84.074851 inf inf 66.218597 86.200579
37.775819 inf 80.345239 85.850837 58.248413 inf 62.935834 inf 1.326711 44.025984 29.334538 inf 72.725101 inf inf 26.155732 inf 32.385365 67.330582 40.698965 inf 23.674335 90.751770 inf 32.423946 15.909606 25.662599 99.401161 13.534440 72.791896 inf 5.341578 inf inf 32.276065 inf inf inf 89.606396 80.124038 4.449840 inf inf inf 76.082783 inf 22.760169 33.361444 92.004630 inf 77.092267 12.658148 inf inf inf inf 27.348946 23.798432 85.864788 inf inf inf inf 44.466051 inf inf 36.616032 inf inf 91.366486
inf 96.568455 87.066711 inf inf inf 89.214906 inf 18.462026 51.186603 inf inf 1.646583 28.445653 inf 63.694231 37.637790 25.074848 inf 96.820650 inf inf 94.009883 inf inf 90.461194 inf 46.010876 inf 75.664845 48.886217 49.193746 inf 67.328051 18.516414 63.390667 inf inf inf 32.109636 82.142553 48.302045 inf 25.409763 23.158024 inf 90.652652 inf 1.287967 24.111265 inf inf inf 61.942942 inf 55.054043 76.516022 1.623914 inf 84.901128 inf inf inf inf 86.654568 57.076244 inf inf inf 60.836780
inf 48.872279 73.622037 71.253103 inf 38.752034 61.154739 87.383563 inf inf inf 32.289803 inf 33.150093 inf 4.682887 46.304108 inf 12.568062 inf 90.248144 22.915753 53.583266 31.362007 inf 82.715139 inf inf inf 96.029700 inf inf 54.313772 inf 21.743410 61.856877 43.332434 inf inf inf 70.764601 inf 85.386282 91.797362 26.351711 52.604112 2.237451 70.978572 9.732716 15.735993 15.515640 inf inf 54.435481 inf inf 36.006344 65.379406 inf inf 26.495135 inf inf inf inf inf 20.537273 31.781708 79.164438 35.744205
25.272578 77.910036 inf inf 54.891622 inf 88.361333 inf inf inf 43.861127 inf 18.781447 inf 68.658345 inf 65.704114 58.953825 inf inf 24.059401 inf inf 77.331251 77.299829 22.858304 55.109666 inf inf inf 39.240304 inf inf 81.384017 71.201626 inf 25.835331 24.276610 inf inf 97.582386 inf inf 83.319313 inf 50.516431 inf 95.832354 inf inf 47.470017 44.617446 inf 38.005423 16.810226 90.342094 18.783108 inf inf 72.906548 inf inf 67.341027 7.578976 inf 65.678117 89.315766 inf inf 28.289393
7.908757 75.798476 90.509874 inf inf 48.115589 21.323664 inf 24.490507 19.344733 8.493773 inf inf inf inf inf inf 40.417851 48.024955 inf 29.795803 inf inf inf inf 29.655261 inf 4.246054 32.170369 69.205028 inf 14.298254 inf 88.419077 inf 26.353393 78.515047 80.568011 87.381250 61.278852 inf 3.204803 inf 80.942275 36.975661 12.241350 36.033347 inf 1.995784 inf 81.454861 77.152179 37.915274 inf 59.532088 74.071925 29.312725 inf 86.721921 7.663745 inf 72.955264 84.495743 inf 27.637338 inf inf inf 8.041323 inf
inf 59.395348 94.751763 13.995584 84.143094 inf 16.782944 inf inf inf 61.279846 inf 20.316655 44.561496 73.668942 inf 3.027897 95.270044 inf inf 48.980482 inf inf inf inf 41.006432 33.817865 inf inf 61.925229 27.432807 30.595616 12.315393 5.227539 inf 5.432424 inf 94.132279 inf inf 13.567249 inf 14.884242 59.931485 33.201780 80.001974 inf inf 77.933879 97.270316 inf inf inf 4.255377 86.595414 45.922531 inf 22.374981 inf inf 52.456978 inf 25.639650 84.964658 inf 21.328800 inf inf 18.345522 29.428504
53.335338 inf inf inf 66.736476 26.816122 inf 8.100902 inf 54.131473 81.589050 14.330078 75.091224 inf inf 54.781477 inf 42.970786 inf 46.310014 inf 2.095650 inf 56.516954 inf inf inf inf inf inf 29.230946 88.532772 84.039399 4.434375 inf inf inf inf 19.267134 inf inf 12.269436 inf inf inf 89.877902 5.056934 15.138384 10.671346 inf 98.766177 13.578515 inf inf 56.733116 inf 32.727529 86.577717 inf 36.340082 40.776979 inf 94.432199 inf inf 17.101795 22.141054 inf 54.438432 inf
48.486760 12.740537 40.124860 26.813583 99.408185 inf inf inf 31.516032 inf inf inf inf 20.316283 inf 62.353989 11.209888 94.781327 inf 77.972442 77.784305 inf 4.979999 inf inf 66.354060 32.254558 5.700903 40.795421 77.291606 23.003636 inf inf 7.697942 inf 38.164115 inf 92.086214 85.218720 9.922251 76.729688 49.220243 inf inf inf inf inf inf inf 51.943147 inf 94.060192 65.774702 12.240399 54.201609 18.370005 58.004182 45.422876 80.815944 53.934685 inf 59.802364 95.476083 inf inf inf inf 21.952485 46.458006 9.954996
6.440424 31.815430 3.538397 inf 22.489157 inf inf inf 81.876076 32.165220 53.273154 34.692715 34.212804 inf 53.063273 33.287775 64.005101 18.901172 29.112951 inf inf 71.635810 inf 5.292868 80.000488 inf 85.979916 4.615415 9.106936 45.853910 inf 33.907070 7.819047 32.847573 41.194275 inf 8.460121 3.660907 43.670106 inf 22.820335 92.639152 inf inf inf inf 27.339937 58.605788 43.780238 26.923875 81.973838 60.898393 45.140968 inf inf 70.706838 inf inf inf inf 51.514503 inf 64.216740 7.587835 inf 92.476438 28.035662 52.331043 25.069746 inf
inf 68.704080 inf inf 64.469173 inf 77.425773 inf 16.533198 36.499538 inf 70.420784 inf 8.901311 inf 40.633414 inf 39.897360 53.845427 inf 50.133764 inf 11.546968 79.610596 inf 37.126754 inf inf 6.202453 36.792194 inf 10.402551 41.825420 61.069422 inf 76.926457 inf inf 34.170762 8.108426 23.208528 95.057364 52.334777 inf inf inf inf inf 45.216390 57.631201 5.831295 inf inf inf 39.590867 inf inf 54.606831 inf 5.918908 44.732979 55.609874 inf 32.565650 80.395782 43.638707 inf 27.427255 90.439117 73.273791
80.409990 50.804788 inf inf inf inf inf 51.739248 2.269475 inf 27.622363 inf inf inf inf inf 40.120527 45.737427 29.339641 inf 48.002972 inf inf 33.201853 3.549705 inf 61.784719 9.225218 inf inf inf 7.003597 97.750570 inf 14.511898 36.408798 95.158975 23.978140 47.576239 inf 63.814649 inf 89.605058 inf 92.432669 inf inf 15.911693 inf 88.499856 9.446937 inf 37.645411 16.423947 23.717605 inf inf inf 41.496765 inf inf inf 5.978697 85.996826 80.974994 78.932984 94.106736 68.357901 90.368581 21.617230
61.327463 33.901213 inf 51.516798 inf 32.421371 26.472367 68.744543 inf 78.506569 inf 49.627419 inf inf 10.019069 inf 99.178042 inf 89.536977 inf inf 66.061518 53.308558 53.404277 79.099759 64.779007 inf 53.524179 20.461251 inf 29.869182 inf 32.605169 77.355316 8.047639 32.765242 53.639201 inf 29.400345 17.500542 inf inf 76.660955 inf 62.311800 inf 26.073568 inf inf inf inf 87.536957 72.136480 77.638767 92.899352 inf 94.668381 66.707748 51.300381 62.314277 inf inf inf 34.861508 inf 94.065559 inf 91.974899 19.133247 inf
inf inf 25.829491 inf 15.214284 69.880418 21.300307 27.352986 inf 38.764566 10.090299 75.513299 26.916160 inf 57.598963 inf inf 16.905914 inf 53.432657 10.729623 inf 22.977454 inf 94.290316 inf 62.922551 67.968419 inf 5.874389 inf 91.321903 inf inf 70.822177 inf 62.840271 79.314009 33.865557 inf 39.963822 65.434729 90.679882 inf 81.265913 62.756188 inf inf inf 36.529927 72.628426 inf 66.682366 inf 32.550353 inf 4.189497 22.944114 25.256036 4.960346 inf 42.993524 89.658845 1.554314 inf inf inf 46.883060 88.987409 31.141759
inf 66.035907 87.823737 65.086609 71.734023 52.414243 inf 42.813659 inf inf 54.650824 inf 24.715411 inf inf 3.106777 inf 51.048763 24.530536 inf 29.594447 inf 3.490429 inf 40.803241 30.488708 34.230517 inf 53.169848 inf 34.722564 inf inf 41.776194 inf inf inf 71.331402 83.299004 inf inf 10.293063 inf 66.225959 92.308367 33.545152 25.355637 inf 97.866614 inf inf 79.570680 85.363363 inf 46.441709 49.996980 inf 58.788034 inf 24.637035 12.480797 inf inf 43.013918 32.437178 42.040924 8.727566 inf inf 16.502722
19.786565 49.399385 inf inf 58.934795 49.938958 3.842650 31.399880 99.928487 inf inf 39.897881 inf inf 95.063296 inf inf inf inf 95.740514 32.848667 35.068250 inf 73.952570 16.033327 inf 53.859138 38.387379 inf inf inf 82.618753 32.496834 24.846355 93.705401 inf 2.503082 inf 67.413000 62.637448 14.889233 inf 34.145662 inf 96.005415 79.496613 13.600895 inf 8.297323 inf inf 48.897207 7.600865 inf 71.386982 inf inf inf inf 63.668328 inf inf 71.582339 inf 77.378671 inf 8.754975 71.139145 29.825877 inf
11.147613 62.978503 59.588083 90.505833 inf 76.819356 65.163924 70.108087 inf 80.569290 99.050775 73.212167 inf 81.261663 35.504010 96.052117 48.732771 inf inf 10.240036 5.654685 8.302065 11.315494 21.722278 48.922191 inf inf 70.083689 inf 25.446497 inf 96.471951 inf 53.828599 inf inf 94.336573 inf inf 67.112945 25.541881 inf 9.106989 42.457555 21.602487 inf inf 34.244454 inf 49.019797 68.134087 inf inf 82.165891 62.188832 50.285138 inf 31.557631 inf inf inf 3.654244 inf inf inf inf inf 75.071919 75.677701 43.026595
4.643072 inf 14.725526 inf 97.577729 86.716032 90.458000 13.282097 inf 28.189661 inf 42.888670 inf 95.758857 34.870422 79.061829 71.448259 40.905783 inf 55.408220 inf inf inf 61.382969 71.367158 80.901842 inf 29.747217 inf inf 97.311377 31.765826 2.048288 86.947920 68.642462 78.311686 inf inf inf inf 53.251247 inf inf 38.476956 33.740858 inf 92.679662 89.555644 30.626201 18.923286 99.568340 inf inf inf inf inf inf inf 54.572948 90.988955 18.093255 21.810925 inf 69.951580 67.023723 6.938789 inf 44.877010 12.363225 inf
inf 40.027589 inf inf 21.947480 64.986440 38.328786 inf 2.768615 inf 13.731976 76.612056 71.625636 inf 79.343956 64.280820 14.891448 inf 10.905007 42.426194 44.895167 inf 16.611604 79.994117 inf 93.746319 inf inf 67.312250 81.433144 inf 37.969558 inf 36.178005 54.102815 inf inf 49.393770 2.439580 92.641163 inf 69.956470 inf 59.092333 inf inf 95.751770 87.416640 inf inf inf 72.132394 inf inf inf inf 56.071883 inf 88.637829 20.081435 1.504892 97.831577 14.470423 inf inf 21.225486 99.061104 inf 33.356058 68.822703
inf 81.066617 99.469049 82.090540 89.251698 47.450704 44.904210 inf 50.524260 inf 48.612619 42.467134 inf inf 97.754836 inf inf 42.720516 81.923177 14.243733 inf 27.319034 48.883871 32.224476 28.853999 inf 76.643854 28.587211 48.067396 inf 41.502743 15.891582 62.777864 60.638829 inf inf inf inf inf 8.201083 45.977760 71.257803 84.072176 91.569289 inf 24.167206 92.104666 91.254025 29.172764 37.098787 10.320830 53.121830 inf inf inf 93.092630 inf 85.529546 78.425272 46.291004 19.063641 inf inf inf inf inf inf inf 13.544242 50.252050
inf inf inf 52.015479 inf 93.272518 inf 5.118044 inf 65.569777 inf inf 41.526989 51.717027 48.370797 inf 69.382450 inf inf 73.136206 66.350698 inf 98.325827 82.844407 63.773941 64.418619 inf 14.927595 inf 43.653482 64.985267 inf 8.213830 18.953567 inf 55.779764 inf 38.764238 inf 23.648764 94.889710 58.030336 inf 77.167594 11.067387 inf inf inf inf 43.058632 inf 48.999698 inf inf 53.627489 inf inf inf inf inf 51.211876 47.156262 51.774019 83.539060 18.162250 inf inf inf 56.979325 inf
80.319240 48.639372 inf inf 89.799373 19.410380 inf 91.476340 inf 82.202949 inf 88.137002 78.499613 3.797314 29.415800 inf inf 65.435357 inf 70.018523 79.468797 59.038146 inf inf inf 93.999970 inf 2.314644 inf inf 33.467307 91.191586 33.562379 97.224979 89.467093 93.981500 80.633323 37.620447 14.142322 39.051829 4.101213 inf 85.923179 12.679803 inf inf inf 65.117785 65.388399 inf inf inf inf 30.274970 inf inf inf inf 88.099186 17.394890 68.372241 inf 88.675757 31.615479 18.426333 10.161918 25.947331 inf inf inf
20.486592 inf 59.952887 91.445796 15.952213 inf 57.137175 70.822413 inf 34.945813 inf inf 37.627411 inf inf inf inf inf 54.278778 83.621107 77.579269 78.418785 inf 92.683618 34.975641 inf inf 94.474573 90.695636 inf inf inf 56.207065 68.081158 inf 98.907569 91.854126 14.576052 10.853746 inf inf 94.300147 67.415866 39.867708 inf 8.240285 inf 13.955899 29.706396 78.029525 inf 6.492243 inf inf 48.778219 inf inf inf inf 51.578122 65.278672 4.562449 24.411441 64.862738 32.236037 85.368988 30.740586 14.859168 48.510784 inf
inf 73.644568 67.893732 inf inf 18.020207 inf inf inf inf 69.961981 84.150682 62.900602 inf 74.526408 6.097127 inf inf 65.061214 15.253687 8.506276 inf 49.108411 inf 85.081168 51.635325 inf 19.402146 54.742852 inf 80.093190 7.833079 inf 20.280583 89.114921 inf 52.482886 inf inf inf 1.954494 inf inf 85.852687 inf inf 17.803245 49.655716 5.995541 inf inf inf 60.826765 91.725206 44.009530 inf 91.590643 inf inf 83.738381 inf inf inf inf inf 45.189923 inf 22.834455 inf 46.644782
71.743626 4.744130 75.742926 19.581947 81.783856 inf inf inf 51.374132 inf inf 65.968955 inf 90.240624 inf inf inf inf 96.317610 35.398544 inf 80.550170 inf 88.431999 18.923207 28.468494 58.978503 8.811525 11.991700 71.078336 9.181541 inf 18.659548 78.402149 9.438796 inf inf 89.144993 inf 23.747896 59.412446 inf 70.857313 48.441700 inf 70.082145 inf 75.239292 99.970354 81.947431 43.926874 inf 86.716077 61.804722 60.225011 inf 96.526728 58.230400 24.917709 inf inf 29.295045 inf 5.429271 56.318302 inf inf 44.828533 inf 16.120855
inf 36.992867 8.468327 82.780107 92.844607 inf 6.624003 48.692352 inf inf inf 65.294194 36.297885 inf inf 52.308307 10.235289 31.851142 inf 10.868929 inf 96.516271 inf 90.154332 83.358510 inf 22.270882 56.473174 inf 95.985327 52.695257 98.394440 inf inf inf inf inf inf 84.340216 inf inf 19.500522 88.618268 inf 70.378387 82.017650 inf inf inf 39.221137 inf inf 81.582426 75.670248 50.929600 83.698916 99.691351 55.428781 inf inf inf inf inf 58.386360 inf inf inf inf 65.536923 inf
27.458203 36.078612 inf 28.365928 65.041734 68.288578 22.959148 23.142992 inf inf inf inf inf 64.430062 40.061958 4.534848 11.442065 inf 52.116623 inf inf inf inf inf inf 6.917939 inf 78.116918 57.871813 52.095658 inf inf 10.338964 inf inf 67.077937 inf inf inf inf 49.404159 inf inf 42.488960 inf 32.591354 inf inf 94.875393 inf inf 37.418650 14.854101 75.166364 inf 49.016667 inf 75.803220 inf 17.288162 inf inf inf 30.019564 inf 33.942746 inf 51.925780 14.261271 95.685931
inf 23.506129 48.493560 61.516840 inf 71.559700 inf 34.087224 86.179045 inf 68.625082 6.174440 inf 46.179211 19.872401 10.988022 67.747767 15.216111 24.422723 76.863061 68.152390 96.030524 inf inf 29.027368 79.375101 14.240623 4.970546 65.195440 inf 9.110433 19.501731 88.603681 57.095268 81.933964 98.966286 inf inf inf 94.636873 77.271938 79.610750 45.270035 96.966552 95.860863 inf 40.500954 inf 72.517007 inf 53.640666 inf inf 59.693902 inf 71.296014 18.659061 24.061968 inf inf inf inf inf 71.914701 inf 96.640223 inf inf inf 95.701470
50.910980 inf 41.704452 inf inf 40.351566 63.066571 inf 29.978507 inf 17.408780 72.800789 inf 81.604638 31.910627 inf 47.858717 inf 21.511666 19.626816 inf 32.275306 inf 14.540544 inf inf 97.898236 inf 54.853016 inf inf inf inf inf inf 99.942974 92.650800 inf inf 93.104858 inf 23.534179 inf inf 94.261485 86.849096 94.999548 72.397517 1.654907 17.748006 inf inf 48.988417 inf inf 34.929156 90.122005 27.978893 inf 75.886303 46.933827 65.668174 38.408668 inf inf inf inf inf 3.030330 38.423814
inf inf inf inf inf 89.785832 inf inf 18.422044 inf 67.293426 98.370552 inf inf inf 50.731186 69.043353 inf inf 38.439191 inf 33.729798 91.114308 inf 54.632933 3.613053 inf inf inf 33.647723 29.668979 53.055624 84.576304 98.682475 78.918554 80.859284 inf 78.906327 inf inf 26.561680 inf inf inf inf 14.486152 51.234789 inf inf 59.183129 55.752286 inf 41.702464 inf inf 74.335038 59.590472 56.472113 inf 14.320753 inf inf inf inf inf inf inf 45.219367 5.910105 inf
inf inf inf 78.617163 inf 61.550852 26.588506 86.459727 53.733028 inf 73.058273 99.132136 inf inf inf inf 88.024591 95.293907 22.027250 inf 21.695191 inf inf 67.114732 inf 74.540726 71.106388 47.961948 inf inf inf 94.232298 inf 82.376112 58.769736 8.073941 inf 42.374101 inf 57.849281 inf 64.513685 43.941393 inf 98.031596 39.541642 50.061632 96.264322 inf 47.149065 inf inf 83.492577 30.638885 inf inf 70.281351 63.121728 54.435777 inf inf 71.040459 48.511708 inf inf inf 22.094319 31.034341 6.025089 55.184665
inf 42.351344 71.199371 inf inf inf 29.343489 inf inf inf 97.663213 33.730393 73.551695 50.872561 inf 32.443165 95.388156 inf 70.123880 inf 81.039683 inf 1.562012 64.814970 77.629640 inf 53.201994 inf inf 27.179839 50.264839 36.843628 inf 46.666378 7.540575 inf 46.999487 inf 99.287456 76.712344 inf inf 28.795481 inf 96.944245 inf 9.544366 inf inf 14.951336 60.559536 inf inf 84.124458 inf inf 89.562979 72.162133 inf inf inf inf inf inf inf 92.407922 inf inf inf inf
inf 95.030133 92.980316 80.170774 inf 72.672054 85.927660 inf 22.495183 37.749637 40.816486 inf inf 56.866001 inf 7.049873 inf 79.861463 inf inf inf inf 38.240454 inf inf inf inf inf inf 35.407933 inf 73.689711 inf inf inf inf inf inf 12.982724 inf inf inf inf 57.448325 72.875114 92.583915 86.085487 49.125010 21.129404 inf 70.897194 9.010705 12.363331 inf inf inf inf 19.870966 68.077903 8.900571 inf 5.322489 inf inf 46.409795 55.486040 inf inf 44.034208 66.700442
inf inf 61.972095 inf inf inf inf 9.962652 inf inf 41.672029 inf inf 52.923713 89.452583 87.125527 inf 32.701223 88.324266 inf 64.917242 50.594120 91.349382 55.135149 26.724771 3.302698 inf inf 31.320656 inf inf 57.168686 12.938146 17.322046 inf 83.332488 inf inf 5.831000 inf 10.442222 42.276302 21.872855 70.460437 36.439136 73.453252 78.004300 21.436788 73.175073 inf 63.560527 81.304169 86.170834 63.192801 46.295802 4.357327 inf 73.744000 inf inf 19.311288 89.650475 inf 98.966565 43.654751 9.298539 inf 49.054879 inf 71.570579
inf 77.123931 inf inf inf inf 95.632596 56.768149 inf 38.851075 85.370683 84.642485 38.206616 13.434496 82.716468 36.353003 1.474879 4.252961 inf inf 75.707079 75.941886 30.668813 88.439473 63.608247 inf 88.724767 inf inf inf inf inf 97.848484 inf 24.247847 15.699861 31.711879 30.460285 14.916349 70.142465 inf 86.946329 inf 14.559725 inf 65.694145 68.824441 inf 30.061789 96.799487 inf 89.283872 inf 57.289019 38.592949 inf inf inf 96.477984 32.430956 inf 41.664390 7.144453 33.138569 inf 30.427127 inf 29.223466 98.353570 inf
