inf inf 72.970456 inf inf 22.962547 inf 99.950207 inf 33.477532 9.662266 inf 2.444646 inf 40.894798 inf 42.179292 67.229247 inf inf 74.221392 63.580676 inf 52.122083 inf inf inf inf inf inf 96.939434 89.397081 inf inf inf 77.473047 inf 8.245807 19.822371 inf inf inf 11.270720 inf 97.551209
inf inf 41.414604 inf 61.270351 inf inf inf inf 35.824961 inf 25.861976 inf inf inf 32.482992 inf 52.566357 26.444274 inf inf inf 66.395169 inf 74.507384 43.210640 inf inf inf inf inf inf 54.605066 inf inf inf 11.133550 inf 52.659508 96.532505 62.125278 inf inf inf 58.546771
23.553927 24.639520 inf 13.401903 inf inf inf 6.876865 96.629479 6.350817 inf inf 57.912573 98.685168 40.135511 inf inf inf inf inf 44.067020 inf inf 77.490386 inf inf 46.190747 inf inf inf 76.509913 inf inf 57.822268 inf inf inf inf 74.718071 inf inf inf inf 43.591287 inf
inf inf 25.999348 inf inf inf 9.682664 42.006352 inf inf 68.655627 inf 76.541757 6.680428 inf inf 93.403448 inf 88.074512 inf inf inf inf 6.782777 inf 83.447814 87.376777 91.220829 53.161962 inf inf 41.650502 inf inf 6.788226 inf 18.648353 inf 59.104910 inf inf inf inf 23.138409 12.034926
inf 54.456721 inf inf inf 77.046888 inf inf 52.840882 inf inf inf 41.975502 53.937787 inf 33.020666 2.830754 inf inf 14.094629 5.421155 inf inf inf 19.670048 inf 1.237520 13.314842 inf 31.205891 58.666525 inf inf inf inf inf 34.505563 inf 20.649286 inf inf 77.887824 35.158469 inf inf
2.311008 inf inf inf 90.799290 inf inf inf inf 78.882755 inf inf 70.903781 35.446939 72.197351 79.651576 48.038262 95.954606 inf 70.944036 inf inf inf inf inf inf inf 33.126531 53.378218 19.703394 inf 1.358157 inf 73.863500 inf inf inf 60.659574 inf 35.188169 inf inf inf 51.958233 86.514307
inf inf inf 71.530351 inf inf inf 8.292656 29.595465 63.675607 inf 86.423901 38.958935 inf inf inf 35.022719 37.202171 82.074766 inf inf inf inf inf inf 85.950343 inf 20.314146 inf 43.515594 inf 35.549643 7.908307 5.507134 inf inf inf inf 50.795898 inf inf 91.054118 inf 49.430608 inf
3.432115 inf 38.998601 39.299235 inf inf 16.212709 inf 38.137555 41.479700 inf 33.715230 inf 95.210543 inf inf 17.189402 93.195192 inf inf 72.205009 inf 19.032517 91.316125 inf inf inf inf inf inf 78.753721 77.439355 40.545942 80.853169 inf inf 35.114569 76.706814 45.691859 inf 71.543841 96.855601 98.629760 inf 31.163881
inf inf 86.456202 inf 52.669216 inf 42.358666 6.808331 inf 15.168073 inf 23.296284 51.390565 inf 90.328260 inf inf 24.362336 inf 77.669340 inf inf inf inf inf inf inf inf 92.268770 inf inf inf inf inf inf 9.655824 inf 56.469038 32.323018 inf inf 72.071596 inf inf 27.833202
62.039009 63.552835 14.079616 inf inf 25.206272 18.014759 45.438054 96.997535 inf 93.009324 54.636031 inf inf inf 79.169858 inf 97.689351 49.339751 61.481485 29.637732 29.088151 inf 9.186364 inf 27.982759 91.096232 inf 6.327894 inf inf inf 44.885782 inf inf inf inf 2.649123 inf inf 28.123176 93.677294 inf 35.575421 inf
73.003480 inf inf 61.347615 inf inf inf inf inf 70.645410 inf 97.281990 inf 8.688079 inf 45.533283 45.298811 76.344169 88.482655 27.389620 52.093129 inf 22.661530 inf 69.293875 inf 90.232136 inf inf 56.490844 96.232565 inf inf 92.693405 inf 56.813189 90.597412 inf inf 9.163797 59.694591 inf 58.834001 inf 81.925498
inf 94.149267 inf inf inf inf 81.830364 56.252760 7.033591 22.275814 64.618034 inf inf inf 87.558005 2.673967 inf inf inf inf inf inf inf inf 87.739411 64.895869 inf inf inf inf inf 8.197350 inf inf inf inf 37.652227 62.446719 inf inf inf inf 24.978893 inf 78.239951
6.661339 inf 41.411678 67.759108 62.882564 90.382001 1.150163 inf 48.263008 inf inf inf inf 75.300978 inf inf inf inf 93.425873 26.231516 inf 21.743033 47.028954 inf inf 65.129708 inf inf inf inf inf inf inf inf 42.747548 89.483484 inf 55.186163 inf 71.752191 inf 86.122238 inf inf 85.933631
inf inf 87.362323 98.576835 22.303204 65.874860 inf 82.831610 inf inf 31.332866 inf 14.225167 inf inf 77.587840 inf 87.928929 inf inf 11.958193 inf 86.936166 inf 92.019779 88.305950 95.790297 2.269228 40.578379 14.362931 84.661845 69.803786 inf inf inf inf 21.229515 81.824864 inf 90.939676 90.745516 inf inf 15.586902 inf
83.523019 inf 50.997933 inf inf 92.190481 inf inf 38.843923 inf inf 11.675030 inf inf inf inf 38.421685 inf inf 43.935389 3.702112 69.201020 inf inf inf inf 73.345066 inf 36.669390 inf 24.177101 91.110733 inf inf inf inf 53.001661 5.432252 52.598557 68.214046 inf inf 17.032695 61.813019 inf
inf 80.605127 inf inf 14.380559 86.374997 inf inf inf 63.350600 82.489431 53.849701 inf 50.939176 inf inf 96.702151 inf inf inf 11.855899 inf inf 14.885709 inf inf 67.071577 inf 93.607124 inf inf 70.473998 inf inf inf inf 59.931762 61.101161 inf inf inf 87.381079 inf inf 46.061617
32.334372 inf inf 91.851053 39.637749 80.067688 98.639734 49.255914 inf inf 97.761865 inf inf inf 24.702047 22.228480 inf inf inf inf inf inf 37.860135 inf inf inf inf inf inf inf 76.780173 inf inf 84.474090 10.631098 inf inf inf inf 92.732121 inf 27.043844 inf inf inf
61.874348 84.811088 inf inf inf 51.789250 68.270644 18.699635 83.326187 59.328950 97.503470 inf inf 32.492148 inf inf inf inf 21.451432 inf inf inf inf 29.617850 inf inf inf inf inf inf 87.984689 inf inf inf 63.008886 49.649558 23.926377 19.464010 inf inf inf inf 59.005817 81.037634 66.426871
inf 54.428341 inf 66.876306 inf inf 56.862539 inf inf 64.984172 57.432198 inf 72.029818 inf inf inf inf 52.221777 inf 30.281624 inf 14.588500 80.460308 inf inf inf inf inf 22.371384 inf inf inf 12.131741 34.042357 inf inf inf 10.417471 50.255167 73.566446 inf inf inf inf inf
inf inf inf inf 13.037069 55.495257 inf inf 77.445476 73.981178 87.233540 inf 49.413802 inf 52.370983 inf inf inf 66.867522 inf inf inf 57.760213 inf 33.319315 inf 24.348248 inf 35.171781 inf 59.590962 inf inf 31.121909 40.413861 82.547601 inf 63.300155 inf inf 72.222954 29.112400 51.457795 69.153305 inf
81.354162 inf 58.891809 inf 93.805691 inf inf 84.560664 inf 47.486453 29.775027 inf inf 72.416428 18.014507 48.417226 inf inf inf inf inf 23.997850 13.567116 inf inf inf inf inf inf inf inf inf inf inf inf inf 90.313407 inf inf 99.042464 84.212471 inf 39.929486 inf 77.334834
95.107586 inf inf inf inf inf inf inf inf 75.185179 inf inf 26.808585 inf 94.387919 inf inf inf 52.271946 inf 43.013754 inf inf 67.531581 15.331993 64.555193 inf inf 36.415129 inf 5.880042 59.289116 inf inf 36.447368 inf 40.165337 inf inf inf 78.978228 inf inf inf inf
inf 98.015621 inf inf inf inf inf 13.314125 inf inf 93.857965 inf 33.721946 91.992555 inf inf 27.084032 inf 40.678934 8.631498 38.430053 inf inf inf inf inf inf inf inf 72.987710 inf inf inf 81.045837 57.009409 inf 50.503452 inf 66.165178 39.215266 25.576720 inf inf 71.658350 85.046603
41.105291 inf 78.745361 89.126453 inf inf inf 17.815331 inf 36.429468 inf inf inf inf inf 49.548349 inf 84.684475 inf inf inf 26.397225 inf inf 76.336966 inf inf 69.158289 91.350884 86.722776 14.689241 92.234013 inf inf 13.864341 74.513919 inf inf 82.634096 inf 71.334410 57.215441 87.487647 45.532560 75.349268
inf 7.003220 inf inf 19.833254 inf inf inf inf inf 45.731590 50.320408 inf 78.925576 inf inf inf inf inf 92.651002 inf 74.995591 inf 89.077662 inf inf 92.489982 70.802508 inf inf 95.948705 inf inf 6.969317 inf inf inf inf 45.769596 inf 71.016185 inf inf inf inf
inf 66.519945 inf 13.281587 inf inf 87.126095 inf inf 82.904843 inf 64.072917 15.988460 46.287278 inf inf inf inf inf inf inf 13.024009 inf inf inf inf 7.528251 inf inf inf inf 76.486600 inf inf inf inf inf 81.415815 34.543297 inf inf 29.364935 47.844779 77.947366 inf
inf inf 31.472717 99.302252 19.941438 inf inf inf inf 60.216374 57.362364 inf inf 76.290089 22.583511 28.443678 inf inf inf 73.566761 inf inf inf inf 99.918323 57.265796 inf inf inf 27.248269 inf 82.388416 77.935355 inf 4.999772 49.349984 inf inf inf 1.403310 inf inf 24.200797 94.616590 65.464203
inf inf inf 75.460775 92.857634 28.464007 63.516554 inf inf inf inf inf inf 53.744138 inf inf inf inf inf inf inf inf inf 67.485776 12.098599 inf inf inf 66.814275 inf 83.448308 inf 43.134035 inf inf inf 14.834078 inf inf 34.885103 1.286381 inf 99.351643 inf 90.468771
inf inf inf 98.494832 inf 54.362288 inf inf 50.856957 80.921747 inf inf inf 78.573574 69.536065 72.881138 inf inf 70.766082 36.126770 inf 15.852455 inf 71.801098 inf inf inf 93.069491 inf 91.701355 inf inf inf 47.515336 inf 21.452680 inf inf inf inf 17.618407 inf inf inf 64.468922
inf inf inf inf 57.453961 71.377691 14.463480 inf inf inf 94.281579 inf inf 90.231399 inf inf inf inf inf inf inf inf 67.488499 61.986825 inf inf 47.823379 inf 53.320003 inf inf inf 58.848460 73.063494 73.162236 53.427148 inf inf 91.560851 16.137326 inf inf inf 11.764038 inf
39.510972 inf 82.872046 inf 28.189239 inf inf 14.109168 inf inf 59.237387 inf inf 60.949683 34.494831 inf 81.217450 21.058866 inf 3.916403 inf 10.729475 inf 19.151736 1.791738 inf inf 79.315150 inf inf inf inf inf inf inf inf 98.905202 inf inf inf 73.057762 23.313384 inf 48.274862 inf
74.993009 inf inf 91.247588 inf 60.120228 47.285452 51.666240 inf inf inf 43.371653 inf 65.600110 11.344881 45.877390 inf inf inf inf inf 25.465900 inf 81.881672 inf 65.832845 30.940109 inf inf inf inf inf inf inf inf inf 38.021228 inf 83.694009 78.630413 inf inf inf inf 21.515076
inf 14.651368 inf inf inf inf 91.858073 29.425085 inf 10.697579 inf inf inf inf inf inf inf inf 40.836013 inf inf inf inf inf inf inf 24.871357 92.038854 inf 71.017793 inf inf inf 7.398460 inf 99.190239 59.117854 inf inf 17.821353 inf inf inf inf inf
inf inf 62.864257 inf inf 43.891482 88.441270 71.151941 inf inf 48.822265 inf inf inf inf inf 42.114999 inf 7.125414 56.667091 inf inf 6.456225 inf 74.888362 inf inf inf 72.235351 59.540560 inf inf 83.687456 inf 81.195820 89.363107 27.680266 inf inf inf 92.313914 22.145391 84.432271 inf inf
inf inf inf 61.961774 inf inf inf inf inf inf inf inf 34.989588 inf inf inf 45.007172 29.806710 inf 88.877454 inf 90.892875 16.356553 5.165874 inf inf 48.431059 inf inf 50.293339 inf inf inf 29.630644 inf 90.933190 inf 95.936752 85.149348 9.844227 inf 3.777421 inf inf inf
75.269279 inf inf inf inf inf inf inf 93.331060 inf 13.093765 inf 67.916974 inf inf inf inf 21.905039 inf 3.419874 inf inf inf 96.836032 inf inf 48.160840 inf 99.479251 49.670093 inf inf 48.373664 52.227683 8.399285 inf inf inf inf inf inf inf inf inf inf
inf 67.860524 inf 65.466752 83.932091 inf inf 5.098786 inf inf 52.058337 46.234847 inf 72.690977 24.216477 98.112033 inf 29.609373 inf inf 11.327567 22.926289 19.482887 inf inf inf inf 44.307036 inf inf 72.330723 92.301398 51.659343 4.922672 inf inf inf inf inf 58.426008 inf inf inf 11.725008 81.169772
13.862350 inf inf inf inf 68.952736 inf 23.395027 47.711091 66.318490 inf 33.300923 61.853269 60.325225 22.655495 77.306737 inf 24.307915 5.260231 28.609386 inf inf inf inf inf 57.502747 inf inf inf inf inf inf inf inf 77.137754 inf inf inf inf inf inf 97.661423 inf 21.722540 62.789478
20.847756 22.641618 70.718592 15.038941 2.436716 inf 17.417509 50.590420 25.101373 inf inf inf inf inf 85.246214 inf inf inf 69.272614 inf inf inf 69.251230 20.615985 28.430239 38.521351 inf inf inf 90.700856 inf 25.330615 inf inf 95.177209 inf inf inf inf 32.016226 inf 94.589070 55.796125 56.690522 76.972212
inf 80.755385 inf inf inf 63.804673 inf inf inf inf 65.432044 inf 2.039809 8.027179 8.601922 inf 69.659412 inf 89.008331 inf 15.595000 inf 84.772439 inf inf inf 21.193147 81.105773 inf 83.714428 inf 58.688990 35.111304 inf 40.211807 inf 89.818758 inf 36.462436 inf inf 12.775251 52.632753 inf 2.829157
inf 30.355363 inf inf inf inf inf 15.060246 inf 11.057168 66.616586 inf inf 60.889514 inf inf inf inf inf 63.879217 2.201886 2.261522 47.955768 86.089799 82.411914 inf inf 19.096250 28.599223 inf 81.338970 inf inf 39.913205 inf inf inf inf inf inf inf inf 58.097995 inf 79.118508
inf inf inf inf 45.963299 inf 34.097024 63.442123 16.790490 85.016474 inf inf 45.986545 inf inf 37.019430 52.204273 inf inf 81.871431 inf inf inf 56.523064 inf 89.186989 inf inf inf inf 3.368896 inf inf 81.598440 80.042522 inf inf 99.995895 1.763501 36.526038 inf inf inf inf 53.002651
98.653913 inf inf inf 53.008057 inf inf 74.337245 inf inf 41.985305 37.771233 inf inf 88.195999 inf inf 73.412964 inf 22.308351 10.326383 inf inf 14.468363 inf 57.735741 92.581146 66.100691 inf inf inf inf inf 43.782107 inf inf inf inf 15.141402 16.403403 80.887008 inf inf 54.867597 inf
inf inf 85.824030 9.561775 inf 37.837036 93.270066 inf inf 36.622147 inf inf inf 74.505777 23.973358 inf inf 36.375159 inf 83.470250 inf inf 96.412056 35.975847 inf 57.458260 1.899561 inf inf 10.046758 84.586311 inf inf inf inf inf 76.675651 72.330533 16.413936 inf inf inf 79.875019 inf inf
18.999751 39.669641 inf 52.681819 inf 83.977389 inf 85.348877 76.688030 inf 65.162332 11.912405 61.819569 inf inf 84.443333 inf 90.868001 inf inf 93.690733 inf 28.494665 42.829118 inf inf 22.302107 82.098522 49.571122 inf inf 45.417251 inf inf inf inf 52.963472 48.457225 11.307152 58.368996 67.219534 99.250915 inf inf inf
