inf inf 8.364151 inf 58.631881 92.765342 83.380472 93.723000 inf 33.434956 45.378132 inf inf inf inf inf inf inf inf 8.683288 inf 95.090946 83.412251 inf inf 98.971488 53.906094 inf inf 16.883715 inf 84.754200 92.838877 79.157685 76.547525 7.667563 46.442819 inf 19.425668 92.386310 9.364921 inf 9.945850 5.000597 inf inf inf inf inf inf
inf inf inf inf inf inf inf inf inf 37.967547 inf 46.483273 82.602031 46.477656 66.427405 36.042075 inf inf inf inf inf inf 44.656745 inf inf inf 40.736528 inf 76.784253 inf 40.220410 inf 45.140890 inf 39.043176 inf 96.771337 inf inf inf inf inf 80.254322 inf 57.832702 inf 52.670578 27.387533 1.623549 inf
47.337671 inf inf inf inf inf 80.547283 inf inf inf inf 38.726970 39.984111 inf 9.053258 69.699852 inf inf 14.288751 84.749298 inf inf 20.671898 inf 95.888235 16.948851 inf 19.319669 11.163438 inf 50.325031 19.258244 8.933659 49.926197 72.041380 inf 94.311627 inf inf 74.141296 81.860429 26.675196 48.173494 inf inf inf 46.109550 56.779821 45.157292 26.621699
inf inf inf inf inf 28.337213 58.085641 77.485075 inf 74.166605 inf inf inf inf 77.797502 inf inf inf 26.939517 inf inf inf 37.484257 inf inf inf inf 10.846495 63.024616 41.604460 84.038257 inf inf inf inf 33.723546 inf inf inf inf inf inf 71.808040 inf inf 82.486163 3.210427 inf inf 30.655684
24.802599 inf inf inf inf 77.577723 inf inf inf 51.011162 53.353824 inf 99.607429 58.598474 inf 1.196904 62.559275 29.215221 82.767080 inf inf inf inf 17.453034 inf 15.121897 15.291881 93.405229 70.866853 inf inf inf 73.468291 60.126887 inf inf inf 31.941495 inf 9.958686 inf inf 94.236032 55.992103 inf inf 68.091819 inf inf inf
39.330132 inf inf 19.853784 32.143838 inf 52.004435 64.967058 inf inf inf 23.428056 68.059386 inf 81.203688 21.615190 inf 16.749256 inf inf 54.233159 85.509321 inf 40.840595 inf 21.123882 42.305159 26.628380 inf inf inf inf inf inf 18.864073 inf inf inf inf 31.798661 95.944810 71.779414 92.047833 32.231749 64.765176 inf inf inf inf inf
21.882073 inf 22.862230 46.482429 inf 74.110700 inf 39.031620 14.217645 inf inf inf 57.948103 inf inf 71.413360 57.488897 64.415466 inf 6.650962 49.607886 inf inf inf inf inf inf inf inf inf inf 54.513370 inf inf 48.099025 82.320525 15.320685 inf inf inf inf inf inf 9.938374 inf 16.924894 inf 34.832706 37.343591 3.990883
18.660460 inf inf 62.874849 inf 22.835290 63.241135 inf inf 97.229560 14.028793 inf inf 29.696294 inf inf inf inf inf inf 27.310961 inf 90.641216 inf 33.334101 inf 81.811744 inf 14.556743 83.958295 inf 57.322241 23.196837 27.688666 70.906029 26.630034 inf inf inf 86.167922 inf inf 31.224029 inf 60.596944 72.301836 38.753589 inf 58.405535 inf
inf inf inf inf inf inf 15.990143 inf inf 22.125519 35.735219 36.341706 71.782341 inf inf inf 66.803988 inf inf 38.527347 66.793368 inf inf 94.271675 inf inf inf 70.908865 inf 21.361332 inf 13.709274 inf inf inf 24.755818 29.129120 inf 12.466248 inf inf inf inf inf 96.271382 inf inf inf inf inf
60.491635 14.458074 inf 68.822062 54.883332 inf inf 85.880641 71.241412 inf 64.213413 82.643866 54.923287 89.253376 inf inf inf inf inf inf inf inf 98.687232 12.327695 inf 30.688089 inf inf inf inf inf 45.727408 inf 83.111616 inf 57.972876 inf 73.475714 30.227268 65.602747 inf 33.684196 42.807946 inf inf 92.247355 inf inf 76.258606 33.552462
22.490701 inf inf inf 91.736249 inf inf 12.257260 3.948733 94.745622 inf inf inf 80.370069 inf inf inf inf 21.820249 47.447790 inf 92.545291 71.937301 5.873143 33.545064 22.339004 inf inf 53.275591 29.218592 inf inf 48.178770 inf inf 61.059156 68.767992 7.124272 91.919393 inf 71.044223 44.924684 93.910443 37.009540 inf inf 79.089646 inf inf 9.464809
inf 86.281981 81.121810 inf inf 49.027286 inf inf 63.984048 58.570389 inf inf inf 36.809145 inf inf 47.990482 40.894870 67.222821 48.828202 inf 10.223909 inf 20.316899 27.923631 inf inf 81.618513 43.939113 inf 39.279046 inf 18.664611 inf 20.937667 92.896502 inf inf 76.306838 inf 67.481116 inf 78.962200 2.111104 inf inf inf inf inf inf
inf 95.980986 60.995131 inf 57.917704 18.315471 83.431274 inf 74.911654 55.111947 inf inf inf 91.424233 58.902768 91.011695 inf 33.761552 60.899095 inf inf 93.318619 20.144873 31.402899 inf inf 22.361173 41.622535 17.918403 inf 26.100807 inf 51.950309 inf inf 94.891737 inf 49.925198 inf inf 55.227600 27.387826 inf 85.482462 inf inf inf inf inf inf
inf 66.724907 inf inf 5.814532 inf inf 88.655751 inf 87.158349 57.195498 22.865034 42.170045 inf 56.596618 inf 22.076528 inf inf inf inf 23.001711 inf inf inf 56.256518 inf inf 87.487321 inf inf 54.071141 inf inf inf inf 78.577844 inf inf inf inf 51.962947 inf inf inf inf 95.903019 inf inf inf
inf 46.675659 16.367494 15.549743 inf 60.919904 inf inf inf inf inf inf 69.718123 57.537256 inf 21.213482 8.230733 inf 69.997166 inf inf inf inf inf inf inf inf 38.733585 10.523708 inf inf 91.455985 15.256940 inf inf inf 74.356383 59.088045 inf 93.343618 55.353057 inf 50.968973 inf inf 79.887142 inf 97.110251 63.398226 73.109167
inf 3.275468 17.418599 inf 37.338789 34.565492 20.217352 inf inf inf inf inf 86.314787 inf 48.854890 inf inf inf inf 23.199342 79.687285 53.092599 4.367107 inf inf 3.059893 inf inf 35.867987 22.495163 inf inf inf 7.242732 19.469341 47.894990 74.713037 inf 73.654687 inf 29.767518 inf inf 54.875214 94.416909 67.499767 inf 99.492847 48.432377 inf
inf inf inf inf 18.863011 inf 88.321587 inf 65.683372 inf inf 37.919833 inf 39.884092 1.459680 inf inf inf inf inf inf 22.907608 25.990930 37.569500 inf 58.803501 inf 45.746217 inf inf 40.058081 inf 82.097057 inf 44.225363 inf inf inf 5.554878 85.256440 inf 3.201505 70.618707 inf inf 56.933276 22.534570 26.686969 inf inf
inf inf inf inf 14.901438 61.296673 91.689893 inf inf inf inf 51.888626 92.106156 inf inf inf inf inf 33.989888 17.134357 inf inf inf inf inf inf inf inf inf inf inf 25.177222 inf inf 75.026777 82.324090 inf 50.355231 inf 62.460349 53.893886 87.514080 95.990085 inf inf inf inf 22.683031 71.146728 4.948060
inf inf 71.336616 63.606415 12.369547 inf inf inf inf inf 78.809072 47.234206 60.247725 inf 49.168638 inf inf 86.196140 inf 68.537017 inf 88.686967 92.991691 58.473522 71.109382 9.038702 inf inf 28.217827 inf inf inf 57.118968 inf inf 37.212169 50.728566 46.719729 inf 17.251763 inf inf inf inf 56.125783 92.815037 inf 24.756767 70.458993 95.545318
64.737826 inf 58.125997 inf inf inf 39.971911 inf 47.711775 inf 27.024696 28.080944 inf inf inf 43.882020 inf 45.869950 67.323401 inf 52.851016 inf 34.706805 60.227410 inf 35.921040 56.200568 inf inf 24.081952 12.425562 inf inf inf 27.184090 inf 61.475561 inf inf inf inf inf inf inf inf 85.727188 21.113159 inf inf inf
inf inf inf inf inf 63.754381 4.881680 25.922833 18.078768 inf inf inf inf inf inf 38.021809 inf inf inf 53.723939 inf inf inf 40.952778 45.339448 inf inf inf 29.640214 inf 32.415547 15.789542 82.868828 inf inf 75.021171 82.278324 18.387073 2.255556 17.293287 inf inf 42.684996 inf inf 26.837756 inf inf 70.738351 44.895584
28.144494 inf inf inf inf 75.854135 inf inf inf inf 20.906802 48.530170 75.687624 37.946446 inf 18.864328 52.648097 inf 71.880708 inf inf inf inf 14.589113 inf 18.902066 32.923678 64.411430 40.519963 42.855206 1.301312 inf inf inf inf inf 86.013961 inf 77.071473 inf inf 14.736507 inf 50.479813 inf inf inf inf inf 45.627301
21.326444 57.223569 10.438787 45.432113 inf inf inf 33.579062 inf 17.704777 88.288981 inf 38.034570 inf inf 39.085548 79.825921 inf 40.043521 55.604596 inf inf inf inf inf 92.631325 49.895884 78.093059 86.660233 68.739943 inf inf inf 25.908454 61.808612 inf inf inf inf 23.711481 inf 94.940826 inf inf 88.269419 17.545835 25.332503 inf inf 64.516252
inf inf inf inf 15.468321 94.529450 inf inf 24.462922 55.893739 7.438578 38.699243 25.240430 inf inf inf 79.952941 inf 7.869269 18.777973 79.983317 37.662839 inf inf inf inf 53.813089 inf 47.255953 inf inf inf 9.486293 56.399534 48.856021 inf inf inf inf 68.765153 inf inf inf 94.600448 inf 14.835123 56.027067 inf inf 19.318662
inf inf 64.688816 inf inf inf inf 98.971386 inf inf 98.579116 18.518519 inf inf inf inf inf inf 15.075296 inf 71.546110 inf inf inf inf 79.237887 inf 18.791846 inf inf inf 50.739670 66.881537 62.098933 inf inf 94.111533 61.528995 inf 17.266072 29.109815 inf 19.006948 18.504541 45.920786 66.981800 inf 95.716191 inf inf
86.150020 inf 24.872254 inf 79.385088 17.921074 inf inf inf 1.352372 19.143395 inf inf 61.903161 inf 84.139041 14.665760 inf 51.858229 85.102988 inf 5.737167 75.511982 inf 83.547651 inf inf 32.709930 42.747018 87.931445 44.453444 79.389158 45.487125 71.097355 inf 11.853789 inf inf inf 1.130046 31.084287 52.580845 inf inf 25.105788 92.716788 inf inf 86.929891 inf
54.039395 67.861410 inf inf 38.029284 85.022021 inf 68.739596 inf inf inf inf 49.796800 inf inf inf inf inf inf 78.074523 inf 9.434812 54.167842 75.839582 inf inf inf 83.452030 inf inf inf 80.775530 inf inf 97.316077 inf 45.763189 inf 69.173011 inf inf 31.053036 52.161316 inf 98.123268 inf 21.922970 inf 48.301582 inf
inf inf 25.685808 81.203097 95.189815 70.768597 inf inf 34.096027 inf inf 97.324255 35.800419 inf 90.149531 inf 42.217627 inf inf inf inf 80.043665 93.424709 inf 85.640944 59.708811 10.756749 inf inf inf inf inf 78.693281 inf inf inf 89.673686 inf inf 12.881991 27.476024 53.088109 inf 19.050589 inf inf inf 63.877063 77.034167 12.190567
inf 32.750436 77.387496 79.157920 86.679051 inf inf 34.279751 inf inf 55.567154 26.797031 73.208035 7.532770 76.825283 98.502126 inf inf 42.828611 inf 12.265000 59.936024 21.451630 8.621157 inf 85.140101 inf inf inf 27.301898 inf inf 41.950568 inf 71.529742 40.716070 11.446468 92.339631 inf 82.664066 inf inf inf inf inf 52.685786 94.871692 inf 38.184957 inf
19.951250 inf inf 42.008262 inf inf inf 21.599713 76.899800 inf 73.050575 inf inf inf inf 88.548941 inf inf inf 13.465920 inf 90.085775 96.638618 inf inf 87.592970 inf inf 65.230203 inf inf inf 60.880507 48.509704 73.281267 57.988227 44.176010 inf 30.953910 inf inf 13.115684 inf inf inf inf inf inf 58.819861 92.962288
inf 80.701995 41.333267 21.585284 inf inf inf inf inf inf inf 70.392353 69.424537 inf inf inf 6.077178 inf inf 63.707203 27.656176 14.185738 inf inf inf 31.798800 inf inf inf inf inf inf inf inf 13.718722 inf inf inf inf inf inf 31.666155 48.178825 inf 19.417759 inf 31.341063 24.277440 82.514699 32.462076
76.267889 inf 28.940728 inf inf inf 54.245931 5.561663 86.283039 66.395741 inf inf inf 79.603059 84.218193 inf inf 24.116078 inf inf 3.422168 inf inf inf 45.758423 69.751870 41.522850 inf inf inf inf inf 26.752835 55.908890 inf 71.204896 78.048625 22.186172 inf inf inf 75.614451 inf inf inf 39.405975 inf 86.574153 inf 47.437989
86.715074 61.695825 76.798699 inf 73.094371 inf inf 18.311297 inf inf 33.831647 67.161458 41.632161 inf 83.453036 inf 96.532195 inf 59.481620 inf 73.680426 inf inf 38.011228 16.994248 22.416374 inf 28.160516 26.924091 88.110810 inf 15.667444 inf 12.663611 inf inf inf inf inf 21.388999 inf inf 61.818608 8.849127 inf inf inf inf inf inf
5.922445 inf 42.582085 inf 91.457066 inf inf 9.836471 inf 14.181845 inf inf inf inf inf 82.133082 inf inf inf inf inf inf 59.727403 29.087521 68.107980 73.166639 inf inf inf 49.595961 inf 58.482320 73.781858 inf 56.301447 58.107107 inf inf inf inf 50.717008 inf inf inf inf 80.919612 inf 61.658337 18.492185 inf
77.710897 57.302827 65.063268 inf inf 57.144978 88.223455 11.257262 inf inf inf 8.382257 inf inf inf 48.437547 91.657760 25.212691 inf 74.066688 inf inf 51.615822 18.263841 inf inf 9.122272 inf 23.248680 43.362021 89.020925 inf inf 60.164195 inf 68.574944 65.469643 inf inf 24.766671 12.303172 12.003606 52.583708 4.979684 inf 3.801663 44.508979 69.676147 inf 46.936034
8.773281 inf inf 15.031743 inf inf 12.607746 69.463254 69.552585 92.033200 31.339229 22.519006 12.265590 inf inf 49.403871 inf 95.983812 82.029319 inf 20.985828 inf inf inf inf 22.492004 inf inf 5.011727 38.774957 inf 61.128859 inf 59.566587 84.120109 inf inf inf inf 63.386429 inf 27.523314 inf 1.922023 23.868391 34.835473 89.384487 inf inf 93.907812
65.398921 6.117316 39.300938 inf inf inf 16.010605 inf 28.520849 inf 78.326428 inf inf 93.277653 90.681155 91.061745 inf inf 94.606685 40.867130 10.094022 34.583827 inf inf 53.256784 inf 97.473509 99.328702 65.158790 95.254876 inf 22.480250 inf inf 42.838318 inf inf inf 97.594502 7.147879 inf inf inf 82.935494 inf 45.314324 inf inf inf inf
inf inf inf inf 27.731689 inf inf inf inf 8.808357 40.279350 inf 89.067298 inf 11.595910 inf inf 12.775710 34.952286 inf 24.121801 inf inf inf 89.628914 inf inf inf 30.176642 inf inf 12.971318 inf inf inf inf inf inf 65.892966 inf 33.354196 inf 73.341962 inf inf 47.775679 31.238686 inf inf inf
70.546612 inf inf inf inf inf inf inf 28.024478 43.286476 76.906581 1.211541 inf inf inf 42.019641 12.234455 inf inf inf 91.958235 89.028797 inf inf inf inf 44.793527 inf inf 45.437820 inf inf inf inf inf inf 21.790266 14.180069 inf 74.745904 inf 88.004424 75.078541 39.154480 inf 27.696636 83.437501 inf 2.187996 inf
37.946352 inf 88.029940 inf 28.294066 23.115464 inf 53.565822 inf 18.389073 inf inf inf inf 49.093637 inf 69.648434 24.991041 25.043864 inf 82.959544 inf 93.910145 74.756688 83.332491 33.130929 inf 44.854647 70.236487 inf inf inf 77.420946 inf 16.214362 32.056237 16.497673 inf 88.429575 inf 31.467864 34.932707 inf 65.139513 inf 66.219174 69.350823 inf 83.708069 inf
81.677684 inf 17.564125 inf inf 26.545565 inf inf inf inf 43.725517 2.284290 80.931033 inf 6.762260 36.589541 inf 66.932227 inf inf inf inf inf inf 86.401236 73.221091 inf 54.394249 inf inf inf inf inf 71.953902 53.256203 inf inf 58.368268 inf 95.315934 inf inf 23.685855 83.943348 inf inf 70.447779 inf inf 47.924072
inf inf 70.706779 inf inf 7.266686 inf inf inf 51.268418 30.531854 inf 71.699008 67.544842 inf inf 83.358153 5.769180 inf inf inf 34.259523 23.588686 inf inf 66.348284 25.598384 55.763388 inf 67.161834 33.520665 29.382023 inf inf 2.320881 16.452552 inf inf 15.325141 95.568550 inf inf inf inf 76.155623 inf inf inf inf 41.583382
64.991673 40.195955 89.619309 60.753935 85.586202 95.181998 inf 56.874579 inf 70.824797 38.167146 26.585019 inf inf 85.172556 inf 69.008278 14.271776 inf inf 27.032405 inf inf inf 11.047066 inf 47.844860 inf inf inf 61.004708 inf 27.241076 inf 38.219361 inf inf 25.916080 14.589941 inf 68.505385 inf inf inf 25.850926 42.697843 inf inf 5.398845 12.490642
1.248188 inf inf inf 55.722742 92.455868 76.495126 inf inf inf 97.950871 87.152105 5.386815 inf inf 96.641895 inf inf inf inf inf 23.656187 inf 53.957952 39.299913 inf inf 84.836882 inf inf inf inf 32.953866 inf 55.540621 50.507684 26.148471 inf 74.301811 63.934387 17.553523 inf inf inf inf inf 89.337973 inf inf 23.871353
inf 25.538156 inf inf inf 4.068708 inf 39.592697 15.265590 inf inf inf inf inf inf 38.928553 inf inf 69.898052 inf inf inf 10.855610 inf 26.923808 36.012004 39.392400 inf inf inf 39.165132 inf inf inf inf 63.085723 inf inf inf inf inf 34.499180 12.678019 inf inf 68.693292 inf 2.982207 inf 96.961060
inf inf inf 40.578914 inf inf 57.493842 66.505771 inf 87.871941 inf inf inf inf 23.475471 90.391630 83.966008 inf 70.675069 10.620329 38.407576 inf 45.816835 70.074972 62.978506 61.114170 inf inf 77.930382 inf inf 7.759388 inf 90.951795 97.546670 55.617246 47.969709 58.524730 32.818053 49.211250 inf inf 87.262690 inf 12.321614 inf 85.388688 inf 14.575960 45.194647
inf 36.558718 33.188887 84.057336 22.421161 inf inf 77.705038 inf inf 84.096536 inf inf 94.369335 inf inf 69.165096 inf inf 35.330497 inf inf 36.842958 53.733845 inf inf 17.616558 inf 11.257509 inf 97.170056 inf inf inf 71.898156 99.575211 inf 23.469399 12.228038 71.233769 12.148601 inf inf 49.505918 inf 32.689398 inf inf inf 90.508584
inf 42.834303 5.645515 inf inf inf 76.267403 inf inf inf inf inf inf inf 10.547820 69.274236 29.114641 29.301310 59.185077 inf inf inf inf inf 16.941357 inf inf 4.696583 inf inf 70.847447 53.022763 inf 62.254986 18.960635 inf inf inf inf inf inf inf inf inf 26.820904 inf inf inf 73.368616 inf
inf 3.226252 39.062702 inf inf inf 30.476979 66.986377 inf 4.062355 inf inf inf inf 10.305573 75.759448 inf 6.733212 26.130711 inf 13.331092 inf inf inf inf 45.311805 43.769314 78.109853 26.202238 38.876979 33.963778 inf inf 72.311493 inf inf inf inf 38.353234 95.102595 inf inf 73.438801 inf inf 74.768351 inf 29.143722 inf inf
inf inf 60.597713 80.178204 inf inf 89.411134 inf inf 53.190344 15.120256 inf inf inf 41.567807 inf inf 91.275660 45.252991 inf 15.132166 86.953751 22.395203 24.701359 inf inf inf 69.551522 inf 71.628987 61.160710 56.269531 inf inf 6.470309 54.245551 inf inf inf inf 91.099346 13.667566 45.560988 92.431166 88.517429 1.948002 29.320708 inf inf inf
