inf inf inf 79.350983 51.683815 76.013347 inf 50.507381 2.324386 39.524746 inf 81.691695 89.169774 43.811377 66.357893 inf inf inf inf inf inf inf 46.804085 inf 53.588909 72.839473 inf 4.220254 45.806592 inf inf inf 74.509996 51.724186 inf 44.465352 46.814234 15.089342 inf inf 14.548149 49.535282 61.875306 66.260838 inf inf inf inf inf inf inf 75.276455 inf inf 25.747516
inf inf inf 92.730513 45.249362 73.772929 29.807007 25.457157 inf inf inf 35.550459 78.149610 inf inf inf inf inf inf 69.511981 91.595169 56.941748 78.314741 inf 50.581447 inf inf inf 43.082836 29.798093 46.446999 56.750940 inf 8.158241 inf 67.077171 7.328528 inf 98.529548 51.286055 42.026556 inf 97.039820 inf 70.512041 inf 71.376764 38.471581 59.390825 12.741477 inf 10.684208 inf inf inf
inf inf inf 45.181225 85.676920 inf inf inf 21.412968 54.713069 40.296221 inf inf 60.798408 inf inf 83.287137 inf 44.312972 94.315726 8.116361 19.607621 99.116227 23.189417 inf inf inf 43.620738 inf inf inf 46.462239 inf inf 85.364839 inf inf inf 80.917869 45.855506 inf 31.729806 inf inf 86.047711 35.851874 inf 22.063688 inf inf inf 63.145360 inf inf inf
27.502254 50.370139 20.769848 inf 11.502846 inf inf 36.653564 inf 84.293620 inf inf inf 96.454318 27.719503 39.178092 54.996088 inf 32.602672 inf 43.437344 inf inf inf 49.578076 75.369856 inf inf inf inf inf inf 89.079109 inf 40.602131 inf 77.441393 inf inf inf inf inf 7.831414 8.686272 76.362701 66.498893 inf inf 56.577850 30.161910 4.723705 32.792282 inf 9.545459 inf
96.012984 44.782972 70.034566 86.277212 inf 34.107367 41.876943 inf inf inf inf inf inf inf inf inf inf inf inf inf inf 41.913168 inf 1.801931 25.836204 64.150424 inf inf inf 8.742552 27.648724 inf 9.479513 76.671225 33.473078 inf inf inf inf 87.658163 inf inf inf inf inf inf inf inf 35.987385 inf inf inf 80.780390 83.241913 99.311957
32.899423 94.861563 inf inf 63.181081 inf inf inf inf inf inf 13.273990 inf 59.055202 13.467454 86.088384 32.337923 inf 45.587026 64.326735 inf 25.844143 20.771629 inf 58.636680 inf inf 61.771673 inf 36.301826 75.550260 inf 81.496284 inf inf 99.825206 71.235717 inf 85.610502 6.444525 94.865756 inf inf inf 32.622508 12.092657 inf 42.011215 inf 96.224278 inf inf inf inf inf
inf 31.170396 inf inf 47.804323 inf inf 62.008261 inf 43.755116 33.031897 inf 51.650266 96.787025 inf 9.907295 inf inf 90.636055 88.186185 inf inf inf inf 22.001956 33.323812 99.240302 8.494909 2.846398 inf 11.106260 inf inf 42.253144 inf 19.247610 23.459351 inf inf inf inf inf inf inf inf inf inf 90.472942 inf inf 15.313992 61.146023 inf inf inf
76.838579 40.800893 inf 60.167965 inf inf 37.385225 inf 88.369661 inf inf 66.720063 17.375543 83.916075 82.103486 inf 60.835861 56.223148 inf inf inf inf inf inf 10.763178 71.895659 inf 38.793205 inf inf 18.139490 40.217347 55.767126 inf inf 85.478178 inf inf 4.373530 inf inf 88.418369 inf 85.564833 inf inf 79.153693 inf inf inf 75.391214 inf inf inf inf
57.293863 inf 49.451721 inf inf inf inf 7.272313 inf inf 59.691387 52.566033 86.714942 inf inf inf 96.425024 inf 59.295488 36.703516 8.693685 95.188888 45.225685 inf inf 52.698699 inf inf inf 88.385398 44.224637 inf inf inf inf 12.370015 inf 73.311235 inf 89.376803 33.227053 64.378974 71.717737 inf 63.529363 inf 8.866598 23.177770 inf inf 39.966741 inf inf inf inf
26.704559 inf 98.848834 73.741456 inf inf 66.428891 inf inf inf inf 88.406568 inf 68.542750 inf inf inf 35.693513 29.934800 inf inf 54.616267 inf inf 73.683950 inf inf inf 38.383453 inf 48.241746 40.490379 inf 41.568457 89.988008 inf inf inf inf inf 59.132736 1.958694 12.231047 10.687253 70.194761 inf 28.412383 20.203599 46.243114 inf inf 36.371392 inf inf 40.517094
inf inf 27.940026 inf inf inf 9.266267 inf 44.013752 inf inf inf 14.486956 9.372361 61.362398 inf 84.509837 inf inf 4.049591 26.654960 inf inf 60.709688 34.200362 inf inf 56.695832 78.641728 3.674831 inf 20.342799 98.315872 inf inf inf 84.070736 27.501515 inf inf inf 31.220859 inf 38.993429 3.760764 inf 74.163068 inf inf 92.328731 88.731336 inf 64.912108 39.824386 14.033494
17.765408 55.089736 inf inf inf 8.974448 inf 1.628014 82.307222 89.215098 inf inf 30.974681 65.122131 87.324761 54.536392 inf 27.716416 inf inf 75.470999 27.580284 21.704779 82.180973 inf 45.089032 90.906524 52.912319 63.857334 inf inf inf 74.650321 32.154461 inf 43.993849 60.097459 28.890930 25.419750 21.338464 inf inf inf 10.748423 inf 31.481480 inf 49.941911 74.615228 inf inf 86.318737 inf 81.482752 inf
45.686958 39.778763 inf inf inf inf 56.343629 99.781384 93.798668 inf 17.715552 65.142605 inf inf inf inf 27.863731 20.962823 inf 92.597792 36.057410 inf inf inf inf inf inf 6.378586 inf inf inf 22.282306 inf 79.193366 inf inf 89.737619 42.990998 55.506362 53.431994 59.470054 22.968085 inf inf inf 93.020547 17.001073 inf 47.766934 46.228562 inf 5.689309 76.545373 68.898629 67.209859
90.254725 inf 80.564172 99.294336 inf 79.681543 43.121607 79.150788 inf 74.422329 14.237425 41.856584 inf inf inf inf 49.386506 inf inf 29.685289 inf 28.677409 89.274818 29.079792 18.071759 7.152978 inf 63.893758 55.813550 inf inf 82.263990 94.263203 inf inf 86.795717 inf 31.934505 inf inf 28.269057 5.428810 77.827493 inf 74.464849 inf inf inf 92.209512 54.539514 inf inf 14.434184 15.990786 inf
39.377581 inf inf 21.359958 inf 34.161639 inf 91.814720 inf inf 30.321983 17.528008 inf inf inf inf inf 5.189798 inf 15.729472 inf 35.266088 71.506806 46.798602 inf inf inf 79.223784 inf 26.701482 5.016478 inf inf inf 82.557729 inf inf 94.127495 27.518443 inf inf inf 88.982564 46.689927 48.064840 inf 56.552491 inf 22.910253 37.541699 42.652389 inf inf 64.801791 inf
inf inf inf 65.220686 inf 70.853393 4.973305 inf inf inf inf 18.309254 inf inf inf inf inf 44.286365 65.279877 24.287600 inf 56.479574 inf inf inf 7.876356 42.246263 66.927924 51.573701 inf 43.068429 inf 15.916419 68.848497 25.080878 43.722580 inf 91.080301 56.594485 99.665651 32.725869 33.631622 inf inf inf inf 38.019578 60.477868 inf 10.866303 7.770334 inf 28.883371 inf 24.772364
inf inf 14.581494 35.079516 inf 41.699618 inf 54.556144 58.544771 inf 85.730610 inf 39.619510 64.998077 inf inf inf 90.619453 inf 58.952836 80.271736 inf 80.211651 70.514479 86.742673 66.140425 14.326387 74.638183 inf 72.245885 inf 15.828845 16.172731 inf 47.765807 inf inf 54.870597 54.434325 inf 48.731459 inf inf inf 6.201929 inf 84.039220 99.912687 87.095134 20.935472 37.251936 inf 92.140853 inf inf
inf inf inf inf inf inf inf 9.276274 inf 68.631999 inf 76.981932 4.042948 inf 46.717483 34.590072 30.642227 inf 35.710568 94.006801 63.618662 95.812233 66.438397 inf 71.746359 91.350905 inf 59.620398 48.330564 10.979545 86.637662 inf 90.681404 48.216072 27.168589 inf 52.963121 inf inf 80.437461 inf inf 28.745637 59.323553 inf 63.771944 inf inf inf inf 79.468569 inf inf 64.853977 inf
inf inf 21.543557 28.149809 inf 1.437367 51.963897 inf 24.441804 4.432713 inf inf inf inf inf 50.302998 inf 52.786743 inf 51.190834 inf 65.561450 15.457806 inf inf 11.641705 4.018061 32.137857 65.305813 inf inf inf 20.722836 inf inf inf inf inf inf inf inf 39.544629 inf 66.602530 2.589442 2.069469 inf inf inf inf inf inf inf inf inf
inf 52.778631 6.846097 inf inf 61.880278 86.907074 inf 62.257296 inf 38.504049 inf 4.529082 65.043905 30.205997 90.066612 40.488966 99.098795 3.251467 inf inf inf 24.543577 inf inf inf inf 44.546391 inf inf inf 64.747639 20.790087 14.462828 66.039616 inf inf inf inf 39.289000 17.155011 inf inf 86.023655 1.119220 87.547654 inf 92.132473 87.436413 inf 96.496574 24.376864 inf inf inf
inf 43.419329 20.170741 26.146165 inf inf inf inf 27.485204 inf 14.570930 84.055308 88.833488 inf inf inf 56.001742 70.858829 inf inf inf inf 24.653056 69.961863 34.326592 inf 72.647936 79.340884 inf inf inf inf inf 30.125758 60.157211 inf 68.809189 42.676077 inf inf inf 64.009248 inf 24.295475 9.124062 inf 18.759511 38.867088 inf inf 87.642408 55.744486 inf 95.163810 inf
inf 89.794305 36.653132 inf 95.625688 11.768932 inf inf 89.339584 33.656280 inf 9.814641 inf 95.034480 84.997695 22.277122 inf 6.326816 38.687420 inf inf inf inf 9.317839 1.237669 inf inf inf 19.859545 inf inf 36.842908 55.442028 inf inf inf inf inf inf 60.456649 23.844762 inf 57.741263 32.255683 inf inf inf 19.392154 inf 24.148621 31.260356 13.982776 89.096259 inf 67.351832
91.632991 23.401411 92.135758 inf inf 82.665125 inf inf 67.109304 inf inf 60.921530 inf 23.290697 78.148844 inf 60.988522 27.653764 74.420442 3.793060 83.711723 inf inf inf inf 80.604423 inf inf 41.658820 inf inf inf inf inf 32.794411 inf inf inf inf 81.339059 inf inf 58.763138 inf 54.656092 55.998756 46.592156 inf inf 70.863813 inf inf inf inf inf
inf inf 2.477444 inf 59.959832 inf inf inf inf inf 50.096741 15.915817 inf 85.342197 30.826087 inf 47.002970 inf inf inf 75.054380 65.362394 inf inf inf inf inf 42.057157 inf inf inf inf inf 44.582179 5.176641 inf inf inf inf inf 89.447553 inf 66.874018 97.693291 27.769022 inf inf inf 86.305099 inf inf 40.363353 inf 39.376610 68.701388
66.488643 12.207389 inf 89.192348 65.938858 19.540669 11.488023 15.753081 inf 51.669283 99.814584 inf inf 25.208119 inf inf 51.572542 72.963663 inf inf 27.104355 7.653328 inf inf inf inf 91.781139 inf inf 83.130128 inf 59.818834 63.727365 inf 69.158012 61.463587 inf 35.298281 inf inf inf inf inf inf 15.603758 inf inf inf 62.130730 inf inf inf 78.298866 56.352934 inf
87.412748 inf inf 9.972226 16.958878 inf 84.831002 91.095091 74.508504 inf inf 27.696985 inf 98.666741 inf 50.368069 86.993736 52.852792 30.840815 inf inf inf 45.730085 inf inf inf 93.494397 57.708354 90.061105 74.728391 inf inf 45.366452 inf 19.983098 inf 82.526938 1.499280 64.016361 86.468359 76.772945 inf inf inf 16.033109 36.083477 1.490677 58.914179 inf 35.065558 30.639123 inf 41.585170 9.524092 inf
inf inf inf inf inf inf 21.520351 inf inf inf inf 29.122365 inf inf inf 61.964592 30.210419 inf 12.011411 inf 59.460869 inf inf inf 71.726360 74.492304 inf inf 98.482732 inf 63.071521 88.928237 inf 74.538595 74.138997 46.349872 inf 2.466676 inf inf 43.368758 inf inf 71.984684 88.158882 83.578807 89.049513 30.288319 49.566391 47.072801 12.336018 inf inf 10.493565 inf
75.770313 inf 32.300535 inf inf 78.988185 49.102377 15.972098 inf inf 81.020650 23.423270 35.098830 69.054795 81.758882 26.976809 99.478158 42.198227 13.106747 83.980605 23.736826 inf inf 52.773721 inf 26.023117 inf inf inf 16.941807 11.489194 55.361073 75.235352 inf 4.049262 inf 10.988084 inf inf inf 34.882384 inf inf 82.520358 inf inf 79.991463 inf 90.536569 49.794755 99.687806 inf inf 62.321452 53.799510
68.758116 3.064923 inf inf inf inf 54.417833 inf inf 60.555655 19.322298 21.083356 inf 10.306609 inf 86.928462 inf 3.468396 61.559198 inf inf 47.023557 38.097917 inf inf 13.496664 51.933235 inf inf 51.141721 90.191125 11.145551 inf inf inf inf inf 86.046914 57.682950 52.643993 64.376144 inf inf 7.281782 88.836276 inf inf inf inf inf 35.761467 inf inf inf 52.725424
inf 41.667152 inf inf 51.270108 88.375168 inf inf 11.196024 inf 44.469569 inf inf inf 2.900112 inf 98.932878 94.069032 inf inf inf inf inf inf 4.404156 41.885318 inf 58.527019 78.288306 inf inf 5.274779 inf inf 50.576966 81.644866 inf inf 74.574662 86.646168 47.909194 38.259946 67.845970 inf 99.348644 inf 25.358968 43.411924 88.939747 inf 84.353715 inf inf inf inf
inf 28.894371 inf inf 40.181287 67.707242 49.645161 87.595463 63.618015 27.820136 inf inf inf inf 10.475132 85.246009 inf 47.194441 inf inf inf inf inf inf inf inf 39.148869 94.981302 81.518631 inf inf 14.241544 51.316286 89.110574 25.998230 1.029676 66.185026 90.360786 94.711403 inf inf 23.544336 29.683051 31.974084 46.919416 71.313199 inf 26.299858 49.406744 inf inf inf inf 81.541615 3.070112
inf 10.958765 96.705692 inf inf inf inf 75.275389 inf 44.414253 14.169367 inf 61.267678 46.344509 inf inf 68.053011 inf inf 24.189916 inf 84.128903 inf inf 78.366524 inf 81.354460 30.760994 84.715164 16.183536 5.610239 inf inf inf inf 1.516378 75.326186 14.654651 93.867819 8.633264 50.187574 inf inf 27.873386 inf inf inf 95.751608 inf 2.479336 inf 63.626200 inf inf 31.377595
46.094564 inf inf 46.939751 65.714596 65.162644 inf 60.397578 inf inf 10.425381 39.066514 inf 24.821085 inf 3.969488 21.550849 16.242048 1.358978 46.608592 inf 56.152560 inf inf 42.107252 48.007201 inf 75.412172 inf inf 44.970275 inf inf inf 63.055622 inf inf inf inf inf inf inf 8.127044 34.368198 inf inf inf inf inf 64.556070 inf 53.672190 inf inf 40.064376
29.754559 68.713099 inf inf 63.806378 inf 7.392106 inf inf 31.090225 inf 61.931880 47.820961 inf inf 48.684985 inf 56.924231 inf 48.255648 96.617842 inf inf 45.833880 inf inf 87.393809 inf inf inf 87.270644 inf inf inf inf inf inf inf inf inf 11.823111 inf inf 29.092784 inf inf 68.253302 inf 63.713510 inf inf inf inf 70.328012 inf
inf inf 80.901033 93.696011 8.632835 inf inf inf inf 61.504176 inf inf inf inf 13.181007 61.713420 94.238336 86.844681 inf 53.770115 45.243331 inf 34.950890 36.467913 62.842147 38.630966 23.240168 75.502737 inf 62.153998 40.638895 inf 92.172102 inf inf 79.287358 40.173966 61.345515 52.884104 inf inf inf inf inf 8.975106 inf 17.368392 95.698286 inf 99.233250 32.254650 inf inf inf 72.205123
77.043469 10.678388 inf inf inf 67.038486 10.947590 24.718795 66.154072 inf inf 76.498489 inf 83.597775 inf 21.978022 inf inf inf inf inf inf inf inf 55.229629 inf 81.920220 inf inf 44.345204 10.396576 77.964328 inf inf 10.699232 inf inf 16.790394 7.477241 inf 64.105369 inf 52.513395 69.016949 inf inf inf 84.491293 inf 88.574109 inf 79.085951 87.007925 inf 80.070009
46.132334 25.239943 inf 7.925633 inf 37.886563 26.657236 inf inf inf 2.795924 18.561662 69.618829 inf inf inf inf 84.109987 inf inf 22.424515 inf inf inf inf 54.717717 inf 81.377784 inf inf 64.732124 90.102104 inf inf 77.835094 inf inf 61.983098 inf 11.659970 inf inf inf inf 56.265614 inf inf 55.657027 77.645949 inf inf 6.179446 88.798526 inf 64.612646
72.011487 inf inf inf inf inf inf inf 79.292900 inf 48.697241 1.951840 42.474107 16.885386 56.383902 41.598139 92.271092 inf inf inf 98.654587 inf inf inf 2.024297 24.850354 57.885556 inf 14.573701 inf 82.145105 91.907048 inf inf 82.955248 37.100023 80.117740 inf inf inf 53.609570 83.352095 inf 41.014922 inf 99.480206 inf inf 53.520919 inf inf inf inf 79.594067 inf
inf 85.204792 91.827604 inf inf 34.821986 inf 83.535120 inf inf inf 87.021662 34.417953 inf 95.482967 2.062168 87.378739 inf inf inf inf inf inf inf inf 2.002778 inf inf 33.340002 67.711006 81.501333 85.194348 inf inf 16.619952 77.888903 inf inf inf 89.204948 4.758046 inf inf 53.763730 inf 21.753404 inf 72.238411 inf 38.521519 inf inf 98.639939 inf 67.013924
inf 57.770466 14.942706 inf 30.796208 88.827435 inf inf 4.556062 inf inf 11.802257 9.906719 inf inf 61.503331 inf 92.181094 inf 29.334113 inf 8.623102 58.670757 inf inf 12.455618 inf inf 2.125342 37.839628 inf 37.977687 inf inf inf inf 69.158615 inf 58.079091 inf inf inf inf inf 62.725423 inf 80.073628 15.845593 inf 17.201688 inf inf inf 4.820455 96.559111
85.765315 32.561065 inf inf inf 45.963084 inf inf 46.075257 89.866197 inf inf 73.424368 86.628621 inf 69.465997 61.581149 inf inf 56.478485 inf 87.091479 inf 13.146736 inf 99.939051 81.757824 28.946317 39.471610 14.862022 inf 3.547311 inf 65.385249 inf 80.374425 inf 24.898111 74.189005 inf inf 27.470953 inf inf 25.375100 94.084107 43.373221 inf inf 80.353544 inf 55.464747 inf 81.782902 inf
67.264515 inf 19.138627 inf inf inf inf 61.921123 77.472794 7.644573 92.668347 inf 13.011341 92.356111 inf 16.420816 inf inf 66.522922 inf 21.370570 inf inf inf inf inf inf inf inf 1.024188 13.984319 inf inf inf inf inf inf 16.319816 inf inf 88.422954 inf 62.563015 98.002012 inf inf inf 71.055421 61.932624 inf 36.828295 39.240492 inf inf 11.113675
96.752253 32.395917 inf 95.293850 inf inf inf inf 10.444882 21.852504 inf inf inf 93.133861 31.326598 inf inf 73.410789 inf inf inf 31.829210 88.381494 18.838269 inf inf inf inf inf 37.878281 61.908858 inf 53.939220 inf inf 24.537725 inf inf inf inf inf 3.383128 inf 66.966086 inf inf inf inf inf inf 14.191506 95.846656 inf inf 89.430096
2.741454 inf inf 90.497301 inf inf inf 82.924613 inf 81.882946 48.922115 78.403622 inf inf 14.526947 inf inf 93.551831 76.225727 65.340225 23.955934 89.099353 inf 83.688008 inf inf 30.438990 77.396829 7.856480 inf 60.078908 22.688903 85.414720 78.986697 inf 32.796682 inf 93.298185 31.030027 inf inf 44.047547 2.545385 inf 46.850270 96.960088 inf 72.919961 75.763723 89.267657 inf inf 65.067153 1.419561 50.934172
inf 96.228169 93.214116 78.529772 inf 41.238291 inf inf 10.472923 89.478407 22.566260 inf inf 70.064860 86.747762 inf 80.166813 inf 68.205434 87.783731 66.390029 inf 66.887418 21.348427 90.404112 58.093935 91.056488 inf 14.802082 72.624346 70.772380 inf inf inf 48.226481 inf 53.665132 inf inf 28.949921 17.203838 inf inf 31.170382 inf 73.905928 inf 63.039341 33.378603 inf 88.357581 32.145525 inf 30.345223 34.965432
inf inf 81.039724 46.730760 inf 98.877165 inf inf inf inf inf 98.000775 54.476599 inf inf inf inf 24.366600 44.986553 59.366558 inf inf 34.855633 inf inf 36.857515 90.729813 inf inf inf 59.163306 inf inf inf inf inf inf 90.701188 76.334614 inf 63.537640 inf inf 32.501649 61.066281 inf 89.896574 inf inf 22.833208 inf inf inf inf 41.328229
inf 6.237061 inf inf inf inf inf 21.921688 74.718407 87.274589 10.752106 inf 46.143961 inf 77.815935 4.606282 16.908611 inf inf inf 59.490800 inf 35.770384 inf inf 93.187828 95.937429 15.588728 inf 97.109122 inf inf inf 40.694872 76.640173 inf inf inf inf 73.223165 50.670324 inf inf inf inf 71.953665 inf 19.340517 71.336310 inf 59.458369 79.406299 inf 84.987314 90.589703
inf 89.437406 87.435439 inf inf 37.265530 94.765025 inf 65.901470 11.484017 inf 26.139144 inf inf inf 43.831458 11.917217 inf inf 94.846376 32.685535 99.682096 inf inf inf 94.362422 28.179450 inf inf 25.540597 10.709033 74.538182 inf inf 20.832341 39.315463 89.460805 inf 53.569599 58.069267 inf 17.779233 inf 12.273359 32.867456 inf 90.891073 inf 98.760356 inf inf inf 84.869936 81.229787 46.830888
inf 17.724635 inf 20.357504 30.677235 inf inf inf inf 26.643506 inf 71.097263 3.736930 2.216001 41.076864 inf 35.254396 inf inf 19.071092 inf inf inf 25.433569 35.585941 inf 60.875704 18.622415 inf 47.472397 19.166638 inf inf 81.865432 inf inf 67.731146 21.764292 inf inf inf 51.099523 inf 37.921372 42.567133 inf 38.524839 94.799192 inf inf inf inf 17.590442 68.179308 33.695056
inf 83.032583 inf 25.758230 inf 84.998732 inf inf inf inf 95.416230 inf 55.280965 18.045133 62.259820 40.733982 41.485879 inf inf inf inf 56.210523 9.504188 inf inf 3.883534 30.638810 85.959259 inf inf inf 14.027098 65.526406 inf 80.225375 78.024174 inf inf 1.338329 23.704378 57.011965 inf inf 71.468548 inf 60.981042 inf inf inf inf inf inf 36.029114 inf 56.173935
inf inf inf 78.167990 inf inf 4.454847 58.595188 76.046082 inf 88.409455 inf inf inf 89.889239 4.046660 51.677959 97.644143 inf 2.139399 83.343760 22.288585 inf inf inf 93.256559 4.083465 76.298484 60.131501 27.859166 inf inf inf inf 71.220344 inf inf inf inf inf inf 35.507205 25.020173 inf 85.201065 inf 25.134202 inf inf inf inf inf inf inf inf
1.513936 68.406629 15.517454 26.750366 inf inf 70.269362 inf inf 62.847889 inf 37.844521 2.471092 inf inf inf inf inf inf 51.591402 61.430749 85.160859 inf 90.703261 inf inf inf inf inf inf inf 42.415899 62.995766 inf inf 64.651077 48.266164 inf inf inf 18.328000 61.855818 59.688385 inf 25.765040 inf 93.964966 inf inf inf inf inf inf inf 82.078116
inf inf inf inf 94.997850 inf inf inf inf inf 49.638856 inf 15.146922 76.038536 inf 2.394129 73.264254 inf inf inf inf 94.584623 inf inf 7.760902 39.417845 inf inf inf inf inf inf inf inf inf 78.001002 41.253336 inf 1.734270 inf inf inf inf 44.078241 inf inf inf 37.655194 7.553788 41.330961 inf inf inf inf 42.278882
inf inf inf 87.882892 40.286488 inf inf inf inf inf 22.674309 56.443527 12.059628 89.325147 50.014572 inf inf 52.302842 inf inf 12.847352 inf inf 61.294502 39.776393 57.240547 36.068879 36.617574 inf inf 70.078651 inf inf 32.919217 inf inf inf 84.116751 inf 87.343481 18.787676 inf inf 86.577216 44.718282 inf 52.314831 54.766689 95.889135 inf inf inf inf inf inf
78.211178 inf inf inf 76.231202 inf inf inf inf 54.083892 59.481398 inf 85.299007 inf inf 70.092970 inf inf inf inf inf 43.818536 inf 64.623636 inf inf inf 21.181388 54.571107 inf 87.478917 41.470378 66.638795 inf 22.460892 37.619264 78.942976 inf 69.023942 88.329501 inf 25.514984 85.022790 49.259267 52.856732 35.542873 58.070323 75.250121 9.701604 63.482334 inf 20.243387 15.233059 inf inf
