inf 84.867674 92.404003 inf inf 74.416112 68.176786 inf inf 72.427522 60.980660 99.325857 60.589223 29.000321 inf inf 83.016351 88.747104 inf 85.164816 inf 24.864512 37.063757 46.909001 inf inf 38.399085 inf inf inf 84.325977 inf inf inf inf inf inf 18.034607 inf inf inf 81.981673 76.811004 inf 67.179317 67.386577 70.041747 97.573203 26.164737 95.228545 55.017217 inf 6.635247 63.923172 18.959534 5.116210 30.833331 11.946647 94.836594 inf
62.636965 inf 65.604719 inf inf inf inf 58.070535 70.030677 inf inf inf 71.892316 inf inf 24.615826 inf 86.675263 inf inf inf inf 84.049760 inf 86.769035 29.226915 17.118184 44.607407 inf 77.089554 13.224172 inf 37.801471 inf inf 2.637198 88.269801 inf inf 29.591102 29.140856 inf inf inf 6.596648 2.592274 56.531419 inf 53.880754 inf 57.569339 86.129193 89.724608 75.932644 inf 81.934994 74.079253 40.483210 inf inf
51.210650 76.048717 inf inf inf inf inf inf 33.337870 inf 32.496297 24.689358 inf 15.408531 inf 90.112742 inf inf inf inf inf inf inf 2.254406 inf inf 34.489091 87.592924 96.662778 90.964444 inf 70.541750 3.129882 inf 29.475987 82.627482 9.673460 15.285346 inf 98.388084 76.958092 76.011705 inf 84.688518 inf 83.870373 inf 20.644284 inf inf 14.842569 80.905160 inf 15.585909 3.381999 inf 66.268251 inf 70.093579 5.747601
inf inf inf inf 98.554779 25.745881 26.250518 30.514133 6.699911 inf inf inf 24.414085 19.133084 56.357409 inf 20.065416 10.618939 56.362485 inf inf inf 90.668629 42.675051 36.870116 92.771223 73.873205 15.250219 inf 18.455689 45.291704 54.480574 inf inf inf 29.679414 inf inf 97.126253 inf 77.926601 inf 40.791880 inf inf 93.683321 92.316234 91.875747 77.142524 17.312693 inf 35.289936 2.825869 42.594471 inf inf 89.660645 87.356763 inf 90.774267
inf inf inf 50.961937 inf 46.290147 92.669239 inf inf inf 58.655882 inf 43.016645 79.134530 99.661615 inf 93.235584 inf 41.505588 32.442666 inf inf inf 57.740790 inf 69.124084 inf inf 11.596959 40.299804 30.647998 inf 78.727033 62.848745 inf 78.968777 inf 3.757031 inf inf 49.785386 inf 88.418612 26.658879 inf 21.444444 44.204216 inf 11.306986 65.606966 72.173303 inf inf 65.451246 inf inf 48.109976 inf inf inf
62.416237 inf inf 2.052304 71.305128 inf inf 12.459579 inf 4.786848 inf inf inf inf inf 35.416291 89.263861 54.966718 inf inf 76.949746 inf inf inf inf 84.977108 inf 83.116762 inf inf 90.572984 inf 96.327041 inf 61.207687 4.750735 inf 79.589207 35.331392 54.267527 inf inf inf inf inf 30.462676 68.485974 inf inf 46.432095 inf inf inf 70.939160 28.568676 9.550411 32.866667 39.386496 12.496086 inf
3.433248 inf inf 64.556847 68.840707 inf inf inf inf inf inf 94.655842 inf inf inf inf 62.734310 73.936237 46.558677 66.326509 33.922772 26.280355 44.060326 inf 1.555756 1.370950 97.395962 inf 65.075500 2.933069 95.715120 77.999579 84.567653 88.883207 inf 75.884596 inf 9.201012 11.634689 48.516999 21.598870 inf inf inf 51.687587 80.590119 inf inf inf inf 46.955164 inf 50.857991 26.431319 inf inf inf 37.851653 inf 27.064490
inf 40.531392 inf 31.642953 inf 75.018595 inf inf 51.563123 inf 15.587409 inf 5.260444 66.086285 inf 13.984087 inf inf 7.689150 inf 56.919958 inf inf inf inf inf inf 81.975524 inf 89.459192 76.323120 inf inf inf 93.268193 24.237266 75.487352 78.899425 40.218804 inf 27.546000 inf 50.547741 7.731417 inf inf 52.390974 inf 41.944949 43.552216 inf 33.735554 20.119646 inf inf 70.345224 inf inf 6.499108 36.186075
inf 73.098786 69.289624 75.152419 inf inf inf 85.306519 inf inf inf inf 74.927408 inf inf 40.790248 74.146295 inf 68.009880 53.464609 18.505845 inf inf 44.108915 inf inf 40.758799 6.202923 inf 88.657446 69.468123 8.943697 81.991524 inf 53.878800 54.922894 38.140672 5.874788 71.001855 inf inf 72.498610 inf inf inf inf 22.981180 inf inf 63.815013 inf 6.397849 inf inf 86.153160 18.630645 84.072557 inf 49.476327 45.451283
24.434780 inf inf inf inf 90.303996 inf inf inf inf 25.798050 inf 16.963716 inf 19.711978 inf 13.117386 16.181450 inf inf inf inf inf 6.079432 inf 60.550438 inf 96.397968 inf inf 30.702676 27.266393 inf 43.397331 13.977458 15.670811 inf 73.301250 inf inf inf 57.533418 50.874369 3.755016 inf inf inf inf inf inf inf inf inf inf inf inf 91.219049 inf inf 66.205897
92.186527 inf 66.334179 inf 24.518246 inf inf 33.752486 inf 63.678603 inf inf 35.760892 11.801585 24.625199 inf 90.513313 85.165635 inf inf inf 18.736978 37.685973 83.826360 inf inf 33.230153 44.123576 inf 52.156418 inf inf 84.810556 inf inf 48.149218 inf 12.606096 inf 32.680893 47.007035 69.819899 inf inf inf inf 80.442713 23.167378 inf 74.942937 13.321256 33.071393 inf 10.636900 inf 53.802216 inf inf inf inf
54.506141 inf 22.140194 inf inf inf 48.737778 inf inf inf inf inf inf 75.851056 44.933329 inf inf 48.541306 inf inf inf 65.097153 inf 74.867127 97.832597 inf inf 59.562227 inf inf 73.017761 36.236075 inf 96.264307 95.182957 93.563647 inf 67.881312 51.785408 93.018199 inf 21.892097 93.190320 inf 87.154633 68.722807 20.199348 inf 74.574542 86.157334 inf 42.852507 inf 2.194762 97.344975 inf 82.632485 33.098612 inf 14.495071
91.242425 7.402355 inf 49.797582 70.332539 inf inf 29.187665 77.669321 72.428208 40.224159 inf inf 64.861244 75.997196 inf inf 89.008097 inf inf 20.003250 inf 16.639073 3.621425 65.411393 47.054478 50.723074 inf inf 86.859259 inf inf 89.486850 81.325724 22.826813 inf 55.729506 inf 96.663880 inf 94.793861 inf 89.780756 60.456908 35.628167 inf 35.712640 56.606006 inf 52.008058 98.443679 inf 20.330233 85.767324 inf 58.358309 1.113205 62.056352 76.500417 46.420694
64.028747 inf 73.483787 81.091158 70.869088 inf inf 94.750595 inf inf 4.056649 41.023440 57.783569 inf inf 31.358780 inf 15.738623 inf 24.770862 36.968674 16.450563 36.614333 inf 25.016570 inf inf 59.868239 50.771737 72.143940 inf 7.031460 inf 78.791208 31.096734 6.170292 44.032203 2.763701 18.549922 inf 15.148872 57.952500 89.663655 97.547283 26.256559 88.921350 30.021063 inf 54.728522 36.443249 56.331473 inf inf inf 53.489939 inf 23.301324 inf 48.480773 72.265110
inf inf inf 20.370436 12.873920 inf inf inf inf 22.633439 28.482961 67.528949 78.112735 inf inf inf 49.167656 1.015962 37.107605 34.578281 inf inf inf 92.224671 inf 11.287128 82.164553 inf inf 23.205783 65.175258 21.723875 17.784129 54.955023 inf inf 16.653186 63.291908 inf inf inf 26.994369 inf inf inf 76.690106 inf inf inf inf inf 35.471806 31.560155 inf 53.413036 inf inf inf inf 48.903043
inf 53.557172 54.418617 inf inf 32.644933 inf 94.229025 78.151091 inf inf inf inf 72.093841 inf inf 64.245904 inf inf 13.043040 inf 45.836925 inf 49.095475 14.204285 88.784757 42.021957 inf inf inf inf inf inf 12.341834 inf inf 34.537937 inf inf inf inf inf 33.290462 91.349522 16.999001 inf 9.863464 61.012608 1.795546 inf inf inf inf inf 73.956791 9.540008 80.647132 inf inf 88.061058
63.117180 inf inf 33.317336 23.875566 70.753714 79.168231 inf 99.806382 43.927417 83.048621 inf inf inf 43.402318 87.925781 inf 18.885641 92.565309 inf 46.622197 20.925396 72.552320 inf inf inf inf inf 92.149984 95.205938 inf 89.593703 35.171860 inf 74.990357 inf 10.295484 inf inf 84.374508 88.299536 17.526511 inf inf inf inf inf 50.220984 inf inf 73.900123 59.765933 inf 69.628405 86.248587 inf 66.879555 51.620423 inf 4.909681
25.429787 50.523575 inf 12.717213 inf 35.601378 39.106124 inf inf 12.218772 91.244314 70.875702 32.642972 49.932668 62.069080 inf 10.114593 inf inf 14.055982 47.856845 inf 53.120329 40.438431 69.681903 inf 99.572770 inf 32.659501 inf 36.316365 inf inf inf 50.196710 inf 82.315141 inf inf inf inf 64.367608 84.547834 inf 81.321188 39.983362 inf 96.250839 17.283647 inf 38.315443 10.436690 94.542989 38.162819 inf 47.701758 21.586364 77.009468 inf inf
inf inf inf 65.852092 95.749229 inf 51.413618 30.109945 91.150689 inf inf inf inf inf 19.283288 inf 58.139597 inf inf inf inf 60.887682 inf 84.851866 71.983803 inf 54.371978 inf inf inf inf 63.689229 23.065249 inf 94.640303 58.139787 inf inf inf 40.745500 inf inf 58.403221 60.212701 inf inf inf inf inf inf 43.498433 97.197863 74.858286 62.658873 inf 74.308891 54.465938 inf inf inf
86.862404 inf inf inf 50.956342 inf 95.849485 inf 24.825601 inf inf inf inf 33.879810 40.411458 33.116320 inf 72.037017 inf inf inf 24.396587 inf inf inf inf inf inf 47.457684 inf inf inf 63.593982 inf inf inf inf inf inf 89.281946 41.618514 inf inf inf 67.212539 inf inf 64.725000 inf 76.589872 inf 66.514592 88.099751 inf inf inf 76.994264 46.050471 inf 70.098462
inf inf inf inf inf 59.761628 80.050260 67.380581 77.370102 inf inf inf 43.893649 50.136698 inf inf 3.326483 21.002295 inf inf inf 13.323953 63.709305 inf 51.583033 inf inf 97.470324 56.257260 inf 96.531031 14.207504 inf 29.706297 40.265466 12.515857 36.673282 inf inf 18.786626 43.258914 96.917087 inf 47.618529 98.456147 inf 40.591782 inf 97.037441 inf 27.740833 inf inf inf inf inf 78.167347 83.162510 78.060468 68.221872
89.878598 inf inf inf inf inf 3.177156 inf inf inf 7.039331 17.251782 inf 38.299132 inf 60.071529 20.862932 inf 97.616351 44.191814 67.346890 inf 52.590596 50.519334 14.096625 inf inf 48.339567 inf inf inf 97.506356 inf inf 57.121694 48.908730 inf 99.027689 inf 40.911284 79.528453 inf 12.518935 69.503869 inf 84.882635 inf inf 62.501061 38.818838 61.143985 82.453797 inf 97.708896 inf 30.216010 inf inf 50.418779 84.037893
83.436573 87.159985 inf 93.935651 inf inf 11.626791 inf inf inf 81.176636 inf 93.219637 80.246898 inf inf 26.952808 28.894097 inf inf 38.667804 79.429077 inf 42.248880 inf 95.806097 97.648850 inf 82.954141 inf 10.795657 inf inf inf 45.291796 inf inf 90.212431 17.722713 50.065972 51.696533 inf 42.907084 89.277966 84.700834 77.105371 5.400738 inf inf 83.261049 73.363738 22.861937 63.001943 inf 60.825360 inf 86.356436 9.206925 inf 33.797767
45.260287 inf 24.076972 34.726424 62.845462 inf inf inf 95.242451 77.725998 15.890894 77.795033 76.782064 inf 76.683682 63.503608 inf 59.315159 81.176370 inf inf 60.478654 9.075744 inf inf inf inf 49.179431 inf inf inf inf 78.339167 inf inf 34.903319 inf inf 76.342416 81.942029 48.313318 67.105770 inf inf inf 66.621386 inf 22.610244 68.217671 inf 73.053994 39.675864 9.328460 28.754710 45.655085 34.191078 inf 4.937008 inf 5.424497
inf 35.311164 inf 96.461265 inf inf 35.782104 inf inf inf inf 93.788919 93.265150 49.891876 inf 82.060885 inf 34.664135 21.350301 inf 31.942903 44.771981 inf inf inf inf 23.980027 61.667468 inf 48.094952 22.151035 inf inf inf 95.196977 58.736339 5.404229 inf inf inf 72.046061 16.251843 58.023171 35.410242 inf inf 33.994358 inf 19.447939 11.172346 inf 29.163628 inf 53.340699 inf 9.275757 92.682218 inf inf inf
inf 72.688423 inf 42.232880 65.977974 79.635290 51.409655 inf inf 44.994214 inf inf 6.779061 inf 62.541271 29.637406 inf inf inf inf inf inf 6.588040 inf inf inf 48.028993 inf inf inf inf inf 33.291709 48.428244 inf inf inf 80.873437 inf inf inf inf inf inf inf inf 95.608626 inf inf 50.119037 inf 48.390076 89.947339 inf inf inf 80.990332 50.951555 inf inf
10.124943 94.491197 49.020423 20.491560 inf inf 95.460903 inf 51.041726 inf 87.661345 inf 10.906965 inf 98.077922 86.134787 inf 85.601560 78.875858 inf inf inf 46.508218 inf 77.253187 56.343958 inf 60.487251 inf inf inf inf inf 53.291618 inf inf 78.819067 inf inf inf inf 25.076429 inf inf 49.231501 inf 85.398054 inf inf inf inf inf 75.326771 inf inf 37.028661 inf inf 41.227362 inf
inf 89.346946 44.609733 86.210824 inf 82.716438 inf 14.393292 11.887164 45.278202 44.023656 99.849160 inf 53.937615 inf inf inf inf inf inf 16.141936 69.801511 inf 73.388837 90.858433 inf 23.798123 inf inf 34.365267 5.495785 31.570261 55.913973 17.960479 inf inf inf 87.418156 inf 74.609527 48.637775 57.595997 29.369658 53.547384 inf inf inf 35.492705 inf 40.771033 30.905065 74.920088 44.493385 97.320671 inf inf inf inf 75.076641 99.943016
inf inf 91.021944 inf 19.100987 inf 28.104719 inf inf inf inf inf inf 17.769029 inf inf 30.619810 24.172879 inf 74.932076 28.225702 inf 35.800059 inf inf inf inf inf inf inf 30.373144 inf inf inf 41.011342 69.971662 34.549576 inf 59.751763 15.499086 inf inf inf 22.021536 inf inf 43.825217 41.383046 inf inf inf inf 34.211278 inf 75.473318 inf 34.985656 23.876091 inf inf
inf 30.248527 15.213601 5.504398 26.077421 inf 83.337449 82.800143 63.391900 inf 69.399370 inf 65.445843 63.721761 7.558162 inf 39.910513 inf inf inf inf inf inf inf 20.450816 inf inf 99.350353 inf inf inf inf inf 10.826566 26.751580 inf inf 5.706160 inf 21.676371 71.130533 17.152017 inf 42.546153 35.864754 66.532219 inf 31.118684 64.633244 inf inf inf 80.947837 inf inf 1.671134 98.213601 64.169926 70.002427 inf
42.239050 9.689180 inf 55.068353 68.392416 54.791061 7.630660 21.290969 42.577206 79.887370 inf 81.552514 inf inf 85.693370 inf inf 52.553362 inf inf 57.332196 inf 36.339456 inf 81.301131 inf inf 65.084482 20.129874 inf inf 63.172114 inf inf 18.389561 inf inf 74.570351 inf 49.876019 32.512547 39.324114 92.569106 inf 64.900079 10.693161 71.473904 22.872385 inf 92.145883 79.553780 72.658423 inf 8.605596 inf 28.627620 inf 26.207986 inf 1.414422
inf inf 76.612078 34.497489 inf inf 58.746366 inf 34.820595 93.282719 inf 48.671752 inf 33.979572 29.319383 inf 30.065154 inf 99.654711 inf 96.589642 5.559971 inf inf inf inf inf 40.956695 inf inf 29.840881 inf inf 60.329521 61.912032 inf inf 98.930255 6.002321 inf inf inf 56.654459 51.236822 inf inf 72.812049 inf 79.182122 inf inf inf 62.822575 25.801743 inf 79.476468 inf inf 24.764192 inf
inf 78.676501 14.105478 inf 63.214363 17.414407 51.815543 inf 63.542904 inf 45.803315 inf 32.254924 inf 52.531619 inf 69.473054 inf 29.259412 58.514598 inf inf inf 77.234337 inf 29.152969 inf 6.646074 inf inf inf inf inf inf 75.746957 24.969217 71.094170 28.854856 inf 44.378814 98.927450 inf 82.066962 4.105994 6.705285 82.564696 inf inf inf 22.118773 inf 83.068887 inf 27.453220 42.867213 inf 7.549191 70.776061 inf inf
inf inf inf inf 30.336790 inf 19.284753 inf inf 80.757008 inf 48.511558 32.442792 71.652251 7.910352 80.201722 inf inf inf inf 52.894227 inf inf inf inf 82.753523 76.919937 70.104378 inf 24.577937 inf 1.783923 inf inf inf inf inf inf 99.863510 72.236886 inf 47.578164 12.483703 48.008728 inf 3.536187 44.131356 inf 48.316328 35.090222 94.920174 inf 77.105312 inf 53.293725 77.855884 72.557845 inf inf inf
inf inf 69.676551 inf inf 27.729826 inf 50.307600 11.928080 58.032291 inf 3.959998 95.765213 7.126496 inf inf 58.891650 73.435783 74.373911 inf 46.377627 37.047929 48.335971 inf 85.820577 inf inf inf 19.162098 54.132116 77.863122 53.108935 64.169427 inf inf inf 21.139304 inf 75.722221 93.712170 5.394014 inf inf inf 67.669036 inf 95.054283 inf inf 78.400235 inf 19.531756 73.802987 inf 23.312029 inf inf inf inf inf
inf 91.405291 41.412301 11.679714 8.439400 87.467020 14.444055 19.077795 55.153290 30.651649 28.548897 38.478438 inf 93.096581 inf inf inf inf 54.810770 inf 93.148682 23.794633 inf 64.508081 51.658300 inf inf inf 7.003828 inf inf inf 40.702390 inf inf inf 52.721180 74.398865 65.143266 55.907423 inf 35.059306 inf inf inf 61.799171 28.783178 inf 41.881200 inf 30.887174 12.582120 inf inf 99.940735 82.056471 inf 74.980326 27.745525 inf
inf 24.552952 48.562202 inf inf inf inf 18.682045 66.480581 inf inf inf 94.552311 5.503768 29.958237 37.210446 62.672734 97.497716 inf inf 53.417367 inf inf inf 26.289849 inf 19.097064 inf 3.494098 inf inf inf 22.884290 inf 37.709275 83.236886 inf inf inf 42.156028 inf 1.481369 inf 7.364338 inf inf 70.386239 85.352556 1.052782 inf 14.911642 83.824010 inf 4.488183 41.057183 inf inf 43.653960 inf inf
52.606248 inf 86.807686 inf 33.617372 16.194584 6.915920 60.242663 11.757234 52.621060 60.678417 53.008870 inf 73.623780 4.508784 inf inf inf inf inf inf 7.087637 6.920621 inf inf 37.689005 inf 63.671264 inf 66.883409 98.350630 14.569020 69.522667 inf inf 62.707275 inf inf inf 29.171480 inf 76.806580 inf 62.481383 49.966897 inf 80.105042 85.599346 inf inf 63.765569 61.102885 59.785737 inf 9.448560 inf inf 66.536711 16.517732 28.758164
inf inf inf 9.267245 inf 23.746823 80.667451 7.880666 76.643226 inf inf 22.317597 33.882017 12.627345 inf inf inf inf inf inf inf inf 46.822704 82.614037 inf inf inf inf 45.802475 inf inf 92.039905 inf 39.740335 2.309880 64.993846 inf inf inf 58.184412 65.143045 11.758516 42.895634 inf 39.096408 inf inf 28.228624 inf 56.965700 inf 54.216680 inf inf 64.705842 inf 73.263088 inf 79.069119 42.085800
inf 88.094862 84.618416 inf inf 33.733877 76.632262 inf inf inf 7.867686 65.215611 inf inf inf inf 95.004385 inf 37.210379 20.723905 60.321813 36.237079 70.232309 26.681973 inf inf inf 95.009687 60.705249 58.391317 57.174491 inf 72.917254 43.681351 29.665678 30.307380 72.683103 26.276388 33.716259 inf inf inf 99.128725 inf 44.929365 43.705921 23.550646 27.466617 40.783712 98.809370 inf inf inf 93.830616 11.374029 inf inf 35.446173 inf inf
inf 42.615100 25.100210 46.474716 74.861502 inf 62.072464 88.711182 inf inf 67.651446 inf 50.803207 44.449756 inf inf 2.363038 inf inf 19.341767 59.659025 82.506554 28.693271 90.919737 91.802698 inf inf 51.405832 inf 34.664963 15.942734 inf 74.642241 inf 7.452305 inf inf inf 74.592690 inf inf inf 62.439611 74.793428 inf inf 25.903287 inf 99.210113 13.535050 inf 22.144410 32.198887 82.004395 19.590043 90.064409 52.999989 83.882590 inf 64.750065
5.238957 inf 98.347516 inf inf inf inf inf 70.903137 6.747541 74.035860 9.455653 inf 76.854697 89.165146 inf 65.390700 93.495996 inf inf 51.964313 inf inf 34.859364 98.190088 inf 4.173211 82.464065 inf 52.671799 89.936044 inf inf 45.087025 inf 29.938439 88.305384 60.067091 27.333890 inf inf inf inf 41.862797 inf inf inf 52.596832 inf 59.932697 inf 7.239146 inf 79.811916 33.038208 inf inf inf 79.859982 inf
99.298428 inf inf 80.881756 92.985095 inf inf 85.976220 inf 17.807510 inf 34.197318 86.060421 55.489007 inf 30.268800 inf 73.711316 61.532702 inf inf 94.730402 94.079403 inf 62.901678 inf inf 18.384439 inf inf 73.271796 12.904848 81.839138 87.892072 inf inf inf inf 28.074318 28.108108 67.565459 inf inf 77.339595 inf inf 96.103324 33.156559 75.009318 inf inf 94.000448 77.684246 5.112465 54.898144 16.006542 inf inf inf inf
inf inf 50.000902 inf 42.915174 inf inf 10.391582 inf 65.325197 inf inf 46.471139 87.500456 inf 55.397171 inf inf 36.418730 inf 12.282060 35.188823 24.427347 inf 33.621946 inf inf 48.164277 14.612674 9.824026 inf 50.778551 65.964892 14.178502 inf inf 10.094204 42.077856 inf inf 45.554242 22.567317 70.218359 inf 74.224254 50.097789 inf inf inf inf inf 81.349600 41.595111 82.336928 57.810265 inf 1.047071 inf 20.208955 inf
52.178540 74.423671 inf inf inf inf 44.207224 inf inf inf inf 4.173642 89.040452 68.720814 inf 76.546339 inf 52.602264 inf 91.533032 11.835365 inf 15.082098 inf inf inf 13.929504 inf inf 79.965929 31.477930 inf 80.977136 inf 88.821345 inf inf 11.294625 1.578002 29.606310 inf inf inf 82.372111 inf 89.402287 52.239033 inf inf inf inf inf inf 71.754568 inf inf 79.802616 91.006121 inf 73.787846
86.596119 37.165086 71.823478 94.076057 47.466496 38.326727 18.291205 inf inf inf inf 57.175190 inf 79.239533 19.225349 inf inf 81.035089 inf inf inf 91.222025 90.048445 40.938499 inf inf inf inf inf 90.569495 99.897241 inf 54.011853 45.985832 inf 69.402569 inf inf inf 15.566510 inf inf inf 42.850878 36.658929 inf 23.989363 82.492225 inf inf inf inf 12.823810 inf 12.810229 86.612081 inf 62.145552 inf 3.385208
53.912104 44.133383 inf 58.280793 18.887617 94.878538 inf 34.479152 37.853796 inf 17.941482 9.579848 35.255123 29.889823 inf 65.630411 inf inf inf inf 46.027363 inf 31.612901 inf 55.346244 1.233301 76.527364 inf 87.999193 inf 66.134627 6.585679 inf 71.298146 60.612806 11.098350 96.339480 98.332328 inf 48.756444 96.239841 inf 26.191479 inf 7.380866 27.651046 inf inf inf 28.066481 53.852409 67.522823 52.603253 inf inf 74.256291 96.701306 50.731723 56.551304 inf
27.978525 inf 69.466349 75.176591 inf inf inf inf inf inf 31.765636 inf 4.939459 inf inf 60.870470 28.054609 54.731888 inf 92.674480 inf inf inf 47.689806 inf inf inf 34.095134 51.413451 24.982017 25.309390 inf inf inf inf inf 63.502216 70.132704 46.667695 42.119726 inf 8.008317 2.976525 inf inf 67.074308 inf inf 39.252078 87.524010 47.811290 10.794956 79.249948 42.679951 92.086970 77.272542 inf inf inf inf
12.625024 95.958373 inf 14.066732 68.092202 inf inf 23.517811 inf inf inf 43.562068 inf 62.449783 inf 99.928778 inf 10.642623 inf inf 41.242569 52.553622 inf 22.306611 52.802073 inf inf inf inf 37.380295 inf 40.197098 inf 59.055826 inf 84.477340 27.090110 inf inf 17.719479 37.211086 inf 5.239892 inf inf inf inf 49.089041 inf inf 87.346554 60.153429 34.214785 inf inf 41.733637 inf 56.635964 inf 25.326293
73.650608 inf inf 26.293830 33.404334 97.478155 inf 36.787029 12.862451 inf 49.917341 99.740491 91.245189 96.058920 inf inf inf inf inf 25.571747 inf 72.738878 57.105827 inf 53.455773 3.958268 inf 88.051287 inf inf 74.022528 inf 67.442095 56.577766 25.995566 inf inf inf 48.494715 40.325297 91.139172 60.127555 inf inf inf inf 39.246377 60.466089 inf inf inf 66.328885 inf 84.664147 62.512923 inf 52.341877 8.531125 91.004944 inf
98.100164 48.897035 26.277651 inf 47.745722 inf 13.576878 inf inf inf 12.955828 inf 40.306141 2.515231 inf inf 55.907317 14.145321 52.773601 inf 92.579936 18.699622 35.044333 96.832497 inf inf inf 12.028344 inf inf 36.379789 inf inf 50.934659 inf 91.653956 53.556303 24.225656 inf inf inf inf inf inf inf inf 93.814914 45.931949 12.232458 inf inf inf 10.342413 30.149753 85.602775 69.455059 42.513624 inf 27.746879 58.785687
inf 18.132052 8.004750 74.136744 inf inf inf 28.358813 93.600989 inf 30.496997 84.115570 inf inf 56.740693 inf 15.825712 55.251152 53.094297 41.184017 inf 1.189113 30.121535 90.598978 15.202783 51.001420 inf 85.982306 inf inf 11.846969 inf 31.720835 inf 64.459776 65.062289 9.917246 11.189217 50.916367 inf 26.149230 50.066706 80.128134 51.378286 inf inf 38.416435 56.898654 84.487665 87.000197 inf inf inf inf 1.300599 68.657113 inf inf inf inf
21.730058 5.818467 inf 66.529882 inf inf 66.464711 95.793056 inf inf inf inf 10.578901 inf 6.776398 inf inf 94.299109 81.617186 69.689267 inf inf 65.972721 89.083767 inf 58.469661 44.255357 79.979727 13.856195 44.913137 inf 29.186499 inf 20.229945 95.264929 inf inf 58.507048 inf inf 92.218061 inf 8.221585 25.709041 inf 96.945258 86.023740 41.427139 55.638728 inf 3.743743 inf inf inf inf inf 63.891382 83.011213 15.125819 57.746927
39.453282 97.112098 14.252718 30.572158 79.580418 21.476834 89.689998 inf inf inf 90.164340 46.966851 4.979113 inf inf inf 76.325876 52.633628 10.815823 inf inf 41.106339 inf 90.667829 96.017398 inf inf 53.584261 inf inf 21.839527 63.297341 3.464332 inf inf inf 47.274693 inf inf 9.696403 62.193376 93.647516 46.572356 14.117349 39.218209 inf inf 20.727024 inf 11.124309 48.978931 inf inf inf inf 32.400706 inf 88.697905 inf inf
36.309899 inf 85.736401 inf inf 74.347143 inf inf 91.229011 inf inf 84.924590 inf 81.185277 60.480676 80.673113 79.432356 inf inf inf inf inf 87.922535 93.324914 inf inf inf inf 10.672542 inf inf inf 91.184808 35.421297 21.927658 98.636699 13.039796 15.602132 37.947799 64.157311 35.281257 64.254824 41.218616 50.047691 inf 10.885066 inf 20.876693 inf 84.312901 79.858337 20.648826 inf inf inf inf 72.657523 inf 75.493970 inf
61.782139 81.982222 inf inf inf 12.440114 inf 98.284333 87.932699 inf 57.275597 inf 4.616695 inf inf 90.499826 inf 95.781846 5.472236 inf inf 89.989277 inf 40.983678 63.810509 inf 62.814389 inf inf 38.991887 11.010128 11.932320 inf 68.464528 inf 94.015930 inf inf inf inf 87.546122 inf 99.931327 inf inf 10.011729 33.128894 5.870091 95.358648 inf 99.895609 98.503680 inf 19.028997 inf inf 60.032061 inf 23.207049 55.988556
81.875336 64.934730 37.796794 54.566484 85.977663 37.893925 inf inf 27.169610 12.688590 inf 83.331235 55.250506 53.417851 inf 66.861354 87.445791 80.995388 38.701976 22.745851 48.671811 inf 1.196786 inf 64.432256 56.983407 inf inf 39.648120 11.305862 inf inf 28.085429 87.995220 inf inf inf inf 84.034125 inf 57.902345 inf inf 16.447943 62.812527 inf 34.696413 inf inf 17.956286 80.735006 inf 34.547291 inf 76.859012 52.928770 inf 89.010840 1.523491 74.938101
83.638492 65.099381 inf 76.215428 inf 93.765450 32.725482 inf inf inf inf 89.713900 52.899014 inf inf inf 96.005966 79.198707 inf 25.597143 60.945475 inf 93.519567 74.984949 inf 50.049338 inf inf 91.781803 90.644972 43.251609 inf 64.896059 inf inf 91.134292 76.767072 5.770020 inf 50.708400 70.903382 inf inf inf 94.174196 97.123841 40.770400 inf 26.800510 70.060744 inf inf 13.115953 24.981816 inf inf 42.240083 inf inf 36.707669
66.550779 inf 83.281844 inf inf 14.574596 inf 9.163856 66.333968 inf inf inf 36.632371 5.745862 inf inf inf inf inf inf 79.573858 63.833826 inf inf inf inf 37.917067 30.376736 inf 32.238614 inf 28.338130 inf inf inf 29.557207 inf 57.087993 23.878735 inf inf 87.415106 inf 2.612750 inf inf 3.887285 inf inf 66.477760 86.437650 inf 48.752712 inf 44.932749 92.333632 9.643700 inf inf inf
inf inf 49.292052 20.019196 inf inf 71.491588 73.934568 10.726135 25.846801 inf 94.662545 60.761364 38.466599 53.933766 69.550509 95.912782 inf inf 42.611719 38.064077 62.374445 84.190607 38.774110 inf inf inf 59.883708 inf inf 2.539870 inf inf inf inf inf inf 73.131021 23.162059 inf 32.230246 inf inf inf 25.308417 35.682902 inf inf 9.582658 inf 94.993786 inf 78.990911 inf inf 17.155735 17.412203 1.691364 inf inf
