inf 51.767531 18.305536 inf 41.422658 inf inf inf 8.029496 inf inf inf inf inf 5.319954 inf inf inf inf 52.903237 76.414133 95.567855 56.259398 inf 78.747152 77.377247 36.683396 1.722974 inf inf inf inf 17.746783 40.708383 38.257459 39.152812 inf inf 1.397365 inf 94.174881 33.861920 17.409056 inf inf inf inf inf 40.963430 71.414323 inf 62.715803 67.369318 66.215571 inf inf 7.943607 78.709199 inf 2.112235 3.393076 inf inf 31.354381 7.044191
56.200977 inf 36.821995 inf 84.795295 inf 31.547866 inf inf 9.424670 inf inf 48.489494 inf inf inf 85.181106 34.186755 36.645948 inf 60.415141 4.256999 inf inf 32.451443 77.534365 95.366005 4.905796 inf 29.804979 61.501863 65.566294 98.816931 inf inf 68.282661 inf inf 63.260421 11.018397 85.324012 52.549719 66.768663 61.716316 inf inf inf 5.575271 inf 2.873946 55.511193 84.186482 inf 26.410052 95.230463 3.434382 24.697245 28.938178 71.629005 inf inf 8.927289 65.079691 inf 98.894708
88.043511 72.655568 inf inf 1.747192 inf inf inf 94.286447 inf inf 91.607631 inf 91.490769 27.493593 49.129713 55.869013 3.876416 78.104340 6.497789 inf 98.229569 inf inf 20.581864 inf 20.379510 inf inf 80.624364 84.456945 7.191023 inf 62.368415 56.686991 58.772833 inf 37.736391 1.930410 22.179959 inf 8.771578 77.447522 81.526111 inf 60.402580 34.983795 inf 96.552258 85.470973 78.000627 90.493814 inf 99.108583 69.465715 92.542376 inf 32.876918 46.566457 97.350010 65.398339 inf 27.868826 20.566252 inf
inf inf inf inf inf 46.364222 inf 83.064801 inf 86.105095 54.180292 inf inf inf 5.336247 inf 98.565616 inf 11.931610 98.887837 inf 77.517716 86.582538 inf inf 5.016605 22.798413 inf inf 86.337696 inf inf inf 11.755054 inf 16.410044 inf inf inf inf inf inf 5.506498 62.065558 1.710706 72.645388 inf 51.654428 inf inf 86.233124 inf 52.248866 96.838105 inf inf 24.067358 inf inf inf 10.105666 51.267234 inf 92.415529 12.022261
29.948887 18.374801 47.312193 inf inf inf inf inf inf 65.457397 6.785488 90.782611 inf 62.624686 3.701701 88.416097 inf 61.008093 81.714504 inf inf 14.029738 39.820510 6.864464 32.767447 66.149551 48.307318 47.539804 inf 36.861739 inf inf inf 83.255216 inf 97.073809 54.994685 inf 71.894756 27.529892 inf 29.811994 inf inf inf 63.195772 4.348348 87.360041 inf 13.546066 inf 88.061090 81.324814 59.809721 13.500058 51.459046 inf 44.649460 inf inf 56.060600 97.030784 94.627577 50.573556 inf
inf inf inf 92.087218 inf inf inf 47.262716 inf 53.569459 inf 17.366517 inf inf inf inf inf inf inf 95.547109 55.718140 inf inf inf inf 94.377427 98.894487 40.820643 39.669861 inf 32.325552 inf inf inf inf 34.560691 inf inf inf 12.793243 43.033954 9.688791 15.957468 77.410727 55.272858 inf 14.294886 inf inf inf 75.701543 53.067920 13.898167 inf inf inf 95.071141 55.591035 46.431339 25.517391 92.037865 22.162794 66.676656 89.667634 44.956904
inf 57.525438 inf inf inf inf inf inf inf inf 36.484706 1.927779 inf 17.957379 6.166721 12.364856 63.335050 70.838236 inf inf inf inf inf 59.325334 31.884080 40.691330 22.189301 49.041522 74.055452 inf 58.598639 7.042254 20.976434 81.907219 inf 73.144660 inf 91.709157 inf inf 83.942748 28.997839 inf 42.386380 inf inf inf 27.568897 inf 69.446252 inf inf inf 23.228959 23.040404 95.867042 14.621836 inf 14.565625 inf 43.323674 32.260825 27.727225 inf 47.946888
inf inf inf 68.695244 inf 42.477915 inf inf 4.664426 inf 39.704255 inf inf inf inf 88.712205 86.150956 99.894555 inf 7.225874 73.953792 inf inf 55.369036 inf 63.163667 inf inf inf 62.406130 inf 10.972861 75.225365 inf inf 74.933869 inf 93.079248 55.596851 98.945733 inf 40.879873 inf inf 38.619254 75.262563 96.557654 80.419393 inf inf inf 19.849352 inf 77.607407 3.634985 30.376332 75.351475 inf inf 98.101910 inf 56.604037 90.160173 34.334516 78.531426
60.547516 inf 25.300234 inf inf inf inf 1.557367 inf 25.735442 14.077251 93.807859 18.280769 8.770731 11.070754 inf inf inf 73.935397 inf inf 36.464870 inf 35.710856 50.313349 inf inf 87.869987 28.503056 77.238820 inf 8.191969 80.264675 inf 92.214246 inf inf inf 19.533173 inf 66.914505 60.301851 inf 27.988374 inf inf inf inf 4.180126 inf 55.274299 inf inf 28.950936 14.323955 inf inf 7.654774 17.525522 inf inf 19.617149 72.192638 inf inf
inf 17.153637 inf 20.914022 74.200012 86.535868 inf inf 95.100236 inf inf 4.071089 inf 91.059298 inf 12.540869 inf inf 43.274791 inf 75.151964 inf 53.609894 2.356109 42.703148 22.795543 inf inf inf 56.045525 49.994649 inf inf 72.562731 8.333704 inf inf 11.177940 55.929071 82.879373 inf inf inf 72.994621 inf 85.333177 3.085183 31.785147 75.249817 52.646674 8.980866 2.730787 inf inf 65.728058 3.117924 inf inf 78.266905 1.608474 inf inf inf 97.432575 inf
inf inf inf 52.759371 57.392470 inf 17.358758 3.032437 8.080064 inf inf 41.152002 inf 8.434250 inf inf inf inf inf inf inf 60.711223 inf inf inf inf 40.081060 42.411246 70.380448 inf 58.807818 70.010689 inf 25.461913 57.646253 inf 51.210452 63.931288 81.987675 29.582804 2.503970 inf inf inf inf 69.809680 inf 62.174899 inf 50.281843 inf inf inf 32.544180 36.863284 86.315756 inf 59.428220 19.932445 25.899591 32.063388 inf 1.557596 40.147069 inf
inf inf 17.402388 inf 61.298891 28.813570 55.234077 inf 47.542595 74.673932 42.975812 inf 79.433547 inf inf 29.204120 inf 59.751756 88.115011 77.599528 inf 13.284420 inf 40.599122 inf inf 23.030617 78.727315 50.320954 75.030566 inf 85.696459 inf 93.766536 6.974403 inf 26.140983 inf inf inf 82.338540 inf inf inf 5.432957 inf inf 74.442723 inf inf 40.190812 33.577016 72.282219 33.189009 43.611411 13.857615 8.583110 70.397275 58.551863 95.355066 58.169039 inf 97.944562 inf inf
inf 10.128594 inf inf inf inf inf inf 22.340581 inf inf 48.208004 inf 88.144718 inf inf 9.054334 54.159393 75.655103 inf inf inf inf 15.962582 57.081594 66.190909 26.713600 inf inf 84.623494 45.774010 27.841675 inf inf inf 88.377499 inf inf inf 6.313173 44.863184 inf 63.806235 inf inf 38.093806 inf inf 56.476276 37.964603 inf inf 35.210386 inf inf 35.591099 44.373466 29.960480 inf 14.798088 4.625982 inf 66.771110 48.049932 43.940677
inf inf 29.618262 inf 50.560914 inf 65.330553 inf 91.112549 71.828144 47.977530 inf 40.439340 inf inf 98.925794 35.696618 36.462772 inf 55.061115 75.727187 4.974036 7.063427 inf 98.847204 2.941871 inf 27.952243 2.713678 28.080991 17.742202 1.739930 inf 97.097727 inf inf 95.914359 57.126848 74.526357 inf 26.314535 81.664977 inf inf inf 24.314857 inf inf inf 66.937054 18.370378 61.507293 inf 5.715898 inf 91.200795 64.800349 36.739139 61.152331 inf 85.856695 inf 51.172749 77.538999 inf
98.932619 inf 24.015312 37.537867 46.451470 inf 47.256223 inf 12.554233 inf inf inf inf inf inf 40.735607 29.262411 74.187996 9.329218 inf 89.406038 8.826844 97.507270 34.942908 53.831249 65.381895 40.883620 inf inf 67.827688 41.823017 50.308045 inf 87.797015 75.196188 60.212942 47.849062 inf 9.754675 inf inf inf inf 52.099602 54.004724 inf inf inf 45.834399 inf 14.402587 47.893076 99.807909 inf 63.832608 18.451492 inf 34.170212 72.721459 inf 94.809636 51.866626 74.553853 35.452053 inf
inf inf 23.358939 inf 42.016129 inf 13.359689 46.565071 inf 13.866937 inf 73.067559 inf 56.558751 74.141045 inf 31.551644 inf 38.825653 26.113274 54.273283 inf 56.471647 83.115921 inf inf inf inf 63.671585 25.403682 18.746036 inf inf 22.427282 inf 1.529358 82.477978 45.110756 inf inf inf 68.973167 inf inf inf 60.739751 3.037010 40.940681 77.125775 inf 21.687018 96.508467 40.180176 inf inf inf 73.091433 93.627425 12.748402 18.923385 inf inf inf 96.977453 inf
inf 33.331561 97.784771 37.676901 inf inf 4.283758 89.748997 inf inf inf inf 14.658678 6.500216 43.381439 68.730655 inf inf 91.641574 71.676401 inf inf 38.442716 51.453472 4.801560 72.413806 92.714543 33.257036 48.099608 inf 4.263484 14.394017 inf 77.162203 inf 49.549046 54.937475 inf 51.672547 39.477253 22.704541 54.373068 43.492093 28.920197 94.671684 inf inf 77.969276 65.533075 inf inf 56.028398 96.984402 inf 83.008912 84.945598 94.854342 inf 44.784330 inf inf 72.577560 58.078178 inf 59.642889
inf 67.226420 43.938447 inf 44.148012 inf 7.728799 30.784488 inf inf inf 63.231292 80.447803 62.181953 13.505225 inf inf inf inf inf inf inf inf inf inf inf 19.130934 inf inf 70.933503 6.889832 62.241550 82.053543 56.101084 inf inf inf 82.290005 inf 22.776363 inf 91.714919 22.206293 inf 50.486331 inf inf inf 56.867258 31.160204 inf 13.733797 54.192946 inf inf inf 93.951145 45.069206 inf 66.199604 32.673686 inf 20.564885 inf inf
inf 68.077425 26.622057 40.509502 89.857925 inf inf inf 19.235806 78.895792 inf 8.722788 71.726695 inf 58.310525 89.843243 42.436886 inf inf inf 96.426476 inf inf inf inf 93.689409 25.151040 77.823500 inf inf inf inf 53.088318 46.580475 99.389358 inf 81.428674 inf 57.081939 inf inf inf 82.061976 61.857985 40.616970 48.789173 44.916041 inf 29.849074 29.152758 71.931291 inf 88.137051 14.860976 inf inf 21.987547 17.686157 84.647825 inf inf inf 6.981954 28.404003 54.085211
85.637905 inf 84.637482 50.656528 inf 32.067808 inf 51.362899 inf inf inf 39.236635 inf 25.413115 inf 91.171910 2.092828 inf inf inf inf inf inf inf inf 79.499224 inf 29.246587 inf 50.905614 43.845646 inf 57.977246 99.807456 9.038100 91.041118 inf 68.187421 inf 69.021372 41.422651 inf 71.663963 72.833334 inf 48.469431 35.303955 28.434264 96.237677 inf inf inf inf 59.478676 inf 27.147113 inf inf inf 95.624136 inf 87.024982 1.420350 46.637121 inf
21.566608 50.761465 inf inf inf 61.047284 inf 60.105525 inf 29.442230 inf inf inf 15.138738 88.952038 60.696203 inf inf 56.521107 inf inf inf inf inf 57.412595 27.538394 58.519435 inf inf 53.149792 inf 99.714520 inf inf inf 79.244231 inf inf inf 46.061193 inf inf inf 66.239944 38.627423 94.895985 inf 51.685873 inf inf 75.454096 34.248707 95.585113 60.415827 63.709901 inf inf 75.241798 inf 49.206707 59.500813 inf 44.334992 23.246631 inf
32.236755 1.208585 33.115251 67.864845 43.168773 inf inf inf 54.902251 inf 45.414524 47.983496 inf 56.874703 47.271520 inf inf inf inf inf inf inf 23.102320 inf 46.418981 59.760237 98.580500 81.164577 99.737849 1.094354 inf 55.740419 inf 66.206002 inf inf inf inf inf 52.394440 40.798565 50.040332 72.987943 inf 60.117235 66.239291 5.672096 42.553245 inf 42.291867 26.187052 7.428412 inf 49.930980 inf inf inf inf 21.070411 3.442337 81.787501 73.182276 inf inf 89.445422
16.240934 inf inf 71.758512 38.544239 inf inf inf inf 48.019958 inf inf inf 23.016748 96.645500 71.861179 97.407550 inf inf inf inf 74.126205 inf inf 50.730636 inf inf inf 96.482295 57.436887 inf inf inf inf 30.414279 inf inf 38.900683 79.705289 63.233190 inf inf inf 11.718775 inf 7.120034 inf inf 52.969125 19.753913 inf 97.944455 inf inf inf inf 38.416689 48.369790 inf inf 95.557266 inf inf 41.178939 inf
inf inf inf inf 14.589046 inf 11.960091 8.815320 17.622121 10.468467 inf 91.946998 33.722044 inf 41.675412 45.140018 18.944480 inf inf inf inf inf inf inf 12.011740 34.442700 56.637854 23.973324 inf 73.635938 inf 29.746376 inf inf inf inf inf 95.799281 35.378898 inf 15.570859 inf 7.433191 57.048979 inf 59.755781 28.920986 inf 30.690337 inf inf 92.991424 inf inf 23.737124 inf 87.530700 3.936728 64.048694 60.557003 9.987301 69.015228 2.136828 30.423635 inf
45.154441 31.750863 51.443642 inf 60.963132 inf 77.173920 inf 77.166941 20.994020 inf inf 7.104307 21.162263 61.725123 inf 3.504891 inf inf inf 68.145318 52.083000 18.565643 25.581830 inf 68.500190 inf inf 93.141861 inf inf inf inf 43.411483 inf inf inf 44.553078 42.019001 inf 18.532438 inf 48.745375 99.514933 inf 90.187995 80.709957 inf inf inf inf inf inf inf inf inf inf 44.404549 inf 99.177540 inf 40.720853 13.019847 22.419410 24.969788
97.478114 65.587991 inf 10.584891 29.155984 24.947102 52.140620 20.175007 inf 82.526484 inf inf 36.539747 2.209040 40.324919 inf 18.659990 inf 99.475276 7.651035 77.826904 7.359364 inf 83.941172 57.864825 inf inf inf 17.310184 inf inf inf 73.240063 48.078846 58.426223 inf 75.946234 21.653735 inf inf inf 57.855046 inf inf 79.162348 58.255603 inf inf 87.647403 inf 86.624953 38.007736 19.114295 inf 12.983888 74.560039 7.249737 inf 92.849446 49.421568 inf inf 50.543774 inf inf
74.637140 30.272863 68.178081 64.037116 38.730454 60.302685 61.906169 inf inf inf 5.276321 35.809669 69.495175 inf 71.742179 inf 38.781146 35.728842 57.291036 inf 97.983005 11.834897 inf 55.698083 inf inf inf inf inf 19.436733 92.574517 28.339163 inf inf 51.172318 inf 12.213372 inf 87.451559 24.190547 74.863926 41.277236 inf 95.913261 inf inf 54.454325 inf inf 38.381334 inf 6.915800 33.802516 inf inf inf inf inf 34.651187 74.520777 inf 95.334976 48.652420 inf 57.697752
78.160139 17.885246 inf inf 77.536847 1.954027 67.222537 inf 56.091016 inf 39.823898 91.183560 inf 10.074504 inf inf 97.329142 inf 73.018103 2.878698 inf 9.441172 inf 74.859677 inf inf inf inf inf inf 95.048257 inf 89.251649 66.409941 4.668364 inf inf inf inf inf inf inf 54.208733 inf inf 78.896806 inf 67.429730 88.953079 inf 50.748606 inf 71.947921 inf 77.638899 inf 35.432347 inf inf 97.684129 35.452937 inf inf 15.610705 3.291369
inf inf inf inf inf 10.425217 85.417173 inf 6.881910 inf 46.937296 52.873601 inf 22.403344 inf 95.802217 66.912999 inf inf inf inf 96.061738 68.694281 inf 61.391268 4.489118 inf inf inf 34.137236 inf 49.903065 inf inf inf 81.014912 10.173020 34.921548 28.066655 inf 18.992449 6.869475 inf 52.253509 inf inf 23.403379 inf 52.441687 54.902468 57.782646 64.338521 80.631280 inf inf inf inf 52.115511 98.185811 89.825235 42.707720 inf 3.996636 12.571911 50.682653
inf 39.707727 28.067292 32.986598 16.840607 inf inf 91.454830 89.787428 87.602773 inf 88.151671 81.015254 27.841169 95.659861 99.531737 inf 10.620957 inf 87.028807 37.353495 14.668172 38.562271 54.355361 inf inf 42.131877 inf 54.810829 inf 21.390444 inf inf 12.008086 30.234042 inf inf 54.633140 90.931057 99.638831 inf inf inf 93.433680 12.121870 53.818341 inf 46.328424 47.710220 15.198089 16.651638 97.891795 57.431942 inf 38.943316 inf inf inf inf inf 96.381435 66.066502 61.250388 inf inf
inf 45.229266 37.755345 inf inf 12.821642 92.346662 inf inf 73.680279 39.551037 inf 59.526715 86.642969 20.518594 66.993178 83.987776 30.524082 inf 36.019918 inf inf inf inf inf inf 71.297135 4.800511 inf 56.222484 inf 9.699658 66.841967 81.659353 26.249018 inf inf 47.492474 inf inf 87.414791 53.562337 inf inf 68.204598 99.641680 inf inf 14.625760 inf inf inf 85.072294 inf inf inf 36.167310 inf 52.930069 15.548917 inf 47.116631 inf 57.039693 72.580510
inf 74.483804 60.236154 inf inf inf 20.884601 48.844003 16.196611 inf 63.002897 99.101409 92.561708 36.196670 79.733936 inf 44.275911 12.442783 inf inf 97.212435 60.309503 inf 45.023812 inf inf 92.727728 inf 13.718043 inf 3.589105 inf inf inf 46.171103 inf 77.986351 94.772356 inf 15.188223 inf inf inf 35.375759 inf 58.956241 98.855476 6.387335 inf 44.098975 inf 94.590556 inf 78.112659 inf inf 34.362148 15.908918 inf 51.547766 inf 2.969328 45.800077 52.786009 inf
56.840244 62.935969 inf inf inf inf 74.572416 44.173997 53.888755 inf inf inf inf inf inf inf inf 48.723452 71.349331 82.554752 inf inf inf inf inf 31.471627 inf 31.659954 inf inf 9.187498 inf inf 66.887155 78.687898 56.960003 inf 89.253682 56.807257 inf 16.899793 inf inf inf 33.717557 inf inf 28.849830 inf inf 57.498360 inf 79.589076 inf 67.180863 35.500692 98.623106 13.102586 61.366456 22.540083 65.653697 81.341288 83.270018 inf inf
86.232435 inf 90.174786 73.946013 25.863797 inf 51.344946 inf inf 66.755517 40.119093 23.433746 inf 21.685913 80.348857 2.062498 43.833431 10.180827 90.125762 5.773033 inf 80.341944 inf inf 6.319469 57.786503 inf 72.650976 inf 18.359043 39.456734 inf 82.293669 inf 69.944339 inf 68.242389 inf 33.369650 inf inf 26.326164 46.036578 57.187198 inf inf 87.896099 inf inf 27.939090 70.334775 31.237177 24.561320 27.926455 inf inf 9.382198 4.179161 inf inf inf 70.323187 inf inf inf
26.738943 inf 99.604480 inf inf inf inf inf 27.359549 32.972814 58.414395 82.900840 inf inf 64.412796 inf inf inf 99.593269 59.714218 inf inf 29.838747 inf inf 65.608062 29.481117 15.111920 inf 46.563575 79.558040 25.806522 97.327686 68.842573 inf inf 47.790242 inf 55.285870 inf 92.425371 7.878742 inf inf 66.162612 inf 20.060429 19.737402 inf 66.284572 inf inf 31.092721 79.354385 25.537796 10.908781 inf inf inf 96.145262 inf 19.652897 22.059537 inf 61.875367
64.725974 99.001032 12.884579 27.293378 53.051533 82.042393 63.119675 64.292596 inf inf inf inf 51.106673 inf 58.363929 77.172956 4.460376 inf inf 68.663888 55.958917 inf inf inf inf inf inf inf 84.997754 inf inf inf 99.767477 inf inf inf 71.192326 inf inf 20.899406 inf inf inf inf 12.465152 inf 69.600485 41.035254 inf inf 63.095640 16.461047 94.581354 inf inf inf 28.340206 27.823971 44.360933 38.088466 10.959233 inf inf inf 52.325692
inf inf inf inf 64.852033 inf inf inf inf inf 52.452172 48.684337 inf 25.635121 30.464223 88.532861 62.508618 inf 7.356371 inf inf inf inf inf inf 29.354890 80.428267 inf 58.404431 inf inf 37.818287 inf 32.221937 54.537570 61.859683 inf inf inf inf 37.221695 38.370194 inf 42.139602 inf inf 87.766793 inf 94.898351 inf inf 17.758055 73.863276 54.305687 inf 18.993370 18.583640 48.332660 48.193445 81.629398 inf inf 94.121585 30.419710 48.335755
inf inf 73.638793 inf inf inf 80.873753 98.359280 inf 60.159971 12.913095 inf inf 87.398843 inf 25.770342 inf 16.222362 inf 96.708802 inf inf 76.454425 9.434477 13.520650 23.757201 inf inf 34.413653 79.929163 28.819441 89.695520 4.726432 inf inf inf inf inf inf 85.970287 99.160799 16.203545 45.538469 86.255506 85.636035 19.102015 inf inf 23.885930 inf 81.954962 70.922203 inf 45.838047 7.615740 63.003091 inf 14.572160 inf inf 62.200936 inf 73.222370 68.711873 8.167073
25.268153 32.969920 30.324426 inf 58.718721 inf inf 76.419153 66.625796 53.857382 99.301579 inf inf 29.342850 38.167426 inf 23.842483 inf 95.910096 inf inf inf 75.743343 7.597556 21.941295 inf 18.166042 inf 20.728402 33.648181 inf inf 23.105729 45.145116 98.386571 inf inf inf inf 87.697953 inf inf inf 89.772509 37.145532 36.204250 46.927998 inf 53.457456 inf 31.496707 14.111053 81.607992 53.214549 inf inf inf 6.413799 86.212936 inf 70.220194 inf 5.357158 53.129312 inf
inf 14.692776 82.905331 inf 11.009261 87.436805 inf 3.474054 inf 8.401756 19.194752 inf 27.631019 inf inf inf 48.997249 78.700813 inf 49.313704 74.467639 74.323081 44.946104 inf inf inf 16.615579 inf inf 10.265823 inf 34.891059 inf inf inf 9.660374 inf 99.214422 81.394915 inf 74.114158 45.780650 71.061254 36.835126 14.070171 5.796058 1.332838 inf inf 66.349096 48.902352 inf inf inf 81.856119 81.941541 79.658272 88.506388 inf 20.352019 inf 1.409411 61.035979 inf 76.821250
5.503522 41.961829 inf inf inf 90.356363 76.217620 inf 58.934123 inf 8.502984 70.684152 90.561729 2.495254 inf inf 67.779668 inf inf 58.318927 inf 94.299664 inf 46.176987 21.849104 inf 30.385191 inf 81.922632 inf 98.738557 inf 15.735287 inf 28.444338 inf 86.253910 25.778426 inf 84.343586 inf 19.955642 inf inf 87.527878 62.577729 28.579768 inf 70.594845 inf 7.330603 inf inf 64.428532 12.351258 97.767278 inf inf 57.776587 58.518627 inf 3.639818 85.504197 94.791203 inf
90.021969 15.362986 69.549801 inf 96.823277 24.018078 33.493996 96.035607 90.844242 inf inf inf inf 31.203743 inf 15.439266 25.091119 8.806670 inf inf inf 9.598670 inf inf inf 43.160837 17.476585 inf 11.538184 inf 85.033794 inf inf 57.919105 6.595719 inf 95.365394 47.083400 inf 33.756681 45.911483 inf inf inf 13.108019 36.031581 inf 91.998298 inf 51.267039 inf 66.071155 inf inf 98.264534 inf 49.980499 69.807912 inf inf 84.762117 inf 70.354678 55.180568 94.654893
15.283566 47.798699 70.636901 22.015767 inf 10.294784 inf inf inf inf inf inf 60.035365 inf inf inf 73.344176 68.672488 53.533793 7.845714 inf 37.567960 inf 26.139317 47.312724 inf inf 74.084650 inf inf inf inf inf 75.631322 inf inf inf 17.398860 inf 54.114884 inf inf inf inf inf 15.485323 36.431968 inf inf 76.762780 inf 39.732360 69.714346 inf inf inf 97.206141 inf 41.810721 97.999876 96.079739 inf 95.269170 inf 11.421247
inf 27.588986 58.379087 78.560505 inf 62.738586 78.685918 inf 57.748744 20.893476 inf inf inf inf 72.829022 inf 83.041671 inf 57.073761 15.754342 4.682210 inf 99.319427 65.930524 81.507653 inf 77.526702 inf 16.730429 97.657608 inf 40.104402 inf 86.729196 inf inf 23.466665 6.710781 92.060867 30.725841 inf inf inf inf 45.692252 inf 18.405357 31.349227 74.197996 inf inf 11.324599 inf 57.920463 inf inf inf inf inf 55.413600 inf 74.139410 40.176765 inf inf
inf inf inf 79.206508 inf 85.126803 inf 91.275006 inf inf inf 11.520028 inf inf 80.665245 inf 47.594957 74.612231 48.296836 inf 84.034661 42.544635 inf inf inf 1.800626 inf inf inf 42.869119 18.183463 inf 87.613581 inf 50.932012 42.370170 inf 9.203097 47.458075 35.559166 24.823521 10.189779 inf 90.966034 inf 90.461177 inf inf 81.938797 inf 48.640995 72.151569 21.540372 84.478669 21.224456 inf 17.599245 87.316076 59.306514 46.053965 24.581906 63.243671 inf inf 40.817113
inf inf 35.336861 24.870578 28.628505 inf inf 52.341424 inf 10.643516 69.843876 inf 63.197224 30.175223 inf 10.746626 inf inf 29.510324 96.912220 77.257754 73.200921 64.904073 19.914118 76.309444 36.844118 inf 76.313621 inf 73.570374 90.480149 18.705612 inf inf inf inf inf 67.490212 39.285655 61.430196 5.537784 75.439362 18.399037 inf 3.535137 inf 69.212091 38.326278 inf 75.387523 79.369636 inf inf inf 76.018520 inf 41.393488 55.285347 28.886778 64.379541 inf 64.878382 inf 83.516276 inf
inf inf 81.337175 inf 41.945096 41.329822 inf 1.839967 inf 47.133917 inf inf inf inf inf 42.144990 inf inf 86.464459 77.906409 inf 88.451496 inf 43.206312 31.331893 inf 75.935720 inf 42.878289 inf inf 76.393573 inf 40.874299 64.275250 23.939138 98.608012 inf 56.849308 59.548718 30.417389 inf 6.672573 78.000867 inf 37.214364 inf 12.570917 18.197724 inf inf inf 4.805443 inf inf 14.385836 30.658233 inf 48.929973 inf 59.391988 66.877385 inf 63.613055 inf
inf 12.431524 inf 55.861027 81.702196 inf 89.525754 73.780031 inf 80.313432 56.102449 16.950974 inf inf inf 45.571776 91.760400 inf inf 57.489502 74.694059 33.623723 inf inf inf inf inf 13.957936 inf 38.726406 inf 69.382505 72.954760 inf 44.907139 61.443782 inf inf inf inf inf 86.855864 inf 67.727405 inf 96.192572 34.804301 inf 98.123785 45.458898 inf inf 45.866069 87.268145 19.998847 inf 91.593486 69.455349 inf inf 29.293811 inf 12.987852 18.724814 31.520041
60.370102 inf 85.676725 inf inf inf inf inf 57.410678 55.279036 inf inf 79.969047 inf 69.282062 47.925335 17.158803 93.225104 46.328727 31.154332 inf inf 66.532722 98.222194 inf 58.403337 inf 54.618068 60.659148 66.933266 60.910280 inf inf inf inf inf 99.093304 78.382052 34.571617 inf 92.387814 inf inf 11.198458 34.749873 inf 75.388467 74.654082 inf inf 57.517049 77.499451 53.035160 inf inf inf 9.358862 inf inf inf 41.551902 48.496317 7.244512 inf 64.895367
23.058730 57.964186 45.753473 inf 82.382979 inf 97.330116 inf inf 1.040332 68.684555 inf 8.883879 54.225364 inf inf inf 89.719609 62.929172 inf inf 31.378238 28.807460 inf inf inf 59.709414 inf 69.933790 43.852972 inf 98.488081 inf 6.126908 42.939965 inf inf inf inf 60.799972 inf 39.451553 78.569279 inf inf 31.057459 inf 1.274576 inf inf 19.424743 28.541245 42.073088 inf inf 32.266208 inf 8.833176 60.868562 inf 94.443566 inf inf 44.358562 inf
inf 77.806635 62.426484 39.681499 inf 40.676422 inf inf 23.464734 40.249618 inf 82.369825 inf 18.248268 24.714030 28.011156 inf inf 36.525782 inf 27.126910 73.039290 inf inf inf 5.743112 inf 20.957104 45.615006 56.011860 inf inf 49.493621 84.832901 inf 14.785965 inf 81.138288 38.084340 88.726926 37.964697 inf inf inf 92.009427 94.237605 inf inf 68.308266 49.847057 inf 75.166065 95.605833 63.275198 34.482712 33.916823 7.327912 inf inf 30.003047 98.011188 inf inf 25.117134 inf
57.239972 77.141708 70.376666 inf 16.362273 13.809600 inf 15.147303 inf 38.035052 inf 44.269896 inf 34.621140 61.455834 24.650586 28.578854 71.014893 inf inf 22.443861 52.662948 39.010110 21.177780 inf 20.635388 82.351283 inf 25.763919 66.910362 inf 88.482699 inf 14.413632 inf 39.013600 83.821007 10.495924 67.945890 inf inf 72.446331 26.670093 10.134961 60.543407 inf inf inf 28.477807 6.731689 36.881624 inf 32.115069 43.637090 82.819095 61.065824 inf inf inf 44.596699 41.365833 inf 14.252400 31.881336 90.146445
75.649178 inf inf 99.844860 91.362535 73.563967 inf inf inf inf inf 72.112402 1.145639 inf 7.553001 29.165857 39.508138 25.398525 48.613276 inf 95.153273 inf inf inf inf 41.508120 25.826825 99.083099 81.620097 3.060260 78.354125 inf 92.114026 66.035342 55.799387 86.975421 80.949744 inf 12.891063 inf inf inf 16.457414 inf 7.722383 inf 24.556142 28.710899 52.046154 97.674786 67.299358 86.277539 inf inf 92.012809 77.728339 inf inf 94.285424 29.802350 inf 91.629758 inf 88.877534 84.187376
42.704174 83.458744 11.830125 82.013667 62.386126 inf 7.847353 95.682867 19.343024 inf 84.089488 47.466590 inf 12.152174 inf inf inf inf 68.711834 43.260593 19.995399 91.386105 inf inf inf inf inf inf inf inf inf 74.190251 inf 23.115622 29.428517 inf 33.386742 46.402655 63.303202 inf 30.158029 inf inf 10.500855 11.275884 inf inf 53.698536 inf inf 86.383867 40.619968 inf inf inf 76.008752 inf inf 78.481500 73.196241 19.502779 inf inf 73.264603 63.921651
inf 84.637039 14.628338 inf 90.374891 inf 33.639812 83.328313 33.084056 64.726360 28.299209 74.346269 inf inf 88.530004 inf 52.293529 inf inf inf 39.511763 inf inf 11.481254 inf 18.795612 inf 83.655309 inf 89.083007 inf inf 79.664470 inf 53.328604 inf inf 64.091902 inf 92.890703 41.459764 9.513959 inf inf 87.186596 57.195504 inf 59.779243 inf inf 73.533683 95.260723 26.085415 inf inf inf 63.677127 inf 92.321352 inf inf 16.736237 9.733206 inf 64.621813
inf 98.810161 38.592409 inf 33.168263 inf 81.491527 15.161033 inf 56.911335 40.704207 52.178345 45.756869 46.355740 38.340924 inf 66.030227 inf inf 10.366301 inf inf inf inf inf 77.662339 inf inf inf inf inf inf 66.954231 inf 17.987935 inf 73.821201 3.205106 inf 8.087844 2.267901 inf inf inf inf inf 80.800538 inf inf 67.720952 25.656653 96.831818 31.736915 46.288108 inf inf inf inf inf 6.510203 inf 86.359584 inf inf 3.285789
47.716306 22.150585 inf 49.812807 inf 42.997298 19.331279 59.057190 inf inf inf 46.795705 89.262618 18.850358 inf 47.575366 89.755008 93.095380 25.573208 inf inf inf 11.471573 14.973724 inf 21.956077 inf 97.576141 inf inf 30.623573 7.481401 6.338482 98.517882 inf 87.876435 35.478632 inf inf 16.521011 inf 83.654670 14.754444 inf 40.131144 10.593810 24.745442 52.427353 63.845759 inf 53.641201 inf inf inf 69.327613 inf inf 70.517209 62.743307 48.178543 inf 92.297029 inf 10.530186 79.648702
81.961689 65.714105 69.948418 inf 34.385544 27.061858 inf inf 3.018672 inf 4.146165 98.178031 6.621342 92.223245 97.364291 55.682828 inf 86.452498 90.056826 inf 8.311821 inf 40.274642 65.622613 18.033403 inf inf inf 91.091951 inf inf 93.271130 9.286530 99.876805 inf 61.838916 25.484439 55.822844 87.515849 47.789825 inf 95.140794 inf inf 37.107169 39.321376 inf 97.504702 inf 22.578062 inf inf inf inf inf inf 53.560059 inf 50.264793 inf inf inf inf 88.139845 inf
inf 5.702346 44.149374 inf inf 93.529507 34.341327 inf 21.507629 70.358548 36.170187 56.540166 inf 2.737548 85.748879 39.297011 33.008378 inf 52.681163 inf inf 30.864632 inf 53.496637 inf 68.647049 35.642930 inf 31.132217 inf 22.704903 inf 15.154741 inf inf 88.587219 23.878594 inf 32.129670 inf 22.104833 inf 67.074762 inf 43.762325 16.095126 62.397600 inf inf 49.554475 inf inf 64.714713 94.117215 74.987427 inf 59.669796 23.355164 inf 4.213940 65.135343 53.856345 45.196679 20.855253 67.624437
2.068706 inf 24.030912 inf inf 15.961830 inf 56.216456 inf 39.569971 44.351723 42.050912 29.003163 inf inf 39.879520 inf 67.040019 inf 82.383554 89.976468 3.654706 inf 30.463027 31.094413 19.539653 83.824077 8.597764 84.101727 inf 47.286127 95.075571 5.507778 inf 53.085973 38.134036 26.072224 inf inf 14.974087 38.517694 inf 74.853384 77.064790 94.266875 50.660054 inf inf inf inf 83.970441 93.288835 70.923468 54.077837 inf 94.072378 96.904086 inf 74.175422 inf 50.871494 inf 45.338566 77.523863 10.161530
28.023768 inf 20.489838 55.943347 45.967597 27.344753 94.280834 inf inf inf 20.635913 51.359534 42.660103 30.495954 19.634346 inf inf 98.991625 inf inf 62.094090 90.820486 22.872864 91.371219 inf inf inf 12.833685 84.212573 81.868209 inf inf 29.666235 inf inf 43.675907 inf 67.702458 57.459540 inf inf 68.587427 16.282957 inf 55.488828 inf 89.414420 70.023982 5.570043 71.715902 7.315381 81.647819 inf 88.068459 inf inf inf inf 15.482218 14.419125 inf 18.558929 inf inf inf
inf 33.021768 inf 55.228131 45.732895 88.407220 39.711230 81.896952 70.644282 inf inf inf inf inf 52.069414 inf 71.062680 inf inf 25.615705 inf 13.964708 inf 28.073193 6.353660 inf 24.766128 inf inf 92.286576 57.013569 54.379410 81.943836 64.192472 49.394919 inf inf inf inf 47.097205 57.450798 inf inf 3.790412 36.662332 73.032075 33.635636 inf 57.338370 inf inf inf 53.216495 inf 16.126542 60.747900 80.513689 inf 48.925615 inf 6.618424 inf inf 33.699574 inf
inf 80.653494 93.786075 inf 57.335856 78.774544 88.752206 29.474658 65.260793 inf 5.003083 27.540832 11.413594 26.663226 64.683604 inf 56.076745 40.976275 16.338008 72.940881 80.654098 inf inf 43.150784 58.228048 22.443085 44.697073 inf 51.590547 18.868223 inf 62.982335 68.942642 inf 61.263713 inf 42.584714 36.292220 16.192228 54.472127 42.161073 43.251329 12.505616 61.792310 inf inf inf 96.127457 34.498820 inf inf 20.522158 inf inf 74.843419 inf inf inf 67.858380 84.884798 inf inf inf inf 76.573613
99.077241 inf 80.680263 32.325600 87.923453 97.066682 inf 6.746295 inf 46.122338 59.017200 inf 11.463485 87.448769 19.641604 95.752249 inf inf 1.873583 72.233743 48.723595 inf 42.810879 97.647762 68.976255 inf inf 74.484233 5.402547 inf 66.894190 28.846968 inf inf inf inf 92.326629 96.040566 81.325625 inf 97.745553 51.461611 inf inf inf 52.220497 96.541992 89.762207 inf 63.361830 37.389838 31.694309 98.563091 21.658640 inf inf 79.326363 97.844747 16.186442 68.326155 inf 70.778971 inf inf 3.972934
28.877137 72.870409 inf 82.766713 inf 99.201280 63.994561 45.818142 inf inf inf inf 13.742755 inf inf inf 92.702803 inf 39.018278 inf inf 80.805286 inf inf 24.099430 inf 13.062649 88.326105 37.745515 inf 80.861619 inf inf inf 9.172531 21.360142 40.823198 77.839010 inf 50.242568 inf 40.671210 39.318509 inf 31.253745 inf inf 19.286552 52.768225 inf inf 87.836872 58.138814 15.035711 87.470856 91.503762 13.644193 inf 39.204414 63.644124 inf inf 33.779992 25.653845 inf
