inf inf 27.929767 inf 49.107063 inf 62.948632 inf inf inf inf 41.089761 inf inf inf 9.040173 44.861068 inf 66.428894 84.713067 59.001907 inf 24.995690 inf 40.073374 inf inf 32.996328 49.152229 84.905870 inf inf 81.704679 inf 28.067506 inf inf 91.956157 inf 90.162270 16.102282 78.593647 49.323358 17.489902 inf 46.997988 inf inf inf 69.838548 inf inf 9.664865 97.978354 67.798769 56.076937 22.942913 inf 64.163843 inf inf 62.361431 92.733303 inf 82.397590 inf 72.091539 inf inf 18.033448
inf inf 33.144544 78.247325 71.216347 inf inf inf 81.169270 85.701034 inf inf inf inf inf 29.298005 inf 56.880306 13.045739 inf inf 37.280827 23.423319 inf 62.044254 14.311946 35.687127 inf inf inf inf 61.356741 78.223712 77.472774 31.264860 inf inf 25.735544 71.753026 inf 85.578049 inf 92.555495 78.977450 inf 3.089228 inf inf inf inf 4.337106 5.230834 inf 46.556025 54.531204 inf inf 32.774034 inf 32.889081 69.782095 11.041784 38.761383 inf 71.747025 48.705380 21.968174 inf inf inf
5.278007 24.622288 inf inf inf inf inf 98.770176 inf 32.818612 inf 30.800344 inf inf inf inf inf 82.215927 44.420475 96.696013 39.773488 66.349628 inf inf 83.814696 28.284299 84.290810 35.352099 38.994007 inf 43.640824 38.301815 inf inf 77.801097 56.102689 45.530290 8.831915 inf 56.906103 29.158413 inf inf 62.657107 83.844007 51.414303 inf inf inf inf inf 71.500244 inf 98.159068 inf inf inf 37.687729 65.459792 44.806309 46.433168 39.709580 inf inf 54.028804 inf 71.148216 inf inf inf
inf 77.275777 inf inf inf inf 85.494288 inf 10.598778 48.567092 inf inf inf 61.664413 64.831433 inf inf 60.294053 inf 92.400015 23.679757 20.311444 32.751140 inf 91.576447 inf 25.888129 88.680695 inf 79.725612 24.099586 8.562295 inf inf 66.042920 43.434984 65.327353 inf 41.048581 inf inf inf 95.832043 67.398881 40.974988 90.864595 inf 61.515047 45.799205 inf 25.994220 13.651078 inf inf 36.402242 inf inf inf inf 10.145067 inf 63.798719 51.246878 inf 55.096373 64.809164 42.956465 inf inf 27.446027
72.316496 10.216308 inf inf inf 29.218288 inf inf inf inf 78.276783 47.264043 63.959476 87.241763 inf 71.346728 43.643385 79.775971 78.777800 19.906218 inf inf 11.865200 inf inf 63.649011 14.857078 inf 62.320329 8.741096 78.436016 10.150393 84.350724 62.447629 inf inf 38.274557 inf 53.811772 28.301896 26.072635 inf 37.713848 80.787917 83.202269 62.770209 33.731561 7.542844 inf 60.440389 26.990310 90.106769 18.996454 inf 95.692643 81.088052 inf 44.413748 inf 39.856010 67.701793 95.217455 inf 95.289229 19.942717 16.836153 inf 25.441977 inf 53.443074
inf inf inf inf 10.054792 inf inf 9.476000 65.420859 12.031303 48.972893 25.271450 9.841962 inf 88.494446 inf inf 31.018901 10.872380 75.436242 inf 90.636811 62.436961 41.499119 30.882993 91.168401 12.896654 89.454435 inf inf 33.453969 24.470483 87.690513 6.677176 10.225983 inf 58.790864 inf 5.139689 81.809343 89.303974 14.855782 32.030413 inf inf inf inf inf 45.115330 inf 10.654309 inf 28.446445 inf inf 3.225720 71.316564 inf inf 15.990739 inf 77.559710 66.232627 76.469013 inf inf inf inf 66.733152 95.904462
87.873825 inf inf 69.982271 inf inf inf inf 39.702297 inf 76.874928 26.395008 78.405041 inf inf inf 55.234572 90.872247 inf 53.740352 27.519613 inf 36.322846 11.421866 inf 80.201870 inf inf inf 13.261948 inf inf inf inf 79.266762 64.799079 21.070014 inf inf 44.816357 inf 26.664424 inf inf 63.812085 71.565242 inf 60.774520 84.831555 81.987910 60.333958 inf 66.851429 67.838759 inf 91.656702 28.228953 68.369987 inf inf inf inf 34.112946 87.875525 42.227173 53.856338 50.061018 inf inf 41.655325
inf inf 68.693779 inf inf 29.401567 inf inf inf 26.535453 30.439233 99.260660 38.843730 inf inf inf 20.399213 inf inf 32.411127 78.007881 44.277438 inf 11.173165 inf 33.752587 inf 3.481798 inf 51.087737 inf 18.448872 56.306943 inf inf inf 97.213234 39.124756 38.714670 inf 16.997043 7.963722 inf 38.769861 88.283300 inf inf 38.996058 59.271649 inf inf inf inf 45.287006 63.287707 inf 10.570441 89.599158 8.042685 inf inf inf inf 46.099073 81.676219 inf 38.694674 inf 4.232853 inf
inf 98.136125 inf 48.857512 inf 16.188025 51.420259 inf inf 24.554059 12.682734 87.476650 91.334442 44.179035 25.520013 6.451590 83.132472 64.347297 32.241415 25.637481 61.874524 inf 93.145921 21.822232 13.924019 86.406457 38.362168 inf inf inf inf 50.591231 23.843938 inf inf 53.057938 22.323338 inf 54.766821 inf inf 29.406894 inf inf inf inf 95.338949 38.593412 inf 74.441183 17.012320 inf 51.163109 inf 40.057636 inf inf inf 28.807296 97.294628 inf 48.242957 6.617162 inf inf 47.202436 inf inf inf inf
inf 13.265745 84.685429 74.858724 inf 31.983941 inf 77.522023 62.111735 inf 42.372048 inf inf 81.806150 22.927758 45.179004 inf inf inf 86.851337 inf inf 46.130961 16.262403 inf 7.667192 inf 48.724701 36.181736 40.483548 19.525118 inf inf inf inf 62.083366 75.612075 9.917729 37.554931 inf inf 13.600452 inf inf 39.662098 2.273893 inf inf 64.358195 inf inf inf inf inf 36.079692 inf inf inf inf inf inf inf inf inf 82.488677 inf inf inf 93.879022 21.207794
inf inf inf inf 82.939470 21.710988 99.303460 99.091127 25.080240 39.560056 inf inf 66.019701 64.056252 inf 40.190656 inf 20.956184 33.993164 inf inf 91.905833 35.184766 inf inf 48.862072 56.681870 60.133440 inf inf inf 19.279863 inf inf 85.481136 inf inf 51.867661 2.932870 inf 24.311664 22.855935 1.662714 inf inf 90.351817 inf inf inf 13.920310 40.401590 92.111230 inf 73.068262 43.589381 6.576845 45.147686 14.666472 inf 4.812237 15.487433 inf 12.088933 30.832964 88.244681 86.943323 inf 66.376562 inf inf
95.638108 inf 49.066527 inf 87.998529 71.889929 43.569379 24.070352 33.500958 inf inf inf inf inf 39.885795 inf 27.317846 inf inf inf 77.804490 inf 42.803012 16.112792 inf inf inf inf inf 21.677292 26.182073 91.963100 19.562058 9.132687 inf 54.973836 85.244036 28.294338 91.780760 inf inf 47.420993 69.377288 inf 38.590740 53.588005 inf 50.038363 9.051079 inf 35.586834 90.352876 inf inf 13.641308 14.423387 inf inf 90.770394 inf 75.617711 inf 39.958099 49.436002 inf 85.206262 35.068795 inf 3.516860 inf
inf inf inf inf 95.598338 52.290422 14.478213 38.395364 53.293381 inf 9.478002 inf inf 11.546505 17.771179 inf inf inf 54.592497 97.494019 39.565588 93.841439 95.881909 inf 3.907813 inf 28.902454 82.641168 inf 47.316062 35.682034 18.423765 9.919614 36.869385 inf 42.266287 inf 45.114106 22.350888 91.013918 87.006259 inf 97.174330 inf 80.935364 53.512985 inf inf inf inf 19.826676 inf 6.990656 74.559038 inf 9.987023 73.226382 inf 83.721662 29.381712 14.913398 54.156401 60.792796 inf inf 12.005795 10.267774 54.919254 75.033136 inf
inf inf inf 96.660936 11.992626 inf inf inf 9.045228 97.210172 88.045954 inf 8.462635 inf inf 51.918061 37.069451 inf 51.896720 inf 55.325801 inf inf inf inf inf 31.069640 24.893986 78.168667 inf 28.951501 inf 88.491353 95.963228 inf 22.705582 12.945955 66.259968 10.660569 12.952711 70.431166 50.671423 inf 99.411284 inf 53.140841 45.994707 inf 94.680681 inf inf 34.809504 9.998905 77.774836 41.473130 52.535407 inf inf 3.192545 77.277753 59.152469 inf inf 98.596573 7.844139 47.233220 inf inf inf 7.668209
inf inf inf 51.367524 inf 86.188139 inf inf 29.579629 60.652532 inf 64.641516 10.839163 inf inf inf inf 18.937945 inf 27.916264 inf 49.976470 63.108286 inf inf inf 91.634849 46.768315 28.403423 55.930440 inf inf inf 74.237512 33.928649 inf inf inf 85.964710 27.960811 3.203989 inf 20.290596 90.950403 inf 61.703312 inf inf 89.870401 36.783073 33.881593 inf inf inf inf inf 99.262908 23.645233 13.424637 60.284700 66.044599 86.456073 inf 55.172792 45.860206 66.491711 inf 1.644343 66.406776 27.741853
38.424902 25.944229 inf inf 33.137327 inf inf inf 29.288838 27.033089 45.311863 inf inf 97.292574 inf inf 4.452136 82.911302 inf inf 23.515346 53.960149 15.986229 inf inf inf 68.036470 inf 87.535406 inf inf inf inf inf inf 49.217493 68.071016 inf inf 20.349548 70.378116 inf 64.135807 inf inf 65.522127 inf 66.554275 73.074178 inf inf 9.138593 53.915697 18.230352 87.164374 13.742562 71.431696 68.759796 inf 17.793612 51.884878 36.800970 inf inf 18.829151 inf inf 90.198306 67.618484 inf
76.576319 inf inf inf 29.140826 inf 54.315110 78.872627 80.265411 inf inf 81.264557 inf 89.538969 inf 22.656031 inf 56.755082 inf inf inf 83.867307 inf inf 9.785552 17.282777 80.193675 80.217085 72.924119 57.691222 61.163903 54.659211 69.826654 inf 33.525336 9.464343 inf 71.573762 inf 89.023234 inf 91.611022 55.136123 40.859645 inf inf inf inf inf 21.968791 17.644253 36.190909 60.351351 42.559742 inf 12.139532 inf inf 71.325695 inf 89.404029 inf inf inf inf 98.383341 inf inf inf inf
inf 10.306675 12.796126 73.963785 81.892945 78.408567 74.067045 inf 76.898783 inf 21.009931 inf inf inf 97.296757 70.450306 15.570074 inf 55.372444 99.319451 5.480711 inf inf inf 71.631243 inf 91.786101 inf 96.557546 inf inf 82.957930 14.753558 71.471273 61.376845 30.697200 inf 96.441064 inf 32.284322 42.398069 93.789296 11.290746 16.767795 inf 82.386965 7.784226 37.693696 61.810711 inf inf 19.396913 11.330562 52.078654 72.356019 72.821939 inf inf inf 63.270954 81.382458 inf 90.864289 inf inf inf 53.420245 inf 8.610958 inf
26.320397 7.093948 80.201408 inf 30.369152 46.878637 inf inf 78.187474 inf 84.819194 inf 51.868002 89.786198 inf inf inf 28.559128 inf inf 20.849557 4.149080 47.922830 44.629452 24.177939 89.422536 15.413372 23.394233 34.046300 inf inf 10.268393 11.639002 inf 26.216884 40.745656 85.708148 30.019913 13.821667 89.685582 60.158168 4.356165 49.960700 inf 55.281951 inf inf 76.180657 inf inf 4.883432 inf 6.788754 26.754888 18.895526 inf inf inf 1.483677 74.648408 76.542786 inf inf 24.502103 inf inf 48.946996 65.446576 53.705112 11.121168
17.080798 inf 55.555745 76.564907 88.270272 2.887195 83.581907 8.453151 13.657163 79.263471 inf inf 58.128409 inf 57.735679 inf inf 77.709317 inf inf inf 20.957201 41.391264 inf 37.207789 inf 93.984960 13.327478 35.557598 inf 53.892140 inf 22.544302 inf 19.324243 29.370179 7.660380 71.633988 inf inf inf 13.785139 76.205612 28.471332 inf 83.262671 inf inf 71.808023 inf inf inf 99.796681 inf 96.895444 inf 17.103609 39.923267 66.073118 87.653425 inf 20.093551 inf 86.980040 inf inf inf 85.716897 74.192387 25.984950
10.265740 inf 21.071265 70.450244 inf inf 14.173695 6.021626 32.828183 inf inf 83.832358 29.906253 31.554731 inf 70.716977 inf 97.211290 73.065321 inf inf 77.056886 inf inf inf inf inf inf inf inf inf 9.808396 70.589293 98.928042 20.437691 38.304813 45.338945 inf inf 1.050676 35.044375 inf inf 29.926647 inf 65.922384 83.217001 inf inf 90.540916 68.454768 inf 74.935752 inf 31.307897 inf 57.063757 64.927216 25.117708 71.647206 88.447932 inf inf 53.134047 inf 21.330678 86.620340 43.790467 inf 28.682628
inf 90.723516 75.091349 61.487314 inf 72.456411 inf 27.004780 inf inf 2.898130 inf 26.471475 inf 2.780038 13.642317 28.161573 inf 75.291367 79.519450 2.051542 inf inf 77.936259 49.557610 inf 43.107196 53.033069 77.663154 70.991062 inf 47.669766 inf inf 26.904422 7.857798 22.610563 inf inf 88.435191 inf inf 2.083924 inf 65.694102 54.145851 inf inf inf 52.890505 inf inf 56.939332 29.652291 inf inf 37.397106 75.139291 inf 3.811884 inf inf 94.124926 inf inf 8.383500 71.039719 94.522915 inf 79.937769
15.250311 76.053200 inf 31.108307 4.113232 20.109179 30.979778 inf 97.062400 8.316132 61.495154 91.878541 95.979418 inf 50.608785 80.102240 inf inf 13.474039 40.013992 inf inf inf inf inf 28.748943 inf 82.452567 35.630633 31.221504 inf inf 78.329770 56.522131 97.873528 inf 95.605892 inf 97.596519 48.635643 88.917051 inf 83.525939 inf inf inf inf inf inf 25.644871 inf 16.711637 12.155154 17.050255 14.162220 inf inf 69.615605 63.600056 33.545920 inf 94.124587 6.232878 76.985641 82.658972 inf inf 38.561872 inf 76.595523
inf inf inf inf inf 60.123922 5.808819 46.094524 85.979201 80.983711 inf 29.871706 inf inf inf inf inf inf 32.594650 inf inf 64.797769 inf inf inf 26.249875 66.276669 28.261420 42.189744 6.195236 62.546475 60.029020 inf 15.388989 inf 52.757893 inf inf inf 56.605062 7.465102 inf 30.746147 inf inf 21.040056 inf inf 85.548810 inf 14.811962 inf inf 73.961096 43.403047 inf 60.681397 inf 28.959161 inf 74.288183 inf inf inf 46.700464 98.887489 inf inf 41.032242 inf
92.690709 66.875403 54.681181 7.790765 inf 25.819844 inf inf 54.242018 inf inf inf 86.462619 inf inf inf 21.251601 94.949557 79.912953 72.704690 inf 53.241776 inf inf inf 88.730025 86.176143 30.745728 inf 3.721998 inf 10.510647 34.615309 46.443999 inf inf 86.141373 inf inf inf 26.982267 2.835542 inf 26.237216 75.258568 44.028234 30.048269 inf 99.950933 80.067436 inf inf 13.079128 inf 37.838110 4.297167 inf 89.315008 inf 78.246324 inf 62.503618 95.609040 18.854110 95.914065 34.536598 inf 45.086874 14.691265 92.009270
inf 91.696826 17.754469 inf 33.112280 85.094978 58.895651 86.494255 79.870840 34.712645 61.185180 inf inf inf inf inf 43.656736 inf 89.470762 inf inf inf 53.636906 22.112488 16.473373 inf 58.888991 inf 21.022341 7.783675 inf 75.067793 15.042461 76.503928 39.233272 inf inf 97.321835 inf 69.880023 82.178074 5.950222 96.454411 24.321860 73.613030 inf 99.307385 68.572067 5.367032 13.104379 75.800211 inf inf 37.354938 inf 78.724915 86.431779 56.494378 51.560791 56.377004 87.890955 71.589428 97.983700 inf inf 8.175698 inf 38.840259 inf 67.920283
inf 93.452200 35.216042 40.606437 70.961334 81.639210 inf inf 90.180562 inf 53.385310 inf 86.628108 49.996628 82.260274 9.037204 26.498509 26.955491 49.316089 6.270904 inf 17.865136 inf 85.879777 46.293116 49.740935 inf inf inf 96.033961 63.190119 inf inf 37.434649 7.003089 18.362785 inf 48.117908 inf inf inf inf inf inf inf inf inf inf inf 59.866783 inf 31.097608 12.402205 inf inf 76.260764 77.979850 25.276821 inf 66.361707 13.784219 82.261721 inf 5.714230 69.569312 inf 9.313627 inf inf 6.406737
43.051789 inf 38.505100 28.410187 inf 53.643808 inf 48.789131 inf 78.319349 33.306953 inf 46.767888 15.139164 47.657281 inf 31.830047 inf 21.192716 85.826391 inf 56.089879 83.748599 72.746896 23.388061 inf inf inf inf 33.006197 inf inf 67.793440 9.845883 16.308074 27.509304 inf 15.192683 inf 66.216742 inf 24.726344 inf inf 3.462776 5.269174 inf inf 23.464619 inf 5.314432 inf 89.214040 11.075942 63.472301 inf inf inf 18.479646 inf 53.744358 87.237220 50.371000 inf 77.779448 inf inf 51.756130 inf 12.340997
24.954789 inf 81.025431 inf 89.856365 inf inf inf inf 82.498119 inf inf inf 22.919430 84.987673 49.592531 87.032280 33.833109 34.414383 26.898920 inf 58.540031 20.723682 19.993531 inf 35.296939 inf inf inf inf inf inf inf 37.030149 41.362838 inf 92.170269 89.865589 9.817097 66.054518 inf 68.659502 inf inf 41.585691 3.007552 60.727521 inf 79.531237 inf 91.237335 inf 13.840947 inf inf inf inf inf inf 58.676921 inf 51.005657 inf inf 27.857199 77.352679 inf inf 50.052195 inf
86.632556 inf inf 89.118720 95.735028 inf 27.544074 35.894585 inf 48.317691 inf 14.717782 43.168484 inf 87.396612 inf 94.685412 inf inf inf inf 77.860681 58.523322 46.730877 8.201113 11.335612 48.862616 96.252289 inf inf inf inf 3.484768 inf 80.523203 96.358509 80.821143 inf inf inf 79.238368 39.474274 90.526111 93.404066 inf 82.357553 38.448471 20.045092 6.576777 86.796829 inf inf 31.823966 inf inf 61.498920 51.744946 87.917003 40.458497 inf inf 8.877419 30.065773 inf 53.010811 inf inf inf 97.979231 67.713298
inf inf 11.830592 35.943076 77.280370 47.535419 inf inf inf 25.297325 inf 76.665397 73.096969 62.589586 inf inf 49.382421 inf inf 27.732710 inf inf inf 14.171956 inf inf 63.781434 inf inf inf inf 50.529606 inf 85.040580 inf inf inf 70.388587 inf 65.330470 inf inf inf 89.764906 inf 61.830365 inf 6.621212 31.689075 inf inf 94.414093 99.507517 inf inf inf 82.716165 inf 98.824866 3.705218 inf inf inf 7.571059 42.474997 59.898454 72.857119 13.888058 inf 46.184580
inf 92.898160 1.914268 73.872748 69.319117 97.875804 inf 56.469154 54.837535 inf 22.274536 9.247159 6.908435 inf inf inf 46.860838 12.120975 48.205291 inf 54.545203 42.413701 inf 6.835626 96.450879 23.305246 inf inf inf inf 77.720164 inf 44.201761 26.612648 inf 38.819188 inf 36.537376 inf 23.740436 inf 8.720255 60.392013 inf inf inf 91.012024 inf inf inf 33.739248 49.701059 95.748804 inf 20.126554 74.942221 68.664011 inf 29.705703 59.951160 inf inf 38.269040 43.221439 59.268020 inf 43.806066 inf 55.226322 79.816027
96.607929 22.598687 inf inf 35.209118 13.965598 inf 72.506824 66.512454 inf inf 47.149661 95.099561 52.395318 inf inf 24.410090 76.264935 11.104713 98.663766 9.451281 inf 62.953458 inf 62.126013 74.723043 inf 75.125414 inf 57.044271 inf 67.224652 inf inf 96.726513 inf inf inf inf 69.873162 7.920758 inf inf inf 10.492669 45.046177 inf 51.802380 62.781181 inf 1.022021 80.621438 95.317559 90.154382 67.033083 13.250964 inf 31.075887 74.696286 53.714951 41.062180 98.361480 30.687061 6.682929 15.461047 39.361993 inf 60.178087 55.469298 69.687083
inf 71.631314 inf inf 62.442239 64.925921 inf inf inf inf inf 6.225024 11.762368 56.832422 8.772926 inf inf 64.825701 inf inf 72.977907 inf 82.987134 4.362842 41.143732 70.982968 14.421979 89.299181 7.227946 inf 98.142990 8.981036 inf inf inf 88.976221 inf 54.639236 inf 96.339141 inf inf inf 3.491918 45.193978 47.793585 inf inf inf 88.268008 inf 1.052324 inf inf inf 4.452997 inf inf 8.721365 60.185991 18.070917 inf 2.693180 99.844272 58.833050 inf inf inf inf 59.658624
99.775937 32.191231 54.964915 79.790920 inf 4.735707 48.691648 inf inf inf 64.593048 inf inf inf 93.952620 inf 78.725417 77.789425 74.055464 76.742514 58.000276 26.226390 89.153217 inf inf 60.608263 45.417964 86.141985 2.292747 8.327034 inf inf 8.596432 inf inf 6.717413 inf inf 50.280891 37.888022 inf 44.733300 57.921827 inf 6.191232 44.601531 7.503073 69.282527 67.637256 65.494063 91.075849 84.021425 82.474139 28.279631 inf inf 80.845609 25.217644 inf 86.544633 inf inf 49.160338 inf inf 54.857911 5.628724 inf inf 63.799570
inf inf 59.867010 52.967182 inf inf 80.488603 inf 90.543830 91.597074 inf 4.042267 26.945951 31.940135 inf 6.598778 60.368120 17.570281 74.315278 63.630947 32.143918 29.632141 inf 7.503385 inf inf 98.867500 1.276661 inf 65.189872 inf 74.997625 inf 32.899919 99.244870 inf inf inf 24.926420 inf 94.261929 88.179144 inf 66.156739 inf 85.844288 1.549498 55.605715 4.656473 51.537716 4.678229 46.260806 57.686896 inf 26.749331 38.667096 17.983078 96.513663 43.297465 21.196395 inf 74.530469 58.934356 59.321247 44.716147 inf 38.664310 25.899479 inf inf
inf inf 30.875703 3.859056 28.772345 89.055498 74.728925 74.263519 89.172430 89.267791 inf 1.853797 inf 14.820138 inf 71.295032 inf inf 58.769286 53.349209 77.789412 69.108662 33.407869 inf 47.816591 inf inf inf 69.394890 78.817722 inf inf inf inf inf inf inf inf inf 74.528335 89.575066 inf 89.486946 76.682294 inf inf 2.928136 79.795015 77.344565 inf inf 26.194033 8.055916 9.323298 24.048125 inf 53.128515 inf inf inf 74.001271 inf 15.780021 inf inf 21.341810 49.280575 15.556232 59.892027 10.716557
36.984195 4.039715 37.471798 inf inf inf inf 59.478290 inf 96.871583 1.357502 35.078133 77.071520 51.938750 inf inf 41.241608 33.510713 41.292827 36.371344 inf inf inf inf inf 28.410169 4.963390 58.690356 50.840058 inf 18.322485 72.566225 inf 73.856366 inf inf inf inf inf inf 25.458612 inf 75.828375 inf 98.048768 inf inf 93.244153 43.055582 84.237922 43.765144 65.389528 16.410450 57.451790 inf inf inf 20.360399 inf 86.164292 20.292025 47.644723 inf 90.165567 inf inf 24.313785 inf inf inf
inf 64.488934 inf 37.726411 91.306916 20.433925 inf 55.623245 11.867327 96.330167 40.798610 35.906538 21.282829 98.575885 77.938881 inf inf inf 40.221565 inf inf inf 35.513197 inf inf inf inf inf 71.787326 inf inf inf inf inf 38.792994 54.238764 inf inf inf 95.622972 inf 71.815126 inf 97.353403 inf 21.840008 24.995883 inf inf 70.992512 98.141461 94.259082 inf 45.297791 74.087359 inf 95.414599 inf 95.229899 12.221413 98.156989 1.056516 7.694271 35.729873 inf 82.089774 35.078752 2.910762 inf inf
7.604571 inf 89.487157 inf 59.977081 38.271350 38.649663 inf inf inf inf inf 75.509354 51.835714 84.201420 72.760708 24.769742 96.501639 88.365638 inf 6.864938 15.608306 92.263307 48.826977 inf 44.494215 inf 87.426549 73.159281 inf 48.076375 11.878614 98.906204 91.853827 61.605541 inf 49.998920 inf 16.215940 inf 81.643718 inf 56.143323 inf 34.679027 95.804871 inf 17.699398 inf 78.183624 64.162096 inf 26.961299 54.153017 inf 65.444178 90.267665 87.544968 27.376870 inf 17.412841 inf 3.737518 inf 28.619623 90.001322 96.889873 55.377446 inf 24.446208
89.610930 55.903133 30.732616 inf 11.172941 52.514997 inf 61.445106 inf inf 58.415986 inf 97.896988 83.442182 3.453936 83.386861 inf 66.966936 49.622708 inf 86.921919 inf 39.288721 93.698807 62.761934 77.511424 inf inf inf 56.097693 inf inf 44.413767 inf inf 39.007974 17.758524 36.434103 inf 17.922464 inf inf 90.101084 93.712399 73.609139 9.686504 inf 7.077900 30.091974 26.302494 inf inf inf 43.193693 inf 12.884679 inf inf 97.614079 inf 48.655037 59.108154 inf 88.504215 61.410270 64.708997 inf inf inf inf
93.423862 inf inf inf inf 80.217750 65.932837 79.038689 77.521872 19.896057 27.869567 32.239093 inf 50.964702 inf inf 44.689721 45.880840 86.714042 3.136805 inf inf inf inf 5.263370 25.808514 inf 3.061447 36.086829 78.347513 inf 75.110322 inf inf 58.016731 93.536561 inf inf 26.676292 inf inf inf 19.083591 inf inf 86.526087 inf inf inf 76.959749 32.853138 77.962718 24.936237 inf inf 25.091281 67.272954 inf 13.974551 94.526224 40.826368 70.371637 32.074845 inf 15.003327 15.672017 26.737022 inf 62.396599 53.323018
41.749963 86.970463 inf 54.675480 85.916471 39.007508 inf inf inf inf 30.332353 72.736217 28.676953 inf 34.134315 1.189572 89.742385 77.492063 69.412636 4.619634 inf 5.558229 65.288427 75.940129 inf 7.433584 inf inf inf 80.460127 inf 57.612724 inf inf 17.178443 inf 94.317465 83.768686 inf 4.842020 46.772582 96.572603 inf inf 50.957458 61.689992 38.742686 68.462346 80.237275 63.686058 inf 24.093311 inf 71.333889 21.194687 inf inf 70.425911 44.808952 91.209347 36.661908 inf inf 55.561889 95.104820 inf 58.312256 76.265627 37.487266 30.153302
55.007852 22.788943 90.061550 68.820786 94.221469 inf inf 7.750315 inf inf inf inf inf 66.748872 38.225278 inf 31.990012 22.922820 inf 51.520769 6.951048 inf inf inf 45.396920 49.809339 inf inf inf 79.507920 78.208201 inf inf 66.975874 inf 76.280076 23.554050 inf 37.306483 inf 69.621532 inf inf inf 21.131379 48.052777 inf inf 60.129226 inf inf 2.817390 8.790889 96.632310 89.133088 50.678252 87.705297 inf 46.452730 inf inf 30.383827 inf inf inf inf inf 84.354790 56.302674 37.437905
inf inf 70.550484 5.021095 65.777386 inf 91.033770 51.766351 inf 95.228470 inf 78.742043 8.847493 inf inf inf inf inf 58.056208 inf inf 48.183182 inf inf 33.404792 9.041795 inf 43.728303 69.347481 inf inf inf 82.163993 22.468980 85.069397 inf inf 45.151594 inf 10.409139 87.894064 inf 96.827244 60.543042 inf 51.762597 44.298446 8.029549 19.631733 inf 76.858050 inf 83.580908 inf 7.338363 57.560443 18.885687 inf inf inf 69.554587 inf inf 31.964028 inf 66.490291 31.533491 60.964009 9.969734 7.784216
19.458076 95.260510 89.964203 91.663747 40.580731 inf 38.810038 inf inf 86.472343 3.929922 40.338750 41.337505 53.361544 31.310989 29.392337 inf 95.258116 inf 91.918306 41.053188 53.240584 inf 58.096481 45.203493 inf inf 47.659808 14.112018 67.867386 21.998517 inf 81.243139 1.391245 43.374832 34.920004 inf inf 11.704223 27.296206 35.250732 73.804709 84.000836 6.213291 52.666360 inf 68.569071 96.440456 11.469034 inf 20.717367 37.793802 47.597697 30.165821 inf 39.500766 inf 16.012568 57.653176 64.301981 30.713615 74.475884 inf 73.897903 inf 97.603411 49.296731 inf inf inf
inf inf inf inf 53.720375 inf inf inf 36.565825 inf inf inf inf 33.315990 inf inf inf 93.497667 inf inf 45.496723 inf inf inf 95.469216 79.075396 inf inf 93.502451 38.665120 inf 58.884126 inf inf 41.495642 41.678808 54.055132 inf 62.990911 inf inf inf 57.764989 inf 63.083071 56.037980 inf inf inf 37.851500 86.326823 inf inf inf 4.998796 70.190286 36.647393 inf 27.122464 85.744200 43.504393 91.629121 inf inf 24.062824 81.615796 26.288232 31.650599 inf 28.541125
inf inf inf 59.550176 15.825205 inf 3.249944 62.120869 80.340873 inf inf 41.787551 inf inf inf 14.959846 inf 75.583908 77.819615 inf inf inf inf inf inf 83.457707 inf inf inf 36.117575 98.893175 inf 22.834062 inf 27.009619 44.624473 31.597563 49.381430 inf 5.877077 24.594360 inf 58.026828 inf 81.674076 15.291983 inf inf inf inf inf 24.231979 14.240397 21.321134 57.079669 inf inf 45.956641 inf inf 21.269198 94.906290 60.069641 inf 33.450882 21.630366 inf 29.657056 24.683313 inf
inf inf inf 24.966689 inf 1.798106 88.505723 60.941220 inf 87.464847 inf 10.009745 inf 91.761388 95.990632 31.395321 inf 49.971927 inf 65.666163 inf inf inf 40.097893 92.639533 89.704440 inf 88.381464 39.890436 15.512547 96.835345 inf 27.178073 inf 26.299655 51.660159 76.024523 85.809139 inf inf 11.696564 inf 12.674462 71.215572 72.168557 48.978205 inf inf inf 17.796151 inf inf 91.001671 11.781127 4.584886 inf 97.640555 83.152478 11.185466 inf inf inf 34.681298 inf 47.381319 74.754434 inf 8.925313 inf inf
32.547263 inf inf inf 94.003041 inf 41.419343 inf 63.895187 inf 8.025028 inf inf inf 8.974622 inf 64.571599 inf inf inf 76.498152 9.647771 34.699245 inf 20.624446 1.373302 12.992315 inf inf 93.771231 inf inf inf 35.887557 46.536761 95.935751 inf 90.034044 92.792359 64.340173 16.989992 38.629970 56.060925 inf inf inf 26.615728 inf 29.887207 inf 58.969406 52.186254 inf 79.175157 84.292598 93.365034 inf inf 66.634959 94.299219 inf 22.070323 97.469467 49.324081 inf 98.256825 inf inf inf 57.105490
inf 70.093602 inf 71.656426 40.318523 3.514009 69.428854 inf 54.093677 inf 25.126286 95.449807 99.002925 inf 52.484706 inf 60.956972 inf 91.344619 inf 56.888983 inf inf 7.496101 inf 81.377914 inf 48.435287 29.346103 inf inf 56.555095 22.043383 inf 52.104753 96.079378 inf 85.471464 11.168355 68.817456 inf 77.529538 inf inf 20.289210 40.301422 28.985420 inf inf 63.591158 inf 91.451091 70.492531 inf inf inf 90.824442 15.844882 inf inf 44.262462 61.060808 inf 13.882411 22.309602 80.251028 40.579573 69.045912 inf inf
inf 93.943846 80.278353 32.421521 21.570634 inf inf inf inf inf 24.731797 45.261018 inf 8.144152 inf 53.475496 34.255877 1.202806 inf inf inf inf 88.494767 inf inf inf 1.675890 inf inf inf 42.520604 76.609872 39.292896 16.748090 86.557082 45.210814 29.977952 3.676301 95.768793 inf inf 42.220552 42.199320 95.940332 inf 22.959019 inf 55.996014 inf 99.919693 21.592295 inf inf 24.682168 63.841115 inf 3.848610 17.527527 21.033880 inf inf inf inf 15.355277 36.765174 inf inf 96.960826 90.196447 inf
23.977450 inf inf inf 47.189346 17.423040 46.455740 inf 14.683370 inf inf inf 37.737421 55.013023 inf 9.240679 9.944350 84.910743 40.294114 65.434501 23.382639 1.181132 13.626888 inf 32.886318 inf 93.594790 10.503133 10.730612 31.667712 99.967029 19.136997 87.803706 inf 40.125143 91.224896 15.684817 28.082436 inf 54.563937 inf 57.556149 inf 78.125365 55.857576 79.895201 inf 3.874695 13.965177 inf 78.674195 inf inf 34.418502 inf 20.119120 27.878530 3.363312 inf inf 1.949839 42.765918 86.447623 inf inf 57.697490 inf 93.098158 inf 41.990065
94.471297 1.931208 59.390074 inf inf inf 99.737647 93.891029 inf inf 40.519843 inf 42.399777 97.925768 inf 17.778638 45.294090 95.774823 22.527198 inf inf 47.420812 93.957864 99.901102 inf 95.683041 inf 63.300069 inf inf inf inf 68.264540 inf 13.750156 inf 42.844601 89.898384 55.532358 73.982868 54.344805 inf 55.565022 62.463367 inf 26.263944 inf 9.000700 18.648216 37.854921 inf 80.851531 21.477632 inf inf 98.343051 58.286461 98.315435 inf 67.758964 3.755751 74.561545 41.591342 50.454144 inf 97.146152 inf inf inf 51.915709
33.892736 52.175026 inf 75.078689 70.452187 inf inf 24.474103 44.785918 40.157288 56.815411 7.379814 inf 90.693935 inf 32.209149 inf 35.942163 76.141392 51.314105 82.679187 inf 9.619769 71.076339 22.347096 inf inf 1.131767 inf inf inf 54.057095 72.164207 inf inf 12.351831 69.228288 inf 89.146593 inf inf inf 86.111255 65.508784 69.185124 inf 38.734263 93.159233 64.469152 97.681908 inf 2.030454 inf inf inf inf 7.501767 60.642031 inf inf 43.914470 inf 96.302320 11.502140 36.341014 inf inf inf inf 21.337232
16.399273 inf inf inf 85.728091 5.555301 12.444619 inf inf inf 59.603201 50.445194 75.131041 89.508748 inf 77.526122 27.113054 7.253578 inf inf inf inf inf inf 58.506677 53.874575 44.561203 inf inf 96.374595 inf 51.611231 53.089189 41.314881 inf 2.009466 inf inf inf 77.833223 80.101845 63.588773 inf 67.336632 33.532163 73.568985 92.423033 inf inf 98.268272 inf inf 44.820521 97.965800 inf inf 1.961814 inf 23.241062 96.500054 inf 28.564349 inf 21.237138 inf 40.176821 inf 22.961641 inf inf
75.091482 inf inf inf inf 94.889860 22.973165 29.233164 inf inf 64.632388 inf 51.235110 inf 63.849744 39.525356 inf inf inf 72.674206 50.998340 39.833143 inf 34.282977 inf 46.955795 83.634223 inf inf 4.640818 96.812237 94.737446 inf inf 89.708877 98.525771 4.853355 inf 31.886405 91.789363 inf 87.295613 inf 74.332289 52.070232 inf 14.049448 inf 61.127547 inf 93.395634 52.970901 88.955688 52.464303 62.731845 13.299530 inf 49.289954 86.699586 inf 90.509530 28.029945 inf 29.858267 18.642582 42.151437 57.862763 81.774156 48.221119 84.749416
inf 8.488269 78.298981 inf 36.932267 inf 73.647261 61.109194 inf inf 99.032844 inf inf inf 95.576988 30.469038 inf inf inf 83.109571 42.609700 58.868542 90.218308 inf 25.672795 65.982433 59.803887 inf inf 40.353297 inf inf 26.292991 inf 61.506968 25.438779 inf 15.025010 inf 26.308294 inf inf 67.493618 inf inf 32.969958 inf 43.756428 93.343222 inf 21.011029 12.956400 42.695503 10.729576 31.408364 inf 53.964078 inf 19.384247 inf 85.670704 50.209732 72.972498 52.759606 79.643046 97.183831 21.622789 inf 55.359807 43.689198
10.269299 inf 65.277191 inf inf inf inf 7.178886 97.518425 inf inf 12.097573 73.060822 29.744771 61.688809 inf 79.486704 inf 83.699131 46.029018 98.116251 inf 1.064922 24.143382 inf 45.481965 inf 76.386292 inf 20.213228 75.830292 94.865420 67.865091 22.404435 inf 53.394635 inf inf 11.053474 31.406251 67.053474 4.033722 75.480264 47.737922 inf 32.955926 54.884365 inf 50.900248 5.001809 inf 93.158620 inf inf inf 89.484892 21.717789 91.629472 inf 6.166319 70.803957 inf inf inf inf inf 49.189702 inf 21.409141 62.272448
inf 40.957096 86.257019 66.250140 67.910819 72.635485 inf inf 53.663677 inf 85.639896 inf 86.694204 91.218580 74.714524 94.948859 inf 41.476470 94.230185 36.519353 20.106822 62.990729 25.441965 inf 60.900070 70.441880 55.642715 inf 60.179427 inf 60.538919 71.537448 2.991319 69.422698 74.359833 79.785623 inf 52.507062 36.738615 inf inf 73.194391 67.992533 inf inf 52.901125 40.484487 inf inf 52.494992 inf inf inf 63.254180 inf 44.559172 inf inf 91.495745 inf inf inf 29.935792 87.837427 67.390311 inf inf 81.679684 inf 39.279819
inf 27.688688 14.922883 inf 9.731418 inf inf inf inf inf 71.434132 42.532815 86.998801 54.313740 58.300714 81.961509 5.608530 55.290037 12.256430 inf 92.716752 inf inf 3.264905 inf 47.763880 99.505457 68.079103 inf inf inf inf 4.674185 46.982370 inf inf 6.606972 53.170738 28.895810 54.907833 18.335733 32.878018 81.640660 inf 69.083203 32.107702 75.869922 39.081921 inf inf 35.613361 inf 93.643299 12.069259 59.446760 inf 48.515386 14.466309 1.403227 inf inf inf 61.283555 43.150186 69.100848 inf 5.806484 inf 21.498485 inf
12.435136 47.329121 27.453414 74.171657 92.164966 88.088786 inf inf 37.733009 inf inf inf 86.853907 inf 4.121415 20.417224 inf inf inf 69.904002 inf inf 45.424613 inf 44.887092 26.695403 72.482995 48.273296 37.263317 71.763125 inf inf 23.203417 inf inf 82.277209 inf 9.534121 49.400132 inf 56.182157 84.711097 inf 6.635314 inf 34.720036 34.761605 17.261674 inf 41.619406 85.498652 inf 40.191153 98.935969 inf 91.185527 1.162345 84.202823 inf inf inf inf 24.756913 38.509722 2.118151 42.693303 75.730689 inf 37.132706 inf
90.385933 55.501193 inf 97.715765 inf 29.818515 17.206431 inf 59.400583 inf 47.235432 13.553779 92.233588 inf inf inf inf 4.886276 inf inf inf 26.470247 57.564351 inf 66.593957 23.470281 inf 8.384750 inf 34.528854 inf 94.415710 80.850548 67.920026 93.285749 36.547435 71.357232 inf 62.190312 10.855670 inf 32.250389 inf inf inf inf inf 57.875304 82.538520 53.515331 inf inf 28.308783 8.132011 58.161416 inf inf 88.893246 inf 47.053026 99.369075 14.051429 inf inf 54.481226 34.112437 inf inf 28.825079 inf
inf inf inf inf 62.325798 84.375063 88.852839 49.821829 inf inf 25.904717 81.916091 inf 92.349033 64.409930 inf inf inf 4.639341 60.467071 20.805616 inf 37.725073 inf 13.590702 inf 13.584496 inf inf inf 71.268579 39.805624 9.281050 19.884178 inf 91.048145 inf 78.111778 53.908846 inf 8.127693 inf 17.802443 inf 18.427569 71.902761 inf inf inf 43.643141 67.782204 88.980519 inf 71.941573 10.922385 63.326083 74.979460 73.888611 inf 39.282802 40.888541 21.258456 inf inf inf inf inf inf inf inf
94.712672 19.771445 42.993794 85.426777 19.624198 inf 65.066914 69.481921 inf 29.389603 2.503685 inf inf 91.066933 50.527697 98.633179 inf inf inf inf inf inf 31.955982 97.632557 30.659715 inf 38.265340 45.182505 63.441839 30.261050 41.571995 36.088071 98.599498 62.783600 inf 40.684478 inf inf inf 25.524861 6.987029 29.345851 55.462399 inf inf inf 13.923968 16.723887 40.507006 inf 96.743356 34.445443 inf inf 62.831706 inf 46.180064 99.841513 inf 99.614989 87.588774 19.662829 13.479131 inf inf inf 47.030405 12.467860 25.478875 20.938212
inf 11.111806 inf 88.137268 77.192806 inf 97.485849 inf 80.384822 inf 12.762787 42.211517 89.402775 85.030156 55.430192 inf 61.389209 inf inf inf 52.762712 97.597240 inf 35.218139 52.771976 53.094103 inf inf 85.014161 inf 91.624560 inf 58.296621 inf 94.707374 inf 83.878874 inf 94.194154 73.619178 9.483608 35.983619 inf inf 83.404814 95.767249 11.269883 29.647967 78.436374 89.623897 49.530909 inf 79.872535 68.835494 inf 93.514296 10.156576 1.009760 inf inf inf 45.179502 72.233988 inf inf inf inf 80.089008 82.154173 inf
58.750729 82.912342 36.756178 92.194729 inf inf 17.184718 74.476738 inf inf inf 72.569130 3.355026 inf inf inf inf 43.752487 56.292598 inf 13.250179 64.455200 inf inf inf inf 45.144480 inf inf inf 60.803840 14.224693 inf inf 47.717811 97.277135 30.012929 70.589349 22.999051 1.805011 inf 78.551308 12.400953 inf 64.526343 48.301564 26.305563 inf inf inf 75.832401 inf inf inf inf inf 29.321849 99.800269 17.542873 inf 72.789033 4.318724 inf inf 2.714118 inf inf inf 46.844896 inf
inf inf inf inf 39.494972 inf inf inf inf inf 7.544970 inf 92.720887 inf 21.071874 30.585678 inf inf 51.640363 86.095052 52.727452 59.567196 23.758430 inf 1.397783 68.925688 inf 24.936354 inf inf 38.244904 inf 56.849024 inf inf 10.415074 32.298443 inf 69.009391 29.664302 inf inf 2.740985 65.767614 55.079969 inf 37.562420 13.805805 9.358429 inf 36.663373 87.715936 46.712371 inf inf 97.945624 46.372494 inf inf 72.650923 inf inf inf inf 80.221828 15.909555 inf inf 64.865634 inf
inf inf inf inf inf 30.650250 inf 74.120625 inf 87.477909 inf 18.596703 81.074815 inf 94.891299 93.467972 inf 86.510382 12.448993 96.868829 inf inf inf 6.117416 57.299193 inf inf inf 39.927818 18.263950 inf 75.888063 36.162514 inf inf inf 98.095727 inf inf inf inf 78.868869 4.547183 35.472379 12.226986 inf inf 86.616037 inf inf inf 8.648018 inf inf inf inf 59.503380 55.822677 30.779297 inf 73.004838 71.932247 69.443201 inf 38.428208 82.975984 27.529093 29.954757 inf 70.001332
65.114885 inf inf 62.407795 76.590252 78.839722 27.085164 inf inf 96.277915 inf inf inf 34.979187 14.263138 inf inf inf 62.823486 71.417344 58.076180 91.527563 35.419923 inf 59.017304 3.798296 1.068596 2.396029 inf 48.879579 79.005866 32.263719 73.217597 38.453770 48.054121 inf 16.440098 inf inf 14.015378 inf 85.176382 2.477228 10.657071 65.117905 inf 67.231713 inf inf 71.329840 inf inf 9.174076 8.540010 58.005667 inf 86.309841 54.138918 33.167951 58.348754 inf inf inf inf 22.471294 inf inf inf 29.633981 inf
