inf 7.512486 39.454558 14.183425 76.422568 12.545942 56.417844 80.255069 30.809740 27.433866 76.914300 54.457973 65.425506 81.222492 9.855978 30.973019 18.036165 65.468122 46.437461 54.430692 68.384493 11.470343 56.755295 15.024100 41.343128 82.029798 90.742307 6.050122 92.479777 49.009405 92.179965 94.933418 1.975099 69.225045 32.100585 17.847837 53.907865 10.491814 82.627101 65.775562
47.717969 inf 23.738178 60.308287 30.798917 93.870879 30.300481 49.471220 70.273721 81.108917 42.568312 57.951995 45.254687 74.711082 12.971213 86.424172 42.480260 51.031487 88.292338 85.700389 76.303686 98.451281 10.061798 84.431712 49.625463 75.662994 46.376241 85.912846 13.007148 16.177524 85.700765 21.535943 82.235275 43.448125 32.783852 29.368630 99.155708 26.078344 53.851061 60.544395
44.167405 39.811910 inf 94.202288 4.085735 44.576861 92.705285 71.039834 63.995280 60.045065 53.813324 8.183040 20.390328 70.611800 73.473923 86.291605 50.930442 13.370831 17.426413 41.602858 81.634751 28.998699 67.605101 69.389096 70.688386 50.791499 22.069341 78.136434 82.444169 58.507991 10.721138 54.595391 19.121642 54.020685 4.285227 17.565459 52.291990 23.893534 90.619164 14.025254
21.062816 87.033742 23.473221 inf 57.471668 94.554597 51.384220 44.101907 90.898978 60.612104 78.315703 58.055356 80.081891 40.291211 67.762629 99.764393 18.518896 42.450579 69.617267 77.436347 45.461484 51.835628 35.320596 75.372267 10.894082 19.949577 93.643961 81.998187 20.615936 55.923475 94.641513 25.928984 1.107727 46.925768 11.066074 60.921313 34.442002 55.833034 76.174077 13.346141
15.854377 56.098445 4.722196 69.832770 inf 60.891895 26.671141 8.428796 9.223518 59.024727 35.444858 40.748206 30.215767 29.119730 65.404951 46.319498 68.039296 83.448666 31.807469 47.770484 66.219338 29.976181 41.027482 40.193085 12.675369 16.113707 43.331317 24.300019 79.845198 99.226599 75.698883 38.100913 70.462502 10.007562 45.651771 95.502805 64.877022 96.585490 9.622086 69.054937
51.827491 18.681074 85.382401 61.786185 71.728918 inf 47.557012 13.021667 92.758342 68.103268 5.985920 72.555140 1.644668 65.938056 49.984649 92.008222 92.959058 97.149017 56.423884 89.141841 12.452184 91.161410 14.260088 68.914003 44.530212 74.432096 4.077991 7.222916 8.543186 6.381529 99.382258 55.967374 33.836179 88.756317 34.928218 56.547434 44.264484 34.041745 85.956532 1.726696
9.321056 62.181400 80.676773 46.780693 26.873098 89.830065 inf 42.855754 39.761313 84.383561 47.325254 60.891862 5.919166 10.426219 25.044196 53.443266 7.470332 94.766554 81.190023 10.401336 81.336975 61.541561 8.846451 87.204525 26.103357 1.868155 8.518833 3.058123 61.989147 8.331534 58.038345 36.654573 21.086217 89.215108 12.301274 94.750701 3.907994 62.355568 22.663514 99.505218
17.158427 28.734822 55.916440 3.119377 56.250148 49.190635 17.879623 inf 87.830471 33.175414 66.233892 64.150980 13.386350 90.133447 33.209727 11.949819 63.408961 18.311525 69.629633 15.393109 23.071069 75.964827 91.298334 73.173435 81.004119 36.571935 49.050586 84.192599 89.119280 37.602517 94.962457 16.764345 60.836618 29.314122 64.908965 52.009175 34.059350 69.101805 5.340824 75.981094
10.121336 88.362285 96.977038 54.220648 28.810299 87.972687 8.527719 28.945843 inf 51.979632 11.646395 42.049106 97.921552 48.855456 4.361871 69.300722 24.454265 49.696775 5.367266 9.746227 50.970196 80.933889 81.901857 69.812384 33.312627 19.543904 3.207610 12.225482 81.829405 46.035445 75.389407 44.110762 6.430872 80.212961 24.704284 52.586509 22.694042 47.031821 57.021783 74.795429
86.859714 3.573916 25.189996 84.341367 31.211395 26.483095 26.122158 52.668978 58.126474 inf 93.892467 23.930759 69.775572 58.174498 51.181707 67.886953 81.636305 87.585875 21.564344 16.850965 56.985525 18.292774 76.989705 39.237341 95.232102 58.737745 18.493583 99.093420 69.744257 48.398134 80.264409 38.073032 38.273452 31.201436 48.733963 77.406136 91.264426 35.504576 31.495967 79.226586
11.601126 15.005030 31.002403 79.023913 97.840853 17.059050 81.089154 24.962441 49.408377 6.102773 inf 34.519883 27.784174 8.481727 22.424651 39.665547 98.756466 25.432171 12.977849 10.918398 84.124224 76.863103 15.500132 12.012297 91.253711 86.039060 44.280478 22.473912 14.826381 20.038255 12.540478 60.987539 78.345055 85.627032 63.702550 52.535285 71.200192 51.633733 21.567959 30.677877
89.692767 79.420782 60.777460 41.967907 78.380280 60.120220 78.142229 53.702606 61.859594 94.296793 15.628258 inf 34.369832 52.401577 71.838914 78.937429 45.169877 86.777139 27.289427 71.530096 94.995766 56.743685 65.970808 83.996212 69.757610 33.265865 97.455468 57.586794 60.346989 48.895057 47.615758 70.638193 6.902500 65.052620 52.298816 55.454454 87.897004 32.102075 2.590547 66.228041
11.705645 49.866711 98.253457 41.903037 67.874431 59.783667 26.177333 7.744338 30.528024 55.542410 68.929425 19.625214 inf 83.452040 69.547299 79.762598 85.385157 41.843925 54.041744 72.150658 60.960901 65.067878 45.841632 5.657745 4.072938 31.968207 85.040061 66.278615 26.705001 63.240253 14.826463 97.442832 79.620402 40.902407 24.081803 74.423817 97.032198 7.537806 36.863713 4.220299
9.213824 5.202552 46.463357 9.185857 2.254612 20.190298 66.312613 80.369438 24.973615 3.957073 23.955590 3.429247 56.969955 inf 56.838950 12.216625 25.746659 20.386956 18.332816 38.359663 89.235830 59.744127 80.612932 39.881268 12.979201 11.804174 58.897546 73.170966 75.530051 91.425287 85.103170 34.260639 4.860452 60.803795 16.013381 71.160000 69.601682 12.018994 60.791987 6.968373
58.572949 52.481979 52.184974 33.277057 46.142692 92.688319 92.493411 25.006385 67.066527 37.941462 61.876105 61.907373 46.129928 71.814453 inf 85.714282 63.800716 92.505277 73.338434 12.360351 86.122982 60.292748 15.137948 96.657809 66.256317 75.086034 92.104295 21.096187 55.821951 70.301972 86.332254 18.556354 17.361054 56.790697 33.118664 63.253627 94.987568 83.918375 28.981039 15.502956
92.148017 35.507377 89.088436 51.926276 3.607162 78.915893 44.452541 91.941460 9.663788 80.847209 43.396011 84.943726 81.727142 22.964743 35.986950 inf 67.767244 7.113718 16.634252 86.678600 93.423583 72.601446 24.627372 35.718789 14.264152 6.089155 74.328125 4.684653 59.535012 28.038824 89.363808 85.793338 47.406504 32.443819 50.807815 50.013651 8.410735 87.655842 67.270436 12.232502
52.192755 52.280542 91.499655 46.935658 81.570667 28.181201 48.405356 23.807340 32.734625 34.221860 68.530529 2.562234 4.852620 84.570519 27.863816 83.767113 inf 96.718217 49.585344 88.476959 7.236644 87.742121 79.225970 45.797266 91.215019 39.313151 52.143778 86.087594 32.776603 13.673014 63.376902 85.464618 71.705704 87.381802 8.040912 37.946540 74.883813 16.526828 88.389749 33.475973
32.470474 81.848445 65.436922 15.109432 41.090961 76.487610 69.604701 16.166580 19.728302 46.743700 61.717709 50.000101 16.679204 65.726085 97.271135 2.507118 8.086260 inf 69.194369 33.169098 35.901354 20.143290 92.724704 79.537818 70.395833 67.955882 31.933013 68.602513 4.694664 78.460175 81.086618 11.629212 49.101994 35.177978 98.421014 77.654534 91.327240 27.214339 74.597614 53.178830
90.721846 10.073056 1.738780 80.259959 34.162083 62.612954 19.680993 24.389401 90.673179 55.460096 18.407144 75.865752 36.095546 77.296259 59.785212 52.629018 77.312748 66.290623 inf 77.884548 17.484068 57.328127 85.857991 2.476483 68.761445 32.215654 54.338518 21.395630 27.281153 70.324873 15.881342 38.375836 50.780203 19.094965 56.904161 5.389324 87.338159 58.551817 66.471611 48.552530
87.820822 26.808551 61.386357 22.536763 72.880963 2.311756 54.671750 96.431468 92.764430 10.476156 90.590544 45.511533 81.639600 70.822646 39.483211 41.430788 27.727747 88.275894 39.829936 inf 6.910026 88.576108 67.558176 16.820125 38.521992 14.053474 24.777673 79.440147 7.978608 66.425847 82.487765 36.344319 42.463845 76.857628 70.552304 54.738772 78.787881 77.330022 52.602793 96.946809
47.057063 27.405939 73.895232 78.946843 94.456549 19.319230 14.895819 9.944717 3.170838 87.658203 25.446218 39.345226 35.682715 96.133827 11.152559 33.309585 25.462349 31.447902 4.615097 67.992007 inf 17.957123 23.269086 1.156053 41.752060 30.514025 31.946184 6.237121 67.988842 81.676897 48.091488 91.876322 88.720570 92.218321 57.706283 18.836501 16.719387 63.171618 98.993061 64.672610
69.065872 47.122975 54.674760 65.423196 96.003055 74.840662 11.384544 54.756342 21.325334 25.901252 61.628510 35.399143 5.555918 10.770042 25.625228 54.964062 32.565681 87.017282 23.643516 70.667322 31.094979 inf 34.233378 50.910867 93.396095 36.416236 91.147673 98.629200 87.965049 98.482987 30.641473 96.432144 15.366739 49.745674 78.528493 43.763979 79.792794 80.723341 55.901676 34.549887
11.736726 57.876221 69.704778 77.728009 7.587428 54.420257 93.431925 67.746380 94.451061 26.128721 4.867483 69.980456 53.646079 5.829579 77.753753 18.706485 59.718339 50.749976 98.437452 82.879986 34.459000 49.705794 inf 29.162163 65.718635 49.494887 51.739782 60.602466 54.295886 99.542371 96.127077 19.880364 59.197565 9.846130 40.121832 39.369194 1.422302 5.939037 98.585113 38.329777
98.090811 38.887407 50.873410 69.595700 19.192386 69.465018 69.580537 6.341763 91.386316 73.506828 71.489832 79.638284 37.897671 91.654778 45.965827 37.118019 59.988219 65.466361 89.723883 4.194562 52.192698 35.999453 12.859913 inf 59.718769 56.061508 35.068644 2.050324 2.217084 19.120714 54.295450 29.771452 14.971565 33.070257 24.253679 1.172208 82.526896 98.028736 49.571355 22.001133
33.175823 79.990355 7.249061 9.209888 30.677421 33.796134 77.728932 37.177859 73.510368 83.013243 15.781232 45.154383 99.692112 3.253409 64.010694 7.715557 13.685146 88.738574 64.286191 32.777071 72.928172 46.831222 90.964410 63.103949 inf 59.504803 47.184307 77.668072 73.561210 55.390396 64.173291 20.341475 54.611817 16.249839 40.680085 62.283814 3.944984 29.598346 27.948367 4.216616
25.348201 37.980781 30.292209 20.956714 30.154604 63.609373 63.783771 46.248569 78.881182 8.777461 31.249612 88.337900 60.748389 97.042450 85.686070 36.102936 23.734196 41.793218 19.289758 24.945165 12.723335 51.127398 32.730287 93.283247 15.149383 inf 53.471771 16.334885 94.188981 72.278453 79.686457 97.698680 65.941879 32.423039 34.163235 34.151659 98.133392 31.566321 85.410898 25.757501
70.731530 25.521557 85.572154 81.752473 19.270740 11.493433 29.894507 17.483167 93.759846 37.133028 11.833044 67.944702 48.857967 54.166157 59.563764 86.023588 23.239478 18.493304 89.130792 84.118697 57.068314 83.805432 60.405958 26.692303 76.074287 33.236053 inf 16.738034 5.771198 93.352744 16.207031 11.917041 53.287429 59.586811 60.385632 94.655847 28.556117 27.066623 57.669299 84.661124
58.713287 36.537259 93.817936 36.177990 44.832655 15.750091 6.064912 51.609517 80.163509 71.949817 19.491991 41.561695 33.188973 25.568295 52.721483 54.169298 85.409547 76.966909 20.300306 5.757637 68.393590 73.778864 71.378971 28.263921 40.161625 22.104959 99.373271 inf 88.731980 1.018804 13.867048 94.656063 60.270808 35.686189 67.825508 63.300558 67.036971 46.264706 37.554167 49.206699
33.627758 21.777432 26.973684 42.111680 49.246780 25.708723 68.693110 11.712412 16.897872 2.413152 72.304930 53.425280 25.686285 3.774228 25.334757 75.834760 83.400808 7.439281 25.495386 99.848964 33.918794 67.557461 60.136209 64.654014 96.227941 38.943027 34.034134 69.714833 inf 34.986288 70.425180 71.004863 5.253476 92.931728 80.948067 49.186038 43.137155 12.388930 74.904709 48.788279
48.066211 69.291681 58.831180 19.464122 81.661763 66.623461 57.037919 48.952165 11.696962 55.635264 6.096152 1.653077 90.938056 2.658118 66.704838 51.635503 7.531808 78.801448 65.828771 89.928307 5.680765 51.076818 91.122781 42.437483 30.643857 4.573900 69.048993 5.346075 52.830479 inf 45.495916 53.650523 14.103242 9.861697 20.219329 65.249582 37.444844 41.221310 15.521381 37.128624
72.832248 2.384142 61.351042 92.355689 35.463285 50.131810 21.669318 80.728880 60.180330 20.196121 92.011582 82.632923 95.539233 27.318793 61.523777 65.410903 97.739369 54.775602 64.114059 99.806400 77.774166 32.753253 13.405899 22.613706 52.682436 63.502812 87.969761 54.880209 40.777511 59.441786 inf 18.459544 81.452584 17.131872 93.873066 18.410760 59.410636 92.361040 16.221299 46.600992
50.763862 16.453642 79.381078 69.456154 94.329686 62.924728 37.069402 24.023613 81.609194 64.210150 28.293557 83.309721 51.106785 23.693989 55.613232 97.658350 50.744558 88.593979 19.105357 76.169380 4.041132 27.907343 70.015603 32.643148 71.374970 59.356734 15.922479 73.231450 97.158002 81.362863 25.868584 inf 66.066573 46.706436 33.340221 86.505131 80.730984 82.151890 77.434858 26.176308
85.846770 35.172562 7.411433 71.411150 90.887846 63.041988 15.688494 37.086240 44.049799 49.365054 41.604746 27.599799 95.141317 39.735547 14.792532 2.089599 33.219058 8.588994 36.477519 20.205838 51.579510 61.978233 4.959978 52.447354 2.949532 96.755647 40.579034 12.448812 2.439885 17.597247 99.056353 88.794353 inf 20.448815 17.528507 3.693961 83.811487 49.148592 87.946128 35.245850
26.410705 96.242028 49.519526 6.760728 46.253247 14.226017 36.884696 31.001594 17.118484 63.826882 81.627089 8.219778 42.788333 18.124952 77.626174 44.326608 56.687160 1.526625 3.226580 18.286407 79.493608 21.305173 53.755598 53.131446 88.467526 31.272971 72.787544 22.592166 41.951789 81.664050 49.283202 38.064589 82.188793 inf 19.562202 16.995167 94.345706 50.689592 50.270776 75.707702
76.000880 78.092957 74.801033 69.055609 71.241260 75.088146 73.002594 15.316401 71.437029 90.916974 47.870513 35.098352 89.469904 5.988805 51.698347 89.760465 20.705772 93.210604 20.643029 18.977341 11.198285 24.269303 41.225180 73.037629 28.877441 64.325290 50.541377 30.254466 48.577908 72.622855 3.834362 1.261463 52.111808 81.258332 inf 48.538936 88.264985 32.670921 89.182006 16.287217
34.242738 14.743790 8.439353 47.229469 55.523679 18.982691 63.997109 17.097858 14.651055 46.201187 21.001642 88.761984 64.556429 33.893640 15.525526 43.077357 60.894263 94.817529 26.699598 91.519626 47.434909 59.533069 13.183106 58.070983 96.371963 84.421303 99.829823 76.108730 20.787509 54.829880 97.571046 56.229076 10.885793 48.457772 33.114481 inf 11.025781 85.337763 30.698269 84.258921
1.888204 25.096269 20.468194 66.071110 93.409660 11.807200 20.095959 56.114844 29.763282 47.561569 97.763194 21.568693 50.474912 97.054782 98.696025 15.132185 56.678288 31.017823 4.362015 91.260720 43.849696 12.082611 13.217123 54.386734 73.674283 82.108043 69.021561 73.723093 88.885652 28.693623 76.379413 33.552038 86.848890 59.232345 65.039573 11.707105 inf 54.703247 49.059518 58.618154
34.590923 37.229367 62.797130 56.377677 77.166791 10.233709 43.274084 94.646902 4.534687 86.948048 96.152963 48.464784 35.524062 92.088513 71.356065 61.997542 34.038190 87.232503 1.076023 4.549868 87.431648 90.056750 38.390629 66.906271 86.281010 70.978033 38.585995 2.483574 68.813187 53.361184 64.917275 76.368735 67.654912 19.040874 78.462803 14.693252 93.503243 inf 26.465308 16.289005
74.074406 22.962678 29.284046 49.588049 97.421707 54.063715 82.559332 15.432688 16.228945 4.222578 9.028604 48.836786 35.974935 59.395234 36.242304 92.337339 75.124659 18.478704 14.727786 12.720515 89.513158 82.397059 17.079754 62.791338 98.737475 45.655338 56.848065 88.467289 94.030921 8.814523 74.634815 34.576695 71.253092 45.976997 74.570883 9.458912 17.562304 95.411177 inf 98.357436
5.824595 57.977542 56.755177 64.134692 50.454286 22.319596 10.741612 98.010633 98.543899 27.295237 17.139919 56.142291 54.690528 77.856759 57.943889 6.123983 18.180544 54.326720 72.430614 87.697569 20.284309 47.511260 24.070421 22.133529 39.457257 49.199949 38.058065 37.798766 59.248679 71.584147 45.869964 47.474450 16.295224 2.149729 11.258470 28.199478 31.702436 83.073530 64.020669 inf
