inf 25.915610 9.855595 inf inf 22.722169 inf 34.506966 58.311016 24.656704 inf 3.807048 4.298626 48.829237 inf inf 85.494884 4.479925 12.734470 46.184321 inf 79.729294 24.050664 15.144228 inf 85.660128 inf 56.868961 inf inf 80.774814 60.266297 72.074045 inf inf 36.006213 inf 10.882578 inf 19.865511 52.288691 50.126108 18.880330 98.317995 inf
30.935391 inf 33.274979 inf 81.524226 37.269382 73.701157 50.358597 81.024372 inf 22.572318 inf 18.504212 inf 10.292037 inf 7.985797 70.207491 18.105756 71.979661 inf inf 92.165260 57.172306 inf 48.106230 76.886761 65.673833 56.030900 inf inf 78.893313 57.395795 13.776256 98.693876 64.588943 78.051868 inf 98.125496 88.993015 18.638725 99.752754 66.685938 inf 24.480866
11.318065 86.397011 inf 35.082333 42.353440 36.066108 inf 55.506036 45.736151 inf 76.849118 inf inf inf 55.551634 inf inf 28.449820 27.888115 3.230209 68.017817 13.433911 inf 49.758332 6.661018 inf inf 1.062685 inf inf inf 7.982760 19.474688 31.229113 inf inf 20.720055 inf inf 40.566555 86.280720 11.241760 inf 45.218009 50.192569
inf inf 30.174811 inf 80.096731 inf 2.256349 94.495729 88.218343 59.480276 inf inf inf 91.206462 70.715321 52.064102 85.820730 inf 93.057601 26.776589 inf 25.231211 inf inf 99.921140 8.581403 67.431091 53.713630 inf 89.326223 inf 45.175754 40.565443 inf inf 86.217106 21.184772 57.946573 60.582408 28.853608 4.164766 28.300592 inf 34.998086 inf
inf 4.194027 75.803960 63.615545 inf 9.078445 70.241280 21.495701 85.921863 inf 27.429371 inf 42.094954 42.680272 inf 85.329281 62.231476 75.795712 inf 69.918160 inf inf inf 71.474746 97.349783 40.845524 inf 31.578259 93.315504 52.587880 inf inf 91.601161 65.792137 inf 90.322132 inf 8.101865 inf inf inf 76.590700 45.689329 inf inf
69.610245 10.027261 52.728886 inf 23.255290 inf 94.136258 97.772986 61.632639 93.864591 36.729664 26.629103 86.894490 inf 21.577084 44.460485 60.964172 60.817529 23.305554 inf 77.745996 73.148132 43.401536 86.370131 inf inf inf 4.253777 inf 51.839440 7.602008 inf 37.988635 75.789620 96.491596 76.058365 56.463953 37.024793 inf 6.099477 inf 60.557997 28.314596 76.192806 12.200145
inf 35.290142 inf 30.319255 61.845288 27.565298 inf 28.642614 inf 7.519602 39.608349 inf inf 93.626781 39.356042 83.856684 inf inf 94.902151 inf 47.775720 inf 1.281031 16.514275 inf 13.155539 inf 96.274378 48.929766 60.771260 9.589222 49.982146 inf 62.786621 46.179119 inf 9.066800 inf inf 17.519878 98.426984 45.246345 inf 21.009213 34.408807
33.850833 76.877304 70.459715 9.620791 67.347509 63.695309 16.808296 inf inf inf inf 43.408489 inf inf 38.429819 60.302249 92.127932 25.521568 inf inf 46.127036 inf inf inf 66.047861 60.834666 94.360612 42.857206 92.619185 inf 20.787961 inf 77.353388 87.006800 17.287086 45.950587 inf 98.913056 1.310397 44.964239 inf inf 64.486944 50.162634 53.187509
36.796858 69.735073 38.336811 48.867539 19.521246 33.328472 inf inf inf 94.963152 50.094248 73.680348 86.244400 26.262283 63.776074 16.181208 inf inf 59.966866 inf 94.948784 inf 54.404654 75.243310 32.915156 inf inf inf 87.188915 62.440775 64.028761 18.083176 19.990322 21.964373 79.707060 inf 38.385185 9.218484 inf inf inf inf inf 78.616593 inf
51.936976 inf inf 34.088622 inf 13.399911 56.246252 inf 29.665806 inf inf inf 97.100899 inf 80.116509 inf inf 37.575900 inf 30.697813 52.307135 51.514590 40.025951 72.817773 89.410953 72.573904 33.169779 inf 33.860693 99.566938 inf 50.741412 54.247186 95.872716 91.378554 inf 29.381897 57.937314 22.001655 72.352712 inf inf 28.513039 inf 36.792231
inf 37.127870 77.234208 inf 67.686805 71.687917 68.052253 inf 72.288220 inf inf inf 89.991463 58.110358 inf 58.284545 inf inf inf 86.334026 74.603155 inf 7.343025 55.336404 16.777234 71.628571 78.869246 30.283878 19.288084 58.318249 inf inf inf inf 53.340237 53.781787 inf 7.310924 38.913387 77.542401 58.481167 inf 95.729188 58.070036 85.241392
10.171136 inf inf inf inf 94.284863 inf 43.348950 27.045623 inf inf inf 94.972772 inf inf 80.614008 24.997089 51.959655 97.703525 16.091575 inf inf 41.134749 inf inf inf inf 81.662823 35.257008 5.163947 88.930398 inf 76.099985 87.874079 74.887282 51.330465 inf 14.637796 13.897065 90.543508 inf 68.569252 30.441504 inf 58.598861
18.037898 5.863554 inf inf 45.589270 71.775671 inf inf 20.471210 27.061646 2.531509 13.669923 inf inf 7.371000 inf 3.677638 inf inf inf 6.893884 6.409485 32.035844 92.335695 inf 65.498249 45.750421 34.866094 inf inf inf 96.801758 inf 15.559265 inf inf 6.827724 inf 61.239599 36.444744 3.032937 inf 52.168520 97.378750 82.479505
65.248419 inf inf 81.297078 41.208375 inf 14.569520 inf 90.115767 inf 67.968546 inf inf inf inf 98.771696 62.111930 47.495986 56.736535 82.330414 inf 78.137707 3.524257 inf inf 92.779298 inf 11.875172 inf 82.585912 51.314472 inf 45.265423 97.524723 inf 64.580019 inf 80.570325 97.272391 22.337988 27.227984 77.389694 inf inf 11.248970
inf 37.113766 42.330205 41.105921 inf 93.517876 26.521339 55.119686 99.745547 14.371471 inf inf 2.891643 inf inf inf 36.008140 88.264198 inf 47.193260 78.424407 inf 46.792425 inf inf 91.303852 42.954253 55.781864 89.327972 inf inf 37.276246 49.230476 85.132172 66.131964 inf 10.526730 inf 56.312059 73.458002 25.594759 55.794655 41.331430 inf inf
inf inf inf 31.822922 11.141818 57.089854 28.604882 83.004307 53.286714 inf 4.696960 82.320430 inf 14.864467 inf inf 86.713122 15.652138 46.424603 48.533875 50.767879 95.938545 8.100420 39.990775 69.940756 51.793009 43.372914 52.330006 inf 31.093366 13.943431 62.294631 60.902807 71.892449 24.292412 inf 39.400880 45.644334 inf 1.127838 85.695249 31.209886 15.251851 inf 89.345614
87.101280 11.399460 inf 8.610872 97.170047 87.679672 inf 38.347212 inf inf inf 3.848341 95.978083 11.187444 48.287837 43.209917 inf 91.816323 2.301786 41.637370 5.753402 10.182479 inf 79.764189 32.338386 inf 31.529533 46.501713 60.145150 88.174072 inf inf inf inf inf 54.520895 72.333583 69.188279 inf 81.863392 inf 33.088184 85.014333 97.692929 71.138408
41.303479 19.346564 42.103289 inf 90.127327 69.062058 inf 24.504477 inf 5.926949 inf 47.478524 inf 84.706257 70.297422 36.625022 73.336830 inf 84.058081 25.447582 inf 11.347281 inf 26.447877 inf 54.844224 80.916096 inf 6.029390 inf 36.634570 inf inf inf inf inf 16.904200 inf inf 61.652936 inf 45.198671 inf 10.737288 88.029107
8.092776 97.258797 54.216395 89.274777 inf 4.759020 42.020780 inf 28.349356 inf inf 35.371454 inf 65.979162 inf 16.652154 27.776836 6.323001 inf 95.264702 inf 56.606168 68.311951 inf 76.965058 inf 79.649463 inf inf 68.519051 30.395522 53.327462 inf 86.259622 6.560111 43.606074 95.907151 inf inf inf inf inf inf inf inf
12.570755 70.461472 7.114329 52.763133 86.445222 inf inf inf inf 77.441000 98.477645 99.077764 inf 37.860050 32.466743 36.860882 98.658261 18.863527 87.936337 inf 15.431099 51.589888 inf inf 16.352989 inf inf 84.962073 35.205431 inf 24.715750 inf inf inf inf inf inf 56.533135 inf 47.513783 inf inf inf 27.075129 46.302169
inf inf 31.624231 inf inf 45.801257 48.488131 86.661175 59.121081 97.022458 96.780666 inf 13.893100 inf 93.800735 11.174619 42.631769 inf inf 75.863539 inf inf inf 25.170992 57.622061 20.748670 inf inf 12.642235 50.122441 33.290371 92.254383 inf 74.403288 11.439934 27.424727 inf 4.032168 6.249990 19.990272 5.030581 inf 77.591701 28.405718 inf
21.193348 inf 84.690001 39.260754 inf 95.920871 inf inf inf 17.363716 inf inf 88.167093 38.239229 inf 57.595592 88.976183 41.691579 19.421099 59.881903 inf inf 64.516401 51.870779 17.263145 23.687115 inf 28.164214 inf 47.412043 35.422170 37.297280 28.324432 53.822726 49.962247 5.617815 inf 71.328210 74.028339 inf inf inf inf inf 92.502726
27.772067 9.771164 inf inf inf 72.465589 93.233800 inf 77.192414 25.613097 49.225654 5.865638 54.372074 48.362495 21.155816 68.915460 inf inf 43.677692 inf inf 30.529271 inf 9.288512 inf 91.304936 95.568726 97.578895 51.072519 41.170111 inf 2.740120 27.378337 70.097249 21.108823 15.172599 70.047941 35.964712 inf 91.880966 inf inf inf inf 8.760367
51.166172 79.254830 34.011821 inf 52.505311 70.551076 20.499406 inf 89.667605 93.913788 59.661449 inf 77.363834 inf inf 85.188367 18.874772 67.140370 inf inf 87.319290 90.242569 91.785815 inf 53.542541 36.102077 67.816959 inf inf inf 38.920077 inf inf inf 10.955108 inf 60.078626 inf 2.101758 inf 82.527085 59.054689 20.176198 68.246295 24.638286
inf inf 42.786575 64.753842 34.650799 inf inf 69.480134 6.059777 77.234115 58.400619 inf inf inf inf 11.906256 22.965370 inf 92.151171 60.353506 71.212532 58.710028 inf 93.215065 inf 20.952528 37.858743 inf inf inf 10.946673 inf 70.037998 inf 54.133172 22.017265 60.116048 3.748664 26.518883 57.815541 24.733109 inf 59.802258 55.288492 19.629376
53.574657 39.441441 inf 2.586988 56.776247 inf 38.861138 96.727160 inf 30.708804 71.872493 inf 34.443075 62.355519 71.196010 61.114879 inf 52.973530 inf inf 90.228462 15.543156 89.033645 53.901902 55.721728 inf 39.117682 52.587900 87.789294 68.388992 inf 52.290896 inf 64.915264 39.555840 inf 67.834296 19.240945 inf inf 66.773101 70.211596 68.283422 47.685491 28.046441
inf 39.809590 inf 53.886844 inf inf inf 81.020382 inf 24.160860 61.320747 inf 4.291123 inf 77.817256 15.744551 44.533268 93.055803 89.037096 inf inf inf 3.010069 73.691383 27.217618 6.752370 inf 85.888528 inf 4.208321 62.228149 4.818939 24.699193 61.171955 6.827615 42.278832 inf inf 78.330353 16.999060 inf 41.633791 inf 42.882081 12.660599
88.263323 59.436500 3.149148 41.219835 98.644402 91.847335 47.951915 20.358750 inf inf 82.782711 3.496864 35.224475 98.783091 39.623116 79.255345 54.943925 inf inf 3.529587 inf 87.180474 11.393605 inf inf 45.361598 17.650833 inf 42.479901 inf inf 80.903374 56.679189 inf 52.464248 95.869257 49.870240 19.126475 inf 69.731644 27.407142 inf 29.386420 inf 22.888904
inf 62.285414 inf inf 70.924307 inf 88.813677 34.153721 10.390459 8.736955 48.276925 45.965871 inf inf 67.391478 inf 5.569842 77.963584 inf 37.772654 14.637083 inf 12.145656 inf inf 38.186745 inf 70.149216 inf 16.246086 inf 41.243513 24.203438 41.091777 75.893802 13.677427 80.301845 inf inf 29.230859 26.788852 87.482125 72.139833 31.429458 inf
inf inf inf 62.932075 4.785704 10.616710 4.339688 inf 10.567628 43.878972 52.861231 70.544769 inf 71.919697 inf 73.670795 18.611171 inf 31.169453 inf 65.403343 45.112193 86.591866 inf inf 8.835446 74.594788 inf 81.068272 inf inf 9.025304 97.144744 42.603341 12.385104 inf inf 87.821197 93.615946 inf 6.256071 inf inf 24.821679 inf
43.437215 inf inf inf inf 88.935651 24.498384 59.264557 35.225488 inf inf 21.802524 inf 92.652336 inf 68.239549 inf 62.089134 23.247244 94.792260 68.431091 10.651197 inf 5.033308 37.718890 inf 31.565650 inf inf inf inf inf inf 37.292639 4.796361 9.900592 51.382572 28.026416 inf 9.662540 inf 64.148882 44.183879 52.725965 inf
31.266890 43.805058 44.785522 14.127170 inf inf 98.294878 inf 92.834644 80.172798 inf inf 75.521808 inf 60.234710 62.067838 inf inf 7.891859 inf 26.762686 61.863650 60.743195 inf inf 81.684729 34.186658 43.616901 35.728524 6.556896 inf inf 48.514899 97.864292 26.684492 1.779308 91.041272 54.667176 98.420685 10.070577 inf 94.771209 inf inf inf
77.921772 84.700135 42.755143 38.422228 25.390377 73.524897 inf 91.702000 6.652988 49.606673 inf 61.197237 inf 93.475016 47.364144 28.260794 inf inf inf inf inf 80.596914 11.884779 inf 32.514759 inf 83.012061 32.307237 21.989464 99.065103 inf 50.742072 inf inf inf inf 15.475653 inf 93.169033 inf 85.926197 inf 54.494550 inf 93.349077
inf 79.199296 23.975342 inf 66.900141 90.807938 85.263677 84.540509 91.756483 35.796000 inf 13.649417 83.917295 29.778350 40.784613 12.481372 inf inf 19.264725 inf 11.164438 87.214379 74.716358 inf inf 88.637961 95.601568 inf 73.792434 84.960494 66.606045 43.070338 inf inf 69.228079 99.621936 inf inf 25.666460 65.771268 inf 38.664735 64.546452 22.571628 69.008109
inf 55.829773 inf inf inf 72.999852 69.840312 50.125175 29.916712 16.493475 19.696744 16.981756 inf inf 37.978054 54.355686 inf inf 93.709033 inf 13.593679 85.448801 85.361694 72.884653 82.240716 66.294217 81.130341 43.274641 70.394823 90.535400 46.523197 58.349882 inf 54.753875 inf inf 93.260121 66.463008 22.245744 75.810392 61.795189 10.792545 71.865021 inf inf
80.759089 91.856245 inf 41.928799 21.406148 97.724089 inf 34.210381 inf inf 29.562510 21.498481 inf 22.658704 inf inf 54.771540 inf 29.425233 inf 97.502288 11.995170 49.447482 inf 97.903998 inf 40.463126 78.437717 43.749777 inf 44.906872 33.774955 inf 50.434601 inf inf inf 8.298848 85.830930 inf 4.226599 29.409570 inf 4.642625 inf
inf 40.574686 38.956976 50.326404 inf 68.739358 7.421139 inf 45.453382 53.990928 inf inf 67.340448 inf 40.444438 41.311151 43.398421 80.568901 93.446287 inf inf inf 61.843827 87.286337 86.735445 18.731477 inf 99.234593 12.391312 inf 55.630551 55.144268 37.017423 inf 20.438509 inf inf 23.124504 46.168473 inf inf inf inf 32.876782 inf
38.896571 inf inf 98.376282 92.652139 90.345595 inf 47.884327 46.378574 85.091036 71.027345 92.244616 inf 16.251706 inf 13.631671 76.923579 inf inf 21.330722 91.706941 1.089825 3.339277 inf 76.511453 50.477892 inf 10.986922 inf 95.434535 93.917605 62.666271 inf inf 56.448567 65.672868 53.976982 inf 4.694323 inf 30.008848 93.957617 29.400904 88.106302 61.458358
inf 61.060719 inf 75.643932 inf inf inf 99.604083 inf 35.650214 57.715903 50.818100 65.105908 49.333654 85.477990 inf inf inf inf inf 86.374341 64.102064 inf 23.891993 46.834572 inf 83.430971 inf inf 50.841535 inf 39.550944 32.406879 76.897240 87.925423 26.096656 9.914715 41.179946 inf 59.027564 49.763041 26.852114 28.303893 26.125975 inf
76.729365 74.909725 46.574880 2.019317 inf 59.911984 63.138842 64.339046 inf 31.924693 46.528668 34.815004 75.570845 48.580033 57.238926 76.270583 73.353393 64.056358 inf 83.147085 21.178694 inf 34.320681 inf 57.875775 inf 24.684523 67.719108 72.836741 inf 93.863451 93.654787 inf 86.677380 92.319411 inf inf inf 87.319847 inf inf 64.172242 inf 9.637641 45.996488
45.615827 67.340835 48.926489 61.369623 inf inf 97.488650 inf inf inf 71.884015 inf 70.353017 2.371313 8.527668 73.318381 inf inf inf inf 1.366137 inf inf 47.707883 59.781062 25.133748 inf 61.388772 13.085157 19.168800 inf inf 5.063794 inf 76.173600 94.782843 inf 51.218248 34.606084 inf inf 42.187226 inf 3.011537 inf
8.032444 22.705181 3.966717 34.282082 65.449573 60.372700 17.996057 inf inf inf inf 14.722377 inf 56.553974 82.624035 52.519560 95.088559 95.933495 inf inf inf inf inf 53.937327 inf 74.326727 32.616041 inf 52.030906 inf 94.534185 20.360335 inf 28.483738 56.965366 13.556270 inf 10.067932 14.452003 19.056518 32.017663 inf 9.621472 43.728337 inf
77.778980 47.952627 inf inf 24.672634 89.080181 inf 82.197023 inf 50.243188 14.725353 12.491317 3.936265 inf 57.866454 1.611813 73.496057 inf inf inf 61.629358 inf inf 60.242079 62.440583 74.695681 inf 82.132743 7.645151 inf 62.546392 inf 53.273131 44.052479 61.810893 inf inf 8.977448 22.289520 inf inf 76.505590 inf 24.430842 inf
62.097818 inf 2.001766 99.862350 inf 75.890148 62.936438 86.791044 24.260854 inf 32.828429 inf 81.185836 inf inf inf 57.670747 19.180722 inf 81.677261 81.188476 inf inf 23.837101 25.426645 8.771731 86.824845 inf 4.339115 91.233752 5.381704 inf inf 77.481272 inf 83.584967 92.577348 67.910782 1.223850 78.382769 23.238110 75.586919 67.269673 inf inf
inf 70.723159 78.766645 inf inf 97.758561 45.639590 26.305785 inf 64.131769 50.393610 68.195692 96.721678 98.003906 inf 1.465627 86.929584 6.829104 inf 85.379386 inf 52.927785 23.908951 22.398897 83.184242 19.322638 98.266554 95.341545 inf inf inf inf 17.802268 37.313794 inf inf inf 52.407027 inf 72.847984 inf inf inf inf inf
