inf 62.501853 65.577829 inf 41.983292 2.852854 7.284904 96.321827 71.516162 inf inf 66.339316 82.088631 84.783294 19.685171 inf inf inf inf inf 93.780632 4.643057 inf inf inf 83.198642 82.007505 27.703549 97.685004 inf inf 98.822018 inf 10.673367 96.297652 inf inf 56.523641 inf inf inf inf inf inf 73.824848 35.598889 inf 75.958390 88.475689 inf
37.972511 inf 28.449069 inf 5.786693 68.601332 inf 10.955151 40.191852 66.876897 inf 93.077149 34.057351 13.205283 67.429498 56.488878 92.059421 inf inf 2.848865 33.774999 90.315936 71.738255 2.042572 9.238278 57.771739 39.290055 inf 42.324150 59.042107 58.034963 23.188640 inf inf inf 76.828940 88.766890 8.516200 inf 37.710154 63.560774 82.154901 inf 30.088885 53.268955 63.179863 81.862953 inf 9.845669 inf
13.218514 86.533370 inf 26.635497 inf inf 58.246408 77.037269 inf 64.703190 72.362950 44.731469 60.882521 inf 6.593520 46.656750 inf 39.991897 6.547240 11.328706 59.066988 59.221066 inf inf 11.290656 97.643099 61.573393 39.063564 inf 12.498979 40.517085 inf 95.028459 inf 65.873502 84.382823 28.847469 65.568057 90.518522 45.306200 14.964978 72.839748 14.167528 37.566263 60.084040 inf 73.916059 53.466582 75.203273 inf
inf inf 79.567466 inf 75.279866 19.937992 47.750624 76.548582 inf inf inf inf inf inf inf 24.122557 3.352139 23.551082 inf 17.188029 inf 58.937211 inf inf inf 32.401191 24.353264 60.611833 56.064930 inf 2.197794 inf 34.295775 30.519760 inf inf 11.566161 35.727966 78.933332 53.487384 inf 32.262643 49.646555 72.389140 29.559994 15.017872 inf 27.332305 39.068369 inf
99.514224 15.248215 inf 1.122927 inf 16.450214 81.781341 98.425691 88.489170 64.639984 71.025030 77.208087 78.827380 20.076155 inf 64.069158 inf 36.712336 inf inf 64.641414 21.776133 inf 96.072372 95.336014 56.290492 inf inf inf inf 16.706722 inf 10.239848 18.644572 69.167057 17.942302 95.640800 2.761521 98.913084 20.336506 inf inf inf 6.975903 91.997210 23.651620 19.013570 inf inf 78.420720
68.951368 97.605242 inf 79.985974 51.374951 inf 12.820601 inf 72.409506 inf 46.882693 45.228884 79.541860 75.120832 99.551134 55.684913 25.221682 9.581589 inf inf 75.123194 inf 81.443144 42.568073 1.990431 66.225353 54.259316 96.785309 48.575079 inf 73.798777 inf 3.112543 14.595710 inf 64.448517 99.355978 8.331108 inf 62.851114 inf inf 48.108149 inf 6.567466 31.102006 35.350717 80.007068 inf inf
21.984872 inf 54.064693 11.348975 55.773485 18.038036 inf 56.527109 96.752279 23.403493 32.000359 80.053789 13.357425 inf 49.340148 inf 40.772324 94.884281 inf 57.294348 26.506755 74.164228 inf inf 28.242255 64.437275 95.418896 28.740141 inf 82.727941 inf 84.090577 5.082899 6.040853 inf 4.050299 inf 53.437870 50.543837 inf inf inf 90.952383 74.057104 6.885120 inf 75.954508 95.076874 inf inf
95.093270 51.894217 98.845710 49.182914 46.402992 inf 36.289342 inf inf inf 92.615934 inf 85.714172 inf 69.909723 84.660564 inf inf 17.580006 77.955451 99.457876 inf 50.718002 51.321831 9.480985 23.676834 96.661364 21.189676 44.987700 39.295914 58.242200 inf inf 93.113990 inf inf 79.042575 88.588925 inf inf 70.933416 8.011189 4.871829 75.767144 inf 63.813933 73.443819 9.481621 inf 46.379722
38.770254 66.557374 inf inf 58.822079 47.810817 36.786436 inf inf inf 33.630611 inf 95.451383 inf 52.719625 inf 97.166186 inf 87.246670 inf 76.594832 48.200708 23.642049 40.113140 inf 54.726612 83.239702 66.566928 95.721162 inf inf inf 53.939763 98.380622 80.743462 inf 42.350324 47.973314 52.762227 2.969139 71.515826 55.542413 inf inf 33.762867 61.691277 27.800023 52.411087 40.461484 68.417716
inf 54.572239 21.567962 inf 20.631450 inf 78.589138 inf inf inf 77.997050 inf inf 40.680974 inf 6.313130 95.285141 75.238645 49.135498 3.030575 55.800382 95.992891 68.223903 4.727678 9.803370 70.120086 inf 69.118219 60.533322 81.944286 73.097371 68.391196 9.380343 inf 70.683674 79.312095 44.719051 22.948738 67.371620 97.697699 65.483474 83.787262 28.128596 inf 26.501554 inf inf 79.177095 13.818006 11.265728
inf inf 30.183424 inf 97.783693 75.773619 8.390841 70.338306 15.121460 38.573190 inf inf 99.977138 15.055162 84.501401 inf inf inf 22.807080 60.609184 13.630862 44.800215 inf 76.160946 inf inf 57.069293 10.261480 inf 99.516057 92.416166 81.833686 55.001243 34.423601 85.725113 inf 92.240273 inf inf 90.724749 38.819557 25.819397 78.555132 94.242683 73.304907 inf inf 10.710228 inf inf
48.372836 22.028161 57.636101 inf 59.081328 46.925769 16.603620 inf inf inf inf inf 66.329513 11.977560 52.905285 68.324975 inf 48.427180 58.686089 inf inf 99.284383 42.681108 inf inf inf 72.528585 33.801046 39.153621 inf 12.307618 inf inf 85.944500 1.186013 98.196462 58.698026 inf 26.531700 80.371499 inf 97.329920 81.378331 73.563311 inf 51.192131 inf 14.728985 39.896099 75.265510
71.685228 87.779930 79.360567 inf 87.387462 86.784971 81.517461 36.893099 20.087435 inf 81.016495 74.073787 inf 36.819726 inf 35.010393 97.736656 2.139467 inf 77.821003 52.299423 inf inf 75.890912 inf 92.473328 2.786482 46.903868 inf 56.139306 27.822509 inf 97.810548 49.419163 63.675933 75.589770 33.994978 73.671220 8.149013 inf 83.170799 3.522814 56.151442 inf inf 99.831772 77.599283 inf 57.244388 31.138121
90.525988 24.878683 inf inf 54.165068 35.144830 inf inf inf 12.837449 20.402803 12.496882 25.626990 inf inf inf 47.346076 4.375264 77.934849 14.199511 28.028314 inf 9.450496 2.306795 96.887906 70.341610 inf inf 15.089859 inf inf 49.489435 64.529900 49.620008 44.707781 95.935710 4.193103 inf 60.572092 28.343834 inf 34.008218 inf 27.551791 inf 78.357844 55.133090 inf 12.066956 47.749741
58.830963 12.573415 73.436428 inf inf 65.258321 74.487449 16.236740 41.570664 inf 87.310217 28.107141 inf inf inf 77.247320 inf inf inf 87.269634 36.625368 98.502697 inf inf 36.536227 inf inf 55.971403 inf inf 11.663960 inf 59.507322 inf 98.953214 inf 76.689606 37.100436 87.866038 39.184101 inf 84.153483 inf 39.740907 79.046544 17.743081 8.120046 inf inf 28.418212
inf 66.219896 54.379474 93.821573 72.643778 5.845823 inf 97.484943 inf 98.553424 inf 45.457530 92.996906 inf 58.692631 inf inf 55.415090 37.101175 inf inf inf inf inf 42.142898 inf 95.051591 57.574747 52.655128 3.528768 38.140638 55.543837 54.780369 47.331859 inf 97.597069 inf 87.573758 56.017420 inf 55.086352 21.203353 86.569482 56.332552 inf 41.324611 93.426436 inf 14.872824 26.476790
inf 26.268365 inf 86.213068 inf 65.597545 64.621413 inf 98.524555 5.523339 inf inf 70.477866 5.784140 inf inf inf 76.790537 66.709037 52.786648 28.405822 51.764785 20.314813 87.457010 98.858546 95.198679 42.750458 52.942203 34.683523 56.351371 81.317491 18.726646 58.184008 71.780801 68.092548 11.068534 inf 8.955045 inf inf inf inf 34.146163 53.125276 28.469938 95.397757 45.023577 56.459420 22.812901 inf
inf inf 14.494216 53.715165 37.031263 92.912396 16.258307 inf inf 13.145811 inf 55.892382 87.435758 33.138144 inf 99.583863 3.527125 inf 40.624583 83.948973 inf 20.743286 inf 21.168376 inf inf inf inf 26.403329 inf 15.463031 inf 64.229382 32.466094 43.956209 inf 49.062504 inf 81.242260 inf inf 86.863394 20.967052 inf 49.071762 66.942592 72.615420 72.764875 inf 77.419392
inf inf 49.221048 inf inf inf inf 62.770155 38.182730 89.365167 91.201947 60.571863 inf 73.559366 inf 41.130464 16.358222 77.753013 inf inf inf 3.294375 inf inf 84.369579 51.440798 40.623706 inf 43.777642 26.377783 74.789004 inf 80.529784 inf 11.379091 inf inf 30.533998 inf inf inf 67.090500 inf 86.853627 93.506804 24.893110 81.953995 2.421828 inf 79.594464
inf 31.810749 42.677915 67.297167 inf inf 66.097371 53.671997 inf 41.086883 16.516386 inf 83.170801 9.039549 38.439463 inf 14.307213 30.719092 inf inf 89.984159 71.497106 inf 85.418891 26.592694 66.092230 53.341833 inf 43.144473 25.127549 28.199400 71.567960 inf 78.052946 inf 78.923747 71.920789 inf 37.418056 95.772486 1.634769 22.213728 49.964634 inf 29.830630 inf inf 70.458564 4.230379 29.964711
5.066602 96.438838 92.683423 inf 51.051073 53.020497 33.756411 61.529816 81.016581 6.204974 84.636954 inf 66.171976 38.951100 54.638405 inf 32.160611 inf inf 54.394164 inf 80.399241 45.139309 41.345358 inf inf 63.501991 inf inf inf 65.821833 29.718878 inf inf inf 10.612571 27.175447 38.263452 inf 51.561172 11.250175 inf 96.003422 inf 87.327375 inf 81.359954 38.335578 inf 58.893968
11.731844 38.318821 27.337073 80.565599 10.253964 inf 55.279206 inf 15.351859 3.372813 19.484067 17.132181 inf inf 56.595907 inf 18.681314 86.510493 41.171646 71.021332 94.255360 inf 8.170578 inf 56.209685 inf 91.236872 31.779339 inf 6.897337 37.603434 inf 38.327005 inf 81.161148 inf inf inf 90.545759 inf 3.715101 1.468621 92.961286 inf inf inf 80.200522 72.608909 39.283638 inf
inf 54.554990 inf inf inf 69.186596 inf 19.180290 16.959965 66.280414 inf 17.941235 inf 47.280590 inf inf 68.360055 inf inf inf 46.651110 73.827293 inf 94.236528 inf 33.038016 inf inf inf 52.935685 inf inf 75.781228 inf inf 91.640063 81.980386 75.898517 44.969336 29.034304 82.380573 inf 39.304509 inf 58.206145 23.612222 99.012679 39.203636 32.845849 inf
inf 79.425177 inf inf 75.841068 19.218969 inf 14.858673 8.151838 73.444825 12.839956 inf 80.320345 21.398116 inf inf 86.429166 97.010794 inf 87.133533 55.539621 inf 81.225450 inf 1.800911 31.333374 45.349866 76.641741 84.859217 59.554440 42.415750 inf 2.111116 inf 50.966145 85.404662 47.079983 90.791967 56.010334 1.550822 77.307168 inf 67.163195 1.591931 inf 19.178270 inf 4.412240 67.812370 3.601024
inf 74.205528 86.541199 inf 10.850166 77.545597 92.764803 48.330561 inf 13.459954 inf inf inf 24.388629 2.349176 20.384256 3.610831 inf 2.960170 76.581916 inf 98.500285 inf 90.603354 inf 71.114687 inf 78.360067 80.833575 40.977612 inf 7.598957 14.472530 inf 7.066928 20.760225 35.751670 74.138971 35.544234 inf 5.869942 76.780225 inf 81.474563 74.433253 98.587514 75.196802 inf 98.331039 inf
90.870404 68.005596 49.743813 16.272498 65.925393 73.753882 46.603831 49.090717 93.627907 10.727890 inf inf 60.566453 60.589737 inf inf 19.274427 inf 49.960510 27.204262 inf inf 84.812260 56.490267 77.031931 inf 7.682777 24.700513 13.485814 inf 55.689542 85.075262 34.245814 57.394019 40.069043 79.143061 96.486268 61.006191 33.411076 9.606930 48.419654 inf 98.296051 61.946459 47.349051 63.365150 56.762252 inf 40.801521 inf
33.660222 14.264078 87.378346 37.091832 inf 83.695660 50.920739 35.844473 4.997474 inf 32.564273 77.176409 46.142593 inf inf 25.734063 89.098977 inf 47.150883 58.032713 68.426580 55.743629 inf 50.229926 inf 95.963003 inf 21.229654 79.988742 98.711491 inf 91.095613 47.424302 24.737808 21.441941 25.406700 88.886703 inf 76.873076 77.836573 97.345110 inf inf 70.802702 14.122763 55.969428 inf inf 64.851347 inf
33.999312 inf 54.827703 16.813161 inf 12.482230 76.454807 87.650872 20.284436 21.723368 58.838091 52.099399 52.152053 inf 55.991481 75.172397 86.424295 inf inf inf inf 23.889487 inf 30.061347 96.114995 53.593691 71.004730 inf inf inf 7.996727 15.753214 47.708874 3.433914 56.999435 inf 72.064537 52.737579 38.212554 79.260398 71.808728 inf 53.249094 53.600832 48.101221 12.199440 16.437286 72.916555 58.724195 inf
66.884259 35.617146 inf 6.422939 inf 84.195749 inf 16.333083 71.209160 74.043585 inf 68.786195 inf 5.099574 inf 33.023822 35.645913 43.827970 22.511540 25.608881 inf inf inf 14.462357 58.496388 88.732861 32.178171 inf inf 62.107608 inf 51.024800 2.647135 29.440962 54.784869 inf 95.143387 58.758090 22.846477 66.685039 80.167459 68.915356 48.616743 22.245031 91.867120 80.075214 36.443593 75.750678 77.121018 38.404120
inf 45.685787 85.537065 inf inf inf 67.042390 98.686283 inf 9.677055 74.402438 inf 21.874701 inf inf 36.169248 93.803883 inf 64.423658 92.391213 inf 2.650894 86.176786 86.690628 47.048969 inf 40.260178 inf 80.014984 inf 45.795283 72.935415 inf inf 16.390524 inf 28.537587 57.019212 21.501278 40.003835 inf 36.915484 82.751416 72.887077 inf 84.908732 66.077694 14.659842 22.810197 98.698137
inf 48.476800 89.563103 74.869640 34.765333 84.321457 inf 67.841687 inf 29.274673 56.890830 62.865034 61.925188 inf 32.463833 72.548611 61.225552 85.072524 56.337034 25.425355 96.320068 4.503555 inf 5.929248 inf 88.345807 inf 72.874645 inf 55.757200 inf 84.307207 inf 17.715929 inf inf inf inf inf 16.790202 25.370732 56.265762 76.432960 28.221971 85.156005 58.238841 53.710024 98.388891 14.823216 89.850120
26.857047 26.352351 inf inf inf inf 18.156384 inf inf 94.298291 55.596042 inf inf 26.801719 inf 39.615210 6.725991 inf inf 72.109752 50.162104 inf inf inf 93.170046 99.174705 75.436561 42.310951 83.540772 12.513813 39.090449 inf inf 16.788400 75.445732 inf inf inf 16.086282 36.836507 92.079905 inf inf 11.388873 inf inf 63.522832 inf inf 63.504516
inf inf 49.419054 95.750919 33.664360 23.202576 18.860194 inf 32.100579 69.081238 26.617420 inf 73.462113 10.752152 97.934964 43.574333 15.817646 4.394463 7.813303 inf inf 56.312077 65.355278 27.269297 12.805644 63.535734 63.062246 63.023751 84.186861 inf inf inf inf 57.438313 85.666564 39.768177 inf inf inf inf 22.496368 inf inf 10.000744 46.008839 inf inf inf inf inf
3.187299 inf inf 56.735910 24.287810 16.717938 86.850703 31.714207 35.970276 inf 13.584907 70.040118 39.314632 38.256994 inf 69.922425 30.298885 45.866724 inf 56.206774 inf inf inf inf inf 29.426276 23.210198 41.276507 67.682229 inf 5.919538 42.880312 71.242915 inf 98.715699 22.467159 inf inf 12.765766 6.357210 61.589525 40.321216 inf 78.996021 inf inf 39.900596 18.073421 35.573784 39.190392
94.785943 inf 92.932030 inf 31.631107 inf inf inf 18.004428 75.601795 31.292170 41.994009 4.767333 26.997570 79.371806 inf 20.070688 59.951525 7.734706 inf inf 75.525719 inf 52.761535 40.488014 81.179920 5.745316 12.033258 77.736575 8.818783 inf 90.130767 30.432765 13.211017 inf 82.332909 87.662170 17.029434 inf inf inf 34.676744 43.530108 inf 30.906028 inf 12.294507 inf 45.360024 58.270066
inf 95.225591 67.974852 inf 47.954137 55.665933 26.936648 inf inf 2.308683 inf 62.159797 83.765844 98.895362 inf 94.425781 85.433318 inf inf 63.433329 52.720658 inf 68.820629 40.255939 84.008644 99.311160 85.921031 inf inf inf inf inf 49.953332 71.641453 39.191131 inf inf 8.092605 88.699803 1.410411 inf inf inf 66.853000 inf 74.193778 inf 18.076169 inf 32.043807
inf 50.434291 91.095368 34.655974 14.487898 35.668910 inf 46.513758 42.735705 97.575908 78.750366 11.375821 4.489669 82.590806 91.567336 inf inf 9.202718 inf 58.319538 90.623875 inf 50.833348 35.419265 45.915976 26.220008 41.828041 71.407367 58.092244 63.628070 inf inf inf inf 26.933130 inf inf 55.777864 18.500770 inf 63.184296 inf 68.751355 inf 60.820899 75.937429 98.203685 48.075963 57.910427 inf
67.120151 95.002085 64.374869 51.208451 28.527054 20.006795 17.601164 98.985983 2.512820 63.089790 inf inf 13.346547 inf 68.356297 87.533716 43.130651 inf 98.498976 inf 67.195551 inf 77.048029 79.374164 76.008839 15.432323 inf 34.590399 82.852350 23.195914 inf inf inf inf 43.852802 86.135568 33.253829 inf inf 71.729427 inf 21.017826 59.336326 12.967234 9.220356 inf 16.172277 16.251915 68.076943 75.647535
inf inf 66.834066 9.540524 94.133901 inf 71.829721 inf 51.796646 7.417836 inf 38.994703 73.832815 80.036448 60.272547 44.906797 inf 81.598760 inf 63.437415 inf 35.488572 60.589016 18.908399 87.371644 84.425380 81.980171 19.565852 47.921834 32.667025 inf 89.326003 inf 48.028784 inf 79.765206 30.502729 inf inf 7.369531 inf inf 35.771363 23.897107 inf inf 26.942845 86.057366 26.050317 33.710959
inf 12.749826 81.704832 31.485085 25.004317 3.586287 inf inf 47.549528 22.808784 78.023026 96.313917 inf 32.674821 85.451128 inf inf inf inf 13.818468 56.631439 inf 58.427754 67.020449 inf 5.594291 72.063103 17.229607 11.861400 57.195129 51.127448 48.611069 inf 7.695704 inf 20.709504 inf 56.705206 55.760654 inf 14.969427 7.295756 84.481210 inf 61.130652 inf 61.205491 inf inf 11.507752
inf 27.108983 98.952272 inf inf inf inf 21.952788 83.363829 31.318637 57.283370 inf 76.709313 inf inf 71.737965 inf inf inf 66.482677 38.627130 20.967000 71.848926 64.198949 47.995993 38.740107 97.771594 41.666814 60.693786 inf 75.213348 94.956469 67.886465 98.873546 inf inf 66.347866 inf inf 59.420355 inf 42.541393 inf inf 35.959288 63.535761 83.681681 inf 81.539450 63.545173
inf 72.856907 53.710519 88.563436 inf inf inf 76.243373 61.498403 58.708341 25.515914 48.007230 51.747042 10.077584 50.098232 1.395763 inf 14.968738 67.005792 48.752016 inf 88.224789 inf inf 83.514829 inf inf inf 92.726693 28.849030 97.175735 inf inf 61.802449 4.714304 inf inf 79.412092 inf 73.534478 84.543482 inf 32.968019 79.011592 98.449952 80.753253 inf 28.025371 90.168274 2.735958
inf inf 67.559777 13.686623 inf 56.071128 21.331249 37.302364 inf 27.335480 83.699692 52.780470 49.953317 inf inf 18.288316 12.278876 66.266621 inf 83.276524 52.323451 44.454656 15.331379 49.918496 inf 44.277164 inf 65.693758 79.729337 40.970505 79.244783 inf inf inf 41.620327 inf 51.300835 7.679050 10.455880 21.509245 inf 84.413093 inf 25.888119 96.625802 37.287347 61.241758 50.889571 67.890370 inf
inf 59.643755 27.179177 69.351306 88.353808 inf 60.474818 39.506091 inf inf 10.595505 27.690918 inf 65.502989 42.588982 97.095569 86.038068 inf 50.648854 inf inf inf inf 45.562272 12.589606 91.659781 56.403413 9.433695 53.184484 51.913038 40.820772 14.414818 59.302422 96.040962 inf 50.192617 inf 75.020261 17.229063 inf inf 91.568975 15.627725 inf 62.786171 78.842543 99.347576 inf inf inf
98.235206 63.744133 76.882004 32.498637 5.368755 18.807337 5.004458 inf 15.368517 6.941060 41.576026 inf inf inf 51.599813 inf 45.330656 59.204415 46.599175 24.480080 63.428929 inf 1.290236 inf 90.216239 89.259452 81.744250 87.524981 44.134162 inf 67.136439 inf 55.689717 inf 79.446669 inf 15.634048 56.550047 inf 22.822529 2.897146 29.496225 50.699662 14.786349 inf 56.480385 84.748782 40.559322 16.635809 38.322226
14.275724 10.880062 inf 47.861843 47.785541 82.113124 inf 43.169337 34.318620 inf inf 70.165597 53.909214 37.356857 42.419309 20.991772 36.243732 24.559524 69.164212 inf inf inf 13.963481 47.319398 54.780580 42.996611 14.237952 56.817308 61.464764 5.212257 45.055455 inf inf inf inf 58.516909 20.142785 inf inf inf 48.463348 14.229532 73.120276 77.548952 97.222581 inf 36.781298 79.840546 62.272513 inf
inf 12.734569 59.952136 inf 24.535964 48.960453 39.840313 44.531461 53.499495 inf inf inf 84.781993 85.172177 51.042448 6.791023 91.429442 71.304722 87.273015 inf 22.167077 60.540255 55.002112 inf 93.133016 38.951526 inf 29.616751 78.259758 30.758806 91.271103 86.867820 inf 90.660912 59.787453 inf 20.864489 38.507628 66.395937 7.322091 12.552767 inf 4.106304 54.658435 21.628570 46.363877 inf 99.217993 72.315820 inf
52.980185 inf 22.310285 9.764335 inf 7.818410 17.876122 26.312394 92.634318 37.783759 25.605149 34.396422 inf inf inf inf 13.358562 23.828853 66.320839 20.564529 76.837608 85.118562 63.129056 86.010488 inf inf inf 50.974403 15.277089 11.993382 81.978429 inf inf 9.479794 inf 88.595410 48.835440 64.297332 28.963453 inf inf 67.989149 94.322216 inf 56.715012 52.233399 79.060698 inf inf 87.059950
77.971225 8.493775 8.595415 19.028338 inf inf inf inf 25.081078 31.248068 inf 69.253955 99.895850 70.398284 inf 14.391827 58.497466 inf inf 51.879586 inf 73.012073 82.451753 27.331830 10.895070 36.108793 39.982329 51.576456 13.423314 8.427506 92.167867 inf inf 98.431849 45.210170 inf 98.834856 37.202699 74.408695 inf 90.822077 30.126544 32.064531 inf 76.194506 68.715764 23.233179 inf inf 99.662395
inf inf inf inf 99.156448 inf inf 39.284569 87.015200 73.502304 inf 72.212631 61.393580 21.840949 24.697827 15.009028 inf 49.132320 14.960238 83.987589 56.071843 inf inf 49.843469 inf inf inf inf 52.587705 84.124284 82.473954 1.644028 inf 2.364357 51.686208 69.809382 inf 4.881406 92.218891 83.414034 52.883439 59.938067 inf inf 6.210261 inf inf 5.742120 69.989553 inf
