inf 16.642305 63.394181 30.850485 19.150517 78.542105 27.304126 15.733829 86.799615 57.630580 34.546902 75.659095 52.225590 21.730207 54.891676 11.837962 46.377352 63.705432 82.078632 39.988459 91.323945 57.635832 28.997385 45.052243 85.647308 74.107887 37.611202 17.644164 35.343259 60.667389 2.353393 8.147375 39.182060 56.148836 72.255478 79.149444 46.449968 4.893801 7.114252 92.706098 92.793237 10.715779 15.475978 63.488843 13.369700 7.072735 54.414569 63.746061 69.351842 71.906292 52.806356 72.770792 45.717412 39.727560 36.491209
47.276102 inf 96.578587 7.954555 51.093876 25.046846 50.422410 29.289018 73.004201 71.006253 59.626342 65.806538 90.613463 52.579548 1.359691 3.876965 70.510332 15.870475 20.635516 45.796410 61.729815 5.036552 14.698747 22.939151 89.557652 57.326036 51.564132 72.781388 15.774247 43.482223 5.990099 74.697372 87.220455 92.148780 99.186216 89.255742 69.650408 39.071087 8.831366 22.039411 26.685425 8.001569 9.313860 57.124776 42.647929 40.843817 73.892089 77.492689 52.949828 10.871034 96.694543 65.109011 5.469074 53.702795 82.597310
68.546916 64.770939 inf 83.988909 8.451877 91.154949 21.787077 99.044618 23.607434 33.215837 43.349329 52.071497 29.016283 53.535647 42.765290 11.202820 10.883899 28.320165 55.034868 69.855686 66.054768 85.550130 7.307268 39.296249 36.049170 71.137235 15.272705 74.743809 82.585014 28.172574 13.398144 75.381375 88.208580 38.325673 51.441098 13.639665 72.528661 45.134025 94.846473 98.241820 74.618799 95.617033 48.977356 79.678857 19.919867 76.913934 58.381607 44.237720 92.413358 34.613897 17.156458 3.406501 90.071189 7.472920 10.695134
18.636291 54.642087 28.523379 inf 1.119497 37.062155 79.850593 2.657714 64.753313 59.713315 38.958524 70.775406 48.379065 62.114075 66.344522 87.058581 92.573655 32.082535 81.660890 86.947964 65.324698 57.576736 81.193422 89.920664 62.513006 86.012732 97.132555 16.364805 52.973030 19.430973 53.723044 12.151432 64.393150 58.611453 71.536452 33.632424 23.697690 7.089696 57.467522 61.587424 57.877337 88.853656 86.870362 29.470790 69.888345 73.998844 71.835735 24.052503 82.409933 13.567642 87.680730 51.760277 68.926401 15.180616 78.492718
90.169048 10.973771 16.369978 90.356366 inf 22.276987 9.937726 60.688082 9.094311 36.659506 85.863723 86.884705 14.180703 64.387945 73.487962 98.883518 54.963188 52.748227 24.845961 74.927225 72.990416 40.720172 64.402699 58.437685 87.798794 75.348352 78.497238 92.921822 87.955874 8.707603 75.534270 94.472894 14.011193 36.498942 43.495718 95.892795 45.489794 21.887680 52.563219 90.092497 36.747323 33.088641 77.975982 32.913794 69.203376 11.656691 52.161337 26.071386 28.803761 47.085445 50.484300 11.246364 16.248638 10.137823 34.673458
82.707784 55.070417 6.736100 19.435194 12.722090 inf 88.559878 32.129355 64.040041 12.392836 6.609618 2.127059 47.957529 4.803410 14.153809 2.973986 31.253501 71.642932 65.211561 22.789221 65.685562 73.590479 14.456944 91.377602 79.844193 55.970478 96.602417 61.020408 75.566187 55.114899 82.625168 25.318992 38.551343 94.084541 28.523792 25.544503 88.319230 65.515969 13.241316 27.669290 25.611307 50.250162 85.916019 13.506803 65.133776 3.924386 17.581143 51.653198 69.909726 70.880098 7.641527 95.907279 91.842004 24.701631 25.130580
39.205488 50.658423 78.647164 67.087044 77.699217 52.748410 inf 55.456112 95.854124 25.951586 44.077962 30.597451 21.930607 17.297531 10.208253 9.288098 38.458912 43.591897 33.757986 33.851420 54.143347 59.011169 6.169068 69.358376 91.929349 58.577484 96.510790 50.541900 74.985443 29.395278 88.532012 77.511618 67.309882 98.546429 19.495001 80.123460 57.748667 88.603433 2.356628 70.330432 18.710420 49.442424 18.231093 64.771957 83.368935 19.753208 93.898614 45.789793 44.902238 16.937545 62.643179 20.343433 10.618231 52.702534 34.283012
83.425360 86.781818 11.786013 46.699529 72.047498 73.235309 80.677099 inf 35.560912 32.142537 68.779204 81.742846 24.515813 11.497257 57.462230 40.870252 22.497078 79.172123 10.755040 70.006717 30.678685 96.316076 7.589032 58.141756 60.608006 96.687566 58.375275 16.104459 56.843775 6.844362 76.058376 90.446608 59.099032 7.373024 23.746595 80.604530 72.594081 85.156498 53.053931 49.512313 58.038361 39.940911 94.682044 82.373849 54.733890 71.387448 85.522982 3.263543 15.617074 6.251840 77.757482 52.988395 50.188296 97.878267 21.199458
56.757264 82.265030 9.394152 3.245302 13.538536 22.561024 89.512015 61.638419 inf 92.212977 26.506941 22.326992 61.294114 96.854181 5.950561 84.213581 32.702807 85.929415 34.019256 44.347522 65.293391 36.148121 51.997416 38.267153 53.900892 45.382511 90.736225 6.297353 47.785372 29.185203 36.468958 36.336410 56.645497 31.673127 20.608911 25.372940 76.707936 43.236640 97.263791 71.880064 34.973655 54.645941 95.769790 43.927304 34.412524 60.678630 27.911133 97.404926 15.425114 90.102512 74.639394 66.604137 67.003692 36.716987 36.283776
81.577926 22.423484 9.984431 16.005315 28.043231 52.264131 86.263094 24.209020 51.387523 inf 86.022260 80.291341 32.522298 35.297600 31.452568 27.438007 33.017788 91.866141 54.716512 82.884023 46.915949 94.886888 18.905081 81.696810 33.439935 75.033263 20.753231 43.997724 15.074899 77.657339 12.112970 9.074911 51.889351 73.811675 68.425050 85.637414 1.790622 82.663285 48.081305 59.840340 67.261992 71.672135 75.977807 13.702480 16.316283 93.457957 56.849854 8.379680 84.129234 16.134995 3.176066 35.418406 63.800704 17.608849 5.565926
77.807946 58.485665 65.449539 8.223393 38.219515 94.195263 40.077044 60.328987 28.541129 3.526307 inf 6.015032 27.364376 31.948673 95.032611 43.142782 29.776015 18.821545 36.969310 29.826769 55.844237 93.141058 84.193960 98.797269 76.432731 83.411729 37.083772 1.572209 77.339274 84.800679 24.159355 99.664082 15.152882 9.658533 62.663338 92.495313 99.173091 31.058879 56.679430 46.179946 25.879240 24.033855 99.712652 66.403700 59.076220 97.158660 63.378660 81.693372 37.050659 2.419354 52.033715 35.811456 80.666374 66.663439 3.475942
33.746113 95.398160 43.460525 86.706172 39.910987 57.976781 34.103654 89.967349 82.968492 81.873310 2.494649 inf 76.465063 36.860737 96.417269 33.005193 3.408631 88.169635 45.584187 32.141474 19.667914 65.108098 55.844568 10.525868 92.416950 73.617519 95.291343 16.424113 99.053742 55.863542 46.689507 23.958143 77.592114 51.209504 95.450498 43.107315 28.190828 22.468483 89.786995 92.422141 60.626081 47.247510 70.528831 44.007426 5.858360 72.424273 66.248868 33.857848 40.470965 14.290271 16.710547 35.121644 85.017155 12.595504 44.509387
47.537855 31.065469 63.173111 58.560772 18.861661 98.249593 67.311329 55.761061 79.645578 11.118559 65.086340 72.006028 inf 55.237116 30.044579 6.804624 87.057763 32.032337 59.478809 94.351811 20.549980 65.377962 40.994572 74.890507 64.593699 10.255104 54.164510 4.353841 42.334050 56.575160 86.506979 74.932611 5.833645 62.298373 18.800004 70.604773 65.651777 36.002049 82.369510 84.189284 67.616623 19.459238 55.813401 31.834927 92.877281 94.453862 45.265500 74.996489 40.127625 84.138407 56.111025 93.246227 36.347693 66.286926 20.596709
36.303431 84.119291 96.143644 62.298447 4.299652 72.346049 24.820051 33.641991 43.272988 8.311901 1.634092 82.082957 88.315907 inf 85.348431 23.950708 89.204443 73.839806 65.300871 98.858166 83.580244 96.036701 43.173515 67.672167 97.589008 25.291019 17.953734 27.471946 57.685501 21.762068 87.527121 7.591907 41.820454 63.587648 87.389367 77.531279 34.825554 21.539196 15.866929 45.128755 49.457125 78.098367 72.337778 3.691921 59.005004 40.731042 18.459154 53.557830 87.889784 28.981311 16.277308 79.732535 67.691456 43.558870 27.024287
62.803157 12.380048 68.393576 50.015978 76.688854 35.759634 92.095807 50.852283 75.315368 33.200353 72.211139 79.448041 72.787313 44.487595 inf 54.748712 83.666554 10.464281 9.011815 66.643811 81.832738 39.587379 53.724921 59.051420 9.233682 39.609387 57.381018 52.450743 49.706935 1.178114 78.424810 36.945664 35.499163 32.419207 68.322801 19.823397 48.945366 56.544851 65.886961 57.928384 75.083806 96.269323 42.609274 56.588429 48.921984 1.224355 79.940178 15.025700 83.950031 43.608816 25.027795 46.748046 36.673827 16.199643 90.697952
85.920929 8.221638 95.640241 35.481041 74.654454 87.806373 36.714647 21.392454 91.661861 4.009402 89.835220 45.118618 27.446698 98.682623 58.101918 inf 14.278774 63.680351 54.411964 31.014098 15.393399 92.339278 20.454844 97.807207 33.543383 56.478565 82.561969 5.302207 79.595458 65.637240 51.861861 2.070151 96.337378 15.229491 80.559046 30.311645 51.540377 73.427431 80.474389 74.109929 23.941943 87.439152 3.051334 56.739933 70.417791 23.805123 7.784015 75.373542 6.759459 54.857670 93.484687 79.529445 77.742883 73.669834 85.736536
37.966338 10.382903 95.270999 4.189704 28.004255 56.750479 41.358887 49.341844 15.080625 18.974268 94.531103 13.582560 18.806094 82.839204 95.655570 47.346466 inf 69.015019 72.259674 16.358312 62.822908 1.716887 89.977499 48.052692 18.982356 10.875987 82.491305 15.800465 84.087497 3.761825 74.770705 56.562564 27.233079 88.224996 4.791642 41.498258 71.908969 65.865206 97.560034 59.790191 62.486561 87.325698 63.641192 7.819097 45.570997 48.404496 82.481963 91.686522 82.038747 22.298612 97.074302 11.495083 40.206249 5.053603 35.522447
86.245159 38.399771 36.260501 67.983760 54.404014 57.376846 32.321500 26.289195 46.023026 91.936266 25.029257 10.007387 85.468785 38.053683 35.428825 55.310204 73.671689 inf 7.324557 21.068228 72.835891 22.912753 80.938701 89.014949 72.113618 55.799020 81.636694 70.610083 70.361411 29.832010 91.229429 22.982861 24.154429 13.226077 43.340260 65.588509 15.641455 45.430601 43.759687 28.099875 94.520185 19.395970 33.416174 88.780578 14.593823 28.308525 49.756762 89.216166 9.187884 96.336975 83.048426 58.386974 87.185457 39.851760 80.837703
55.538223 64.481449 32.068615 58.458949 90.068494 37.331753 72.412457 91.872534 70.482073 71.867254 25.181546 88.119942 52.240319 68.019726 69.833327 46.831791 85.285107 4.042134 inf 47.601173 57.924446 51.386531 22.012188 52.899430 8.264692 31.567981 61.314654 9.330513 46.227608 97.475517 77.537349 84.806588 42.724641 76.213171 82.204815 64.968540 58.071484 10.120443 95.940721 3.590211 27.627451 44.770312 41.044846 66.028029 4.594020 31.522578 95.729737 76.761806 2.836379 75.673701 88.953495 65.083338 1.874602 17.891104 97.310182
81.471906 61.880923 47.544053 94.201367 68.637860 78.892916 65.435236 49.482850 79.958810 30.361503 60.474986 6.719411 22.766304 24.487864 75.962780 94.821796 66.712023 69.054407 52.179108 inf 58.740921 87.875846 3.169507 40.264019 82.377075 65.024453 93.080645 81.082573 26.579965 98.322624 20.741691 27.822120 2.085130 47.213129 56.095602 50.148409 76.620237 55.442816 24.589987 61.547372 55.856325 85.600614 5.228536 14.991525 76.867225 87.958927 52.435326 72.682545 61.042024 55.134429 66.885677 53.624422 38.200900 19.731922 84.838449
61.982941 53.673907 69.326324 95.457307 36.113487 37.687555 98.656023 84.215199 10.622802 30.132558 68.166251 57.371390 96.923833 33.760425 1.051682 55.532629 34.281045 67.488279 96.631281 49.762356 inf 8.432869 88.538218 90.517899 3.398029 76.604712 95.773970 77.101194 8.377944 37.407752 39.816381 22.484380 93.540046 42.788158 54.793930 98.719118 3.955662 28.827081 88.838802 40.413738 62.299832 60.187982 91.761145 13.724461 8.897616 57.937412 46.702385 62.983596 17.042113 6.473452 43.517859 70.454318 71.940896 66.135154 16.455611
7.038236 25.798919 49.581968 44.847747 13.508031 77.722810 21.256738 52.977803 22.483473 58.617405 67.845551 83.631041 51.940798 70.555222 84.198708 20.813924 5.093677 46.726125 98.774228 91.593306 96.745344 inf 10.036573 36.364864 36.845395 38.654502 21.375182 97.939480 95.565884 56.628876 14.765172 52.745315 90.924392 41.516890 24.046176 14.053329 81.812376 41.172479 18.488879 92.862857 58.676214 77.124260 33.401840 18.567717 45.346979 51.629239 86.294048 15.676138 32.366700 6.589287 37.477657 24.862445 72.609354 81.673609 60.743376
16.517015 28.809672 12.123168 39.057611 49.362610 1.250615 45.068914 51.847697 37.471818 91.138275 5.940125 27.874699 61.221595 20.569159 90.395136 44.708124 35.518369 59.096330 70.526965 33.029097 25.207073 15.683034 inf 73.354210 81.513789 79.561471 85.745658 29.350406 27.803204 60.762226 4.771886 80.176397 73.004598 42.518065 52.199198 11.617737 90.165039 95.124768 6.374191 18.963289 29.687895 73.324019 95.832199 13.912785 1.340981 80.327219 60.582937 61.768946 72.171391 60.034887 53.651867 34.286540 52.680796 53.820580 10.892465
59.114133 61.030423 83.114773 15.975551 42.788079 14.732212 76.770771 39.611399 71.775051 82.404008 62.377090 91.129763 9.522958 19.674527 46.261206 68.632380 22.817603 18.351363 4.419564 38.603341 94.005538 41.379127 80.261306 inf 77.020507 75.291772 5.671061 77.285563 18.024825 59.748377 70.781191 93.798256 99.991322 81.368348 73.204565 40.500988 54.969483 6.274833 30.238920 14.720775 25.628922 88.624126 24.941720 90.009832 74.249931 40.667561 78.361774 93.825916 77.985114 77.735693 24.188353 64.231219 68.176327 79.325061 44.124469
98.272811 99.123641 67.506302 57.985070 2.318401 13.883545 71.085255 99.287145 82.868276 28.390810 91.308710 79.840243 59.861182 15.298732 15.868520 35.964164 30.101066 84.065325 28.480461 12.653034 41.299829 27.935431 40.810201 7.903704 inf 96.734345 2.335453 19.605423 8.962940 50.222662 62.976711 16.308375 87.511303 56.997253 79.282404 68.511396 61.230602 53.264197 60.096347 89.531385 38.579522 51.163564 35.577496 41.416745 39.445875 33.891913 92.211388 59.030540 70.446573 2.211320 35.386383 71.702717 96.844227 77.488277 36.942150
3.793131 58.297871 1.424018 71.003166 36.986598 99.263566 52.511534 61.567631 21.478193 86.257175 78.270054 18.141097 10.841820 1.945066 61.219780 89.315113 36.556586 28.415054 52.734720 57.362884 33.585632 45.174397 96.916497 4.280886 7.180321 inf 36.732665 93.726437 62.987106 87.004339 69.254444 70.105879 22.139911 66.236084 85.468968 15.414767 93.930880 7.931726 14.736839 4.330184 38.092867 57.516097 32.339642 33.728588 99.255531 76.608632 86.932174 69.120670 33.322669 58.006847 58.701518 50.193329 70.734881 99.319121 95.262739
80.050139 97.213945 28.229296 54.479927 31.819043 80.221945 75.370678 95.871548 92.406821 53.741060 34.050398 8.664186 81.162714 20.405536 80.902575 15.236472 56.959962 72.880038 76.252096 70.335319 48.404505 20.785413 68.892553 35.504368 51.558644 97.158114 inf 53.257564 46.265803 22.570256 67.942532 14.399617 1.461449 8.882780 61.026775 39.361675 76.160600 58.846176 6.725328 25.984667 1.415798 76.651281 10.903502 78.096533 92.970277 37.740528 29.217132 43.288508 45.275209 81.911346 75.437957 40.921956 55.744149 64.085781 28.599569
49.417159 3.599885 42.076043 11.475447 10.656105 91.812079 69.790730 71.173447 57.007011 94.755784 4.696421 6.862228 65.437726 28.823586 55.936300 88.655462 76.557690 81.319350 15.665513 6.602936 82.497700 6.555166 14.089064 63.349473 62.836601 93.886977 63.951867 inf 43.769113 16.205606 28.348879 26.515610 74.907840 38.443676 2.041722 58.876788 97.499412 49.037927 97.865721 85.095774 43.365050 25.792940 15.917274 96.510522 38.978492 25.178913 14.822109 48.724806 6.347050 26.891153 77.919435 11.242913 21.443866 21.320567 55.444548
43.151840 33.427927 53.564580 83.814746 56.288654 48.997595 69.928777 34.811557 31.521456 15.813462 17.948276 34.655862 82.232911 30.851269 88.187166 31.927172 72.088364 19.341832 61.510676 17.783698 50.071773 27.397459 37.738818 36.681406 34.950330 54.019009 5.149713 16.062150 inf 96.789584 41.101899 14.546037 60.342439 53.589888 28.662396 12.863547 55.161355 65.043481 78.958761 90.083985 60.060259 4.507876 76.783415 56.695197 98.301556 27.229100 89.201077 13.435688 2.890470 71.145547 72.878777 90.479341 20.383677 51.494153 86.097476
17.721484 73.564098 85.999708 1.197855 43.575300 10.144866 47.475070 67.359107 56.892843 47.282393 35.771223 12.810724 49.258784 48.522598 12.881659 3.899936 63.647390 16.835311 2.129589 99.138181 6.725987 55.946849 69.256828 48.804443 11.555852 72.705340 51.862926 95.887432 15.910552 inf 66.574662 78.347441 80.672388 23.228997 87.808331 88.117648 34.321687 18.531864 28.590187 38.418521 69.686532 35.675526 95.664866 45.376941 58.786304 58.290007 27.431227 64.051389 84.435826 12.253197 26.599011 15.318334 72.718701 40.822000 11.093117
1.140271 6.142832 3.684297 54.075508 66.444710 19.081070 87.953209 4.437737 80.880403 43.369360 55.792128 31.094809 70.953864 76.935044 56.903400 61.502241 80.170457 52.627498 52.044021 59.235810 84.178106 92.279149 74.409865 69.297343 64.739998 26.253975 89.724426 11.391822 24.532140 37.372521 inf 66.590081 33.622073 20.799409 33.854979 53.707150 16.979940 44.727100 55.804005 70.526740 8.834650 11.059751 92.220585 9.566450 53.623726 75.213263 18.315652 41.681389 21.167631 36.319489 83.741978 24.544282 10.688552 65.174956 15.709990
34.970241 20.065576 71.091170 42.542050 97.197247 24.686382 34.228861 43.672086 97.483272 51.524786 28.145934 2.666741 84.443867 50.455824 78.394692 39.047892 60.973375 47.701790 10.127393 75.227283 63.456120 38.574299 34.221301 44.211701 30.107748 38.382436 82.271571 15.934597 92.754591 23.736133 91.393946 inf 20.176062 59.123433 89.820631 86.378823 90.009594 80.700579 40.622184 61.894917 19.448176 41.348031 17.511371 83.934616 18.519708 77.248818 3.295513 27.284924 52.154742 87.069132 20.542615 21.789666 48.919794 81.987061 29.669610
87.129421 69.842550 85.075157 68.331322 29.727403 25.923761 39.248626 7.974115 83.598507 37.072597 94.729932 25.984512 19.302586 37.817854 59.524352 11.036689 14.367812 7.227469 79.111883 63.664743 82.147549 39.254946 57.839813 57.687102 2.603968 2.519990 11.330039 70.366597 17.340866 93.153108 88.679842 89.348256 inf 36.450265 83.160014 28.171407 82.565034 22.240193 96.755194 45.648823 52.366992 20.404461 79.575653 63.090416 59.221725 35.961142 54.994404 20.822460 76.246292 54.583597 44.650051 33.805113 70.437563 4.999719 85.777648
7.362714 52.138951 92.130062 73.932789 19.657499 34.479711 12.986584 12.091958 4.407580 99.332148 69.580695 59.300947 48.507559 32.417677 81.210142 67.328762 35.781356 13.564909 9.999573 87.847738 67.467402 6.470187 6.149945 33.083479 81.109666 51.724248 52.605174 60.921221 92.098618 92.450450 68.560100 78.067657 55.754064 inf 56.216315 74.573082 37.804787 64.007778 15.262794 18.447754 98.463030 6.251194 12.214486 24.730491 49.801365 4.643538 56.246713 98.746644 31.713935 95.031818 93.989581 62.104306 25.866697 32.656698 21.674412
26.947234 30.815156 78.258693 98.819429 98.416237 88.254992 96.468597 75.771961 33.947993 93.535573 33.971074 62.253472 61.717558 58.407739 74.248902 28.898328 12.332951 11.398382 3.092581 78.214850 21.182290 4.500457 96.739996 53.545253 5.107866 41.495238 64.134621 37.603712 41.277055 4.938811 50.674812 55.318197 77.652573 76.201395 inf 88.778216 61.103599 27.701660 20.991622 42.172313 33.723571 56.335267 12.721615 99.013385 72.224741 67.457552 10.588105 38.487505 66.292828 52.981371 36.538117 19.448739 41.680962 43.382321 66.005164
54.215406 7.685899 82.025810 26.046004 92.689165 78.268815 83.312171 68.122599 48.637119 11.783493 23.947618 57.695948 82.089733 49.792068 7.046187 75.389263 36.071617 22.485739 63.534393 63.546972 6.260629 67.101417 23.409333 40.916872 50.647327 97.191887 39.721155 54.753088 45.698900 97.039573 14.303652 13.716366 76.205761 53.877865 38.633300 inf 56.962601 38.228501 88.216168 46.292649 10.295353 83.808647 70.879114 92.184885 65.266889 80.642003 25.961891 87.250593 13.755068 1.120991 1.708580 90.409853 64.623876 38.637945 17.304139
80.751109 10.240243 64.060113 86.667376 8.619899 42.850312 88.469947 42.306048 98.693426 78.152783 93.565104 65.682899 96.929087 53.409444 3.843856 17.464810 34.926596 62.405865 1.709264 25.740544 60.435595 6.014711 58.097197 29.661616 53.793779 60.260876 98.175948 84.694770 87.029752 82.425622 60.382330 14.688335 17.848662 21.091601 87.765828 76.871546 inf 74.970182 17.885673 30.350867 86.642349 60.040981 71.585030 34.692115 18.303057 26.825503 92.295753 74.157726 44.487509 34.665180 99.055257 88.039647 61.865709 22.155546 8.719647
96.544290 67.078170 92.268208 75.390549 41.983180 39.584940 2.934875 49.821622 85.218124 32.999741 86.225754 34.199017 2.203034 14.357653 12.535892 32.576043 49.512137 20.932178 45.481781 71.990541 85.076897 73.048393 64.506677 99.158425 11.157559 8.763866 1.732295 82.193549 7.269941 52.346205 98.699208 39.299598 66.194766 52.360058 76.026315 35.823745 53.158837 inf 72.409045 47.396469 49.954264 90.314847 47.965869 5.726970 17.285844 49.853047 75.072456 23.120347 70.604434 39.746410 2.896371 36.507664 63.338249 84.831247 71.904179
1.331801 50.429184 29.589727 74.529213 55.514251 62.114581 75.175897 85.289826 82.029925 92.552096 71.843491 7.867108 54.170262 80.187189 12.438935 45.212631 55.957302 65.687410 83.921454 59.675221 39.590389 83.795560 50.030439 93.182024 28.273658 56.223447 33.208945 75.783836 22.671764 18.557889 41.389632 75.993349 34.018211 20.717940 38.098699 60.079985 56.999551 80.382967 inf 16.819611 1.405705 7.247716 39.373900 20.296908 64.355250 78.052919 84.844817 26.959836 18.192936 54.517306 51.416568 2.072177 83.103223 74.573282 58.944268
5.018447 15.534660 70.447164 57.879224 72.117069 93.767037 24.359318 95.931412 63.389239 64.645483 27.371030 4.526618 84.708369 34.922110 84.909551 22.097371 35.154749 99.177772 85.778535 52.215201 72.501607 80.103110 14.819784 55.148293 11.124097 61.199685 41.114181 5.258343 14.924114 63.234932 57.681826 5.729145 95.440976 34.522992 27.281928 28.559980 42.706088 5.705072 96.803822 inf 66.769082 37.320914 75.383418 7.158074 19.502457 20.521447 39.282461 42.460421 22.410235 46.778056 33.770465 84.717300 11.824198 53.730428 71.507198
53.822092 63.773025 38.620317 7.511598 71.636555 18.306574 81.250889 25.656136 33.932313 48.640661 77.680651 51.837676 28.679809 67.826109 55.661080 93.888987 1.097296 84.446454 46.185187 90.293037 42.991215 40.242089 20.716201 82.882350 60.536695 37.772017 54.101973 30.596846 24.095301 53.357338 96.157901 56.042203 60.979679 67.138231 17.864567 49.780073 21.353351 93.134866 30.611147 26.620912 inf 50.147952 15.244693 63.374097 31.271907 14.245287 9.952302 82.698396 60.793264 22.795928 98.126395 29.915682 8.974772 38.298505 63.886239
99.844413 25.304982 65.342676 4.140756 81.409279 80.751251 78.582945 8.666953 8.255842 70.348060 78.075198 73.680573 91.908096 81.428710 54.963976 31.305862 31.287123 58.699924 37.902003 27.390476 27.403384 29.506499 70.212573 56.354976 83.117446 59.808628 62.164363 51.520138 12.215967 77.500018 70.602439 97.896074 71.554759 79.777319 97.834857 17.487784 82.375198 72.899192 29.906540 58.942425 23.195173 inf 98.884797 2.957133 73.362098 76.349881 6.215411 48.018907 20.482068 41.964483 57.751735 34.546140 32.635219 95.341875 72.984528
24.035912 66.647234 64.212250 55.892489 70.844166 40.596968 57.072443 95.109295 50.691474 78.706321 88.125098 23.962294 35.472065 35.053890 77.754614 77.766102 65.128984 84.716379 99.032765 13.047249 23.411653 65.466973 86.988084 35.571097 9.847886 83.545591 9.528004 31.589804 79.086063 80.377980 69.160684 56.926205 23.625386 76.644561 81.790454 55.032413 2.538135 95.793437 36.195568 24.214450 5.661822 42.850751 inf 57.115126 13.420412 32.031314 29.810382 19.701335 22.768013 12.592267 95.384713 61.241661 91.140921 61.436906 6.920166
27.350735 3.773952 87.199707 62.827337 10.430402 6.310462 95.342215 98.773290 4.939315 97.695413 14.465715 59.350819 74.718630 43.289978 76.217143 80.885121 31.039817 8.487627 61.796070 57.210767 18.416365 50.786387 55.508643 43.564843 55.928901 17.225495 29.467094 77.323500 57.519693 52.470322 21.325158 70.634493 63.882289 98.658443 42.024553 5.682360 26.874252 29.310351 38.668985 10.703060 23.135031 35.103212 4.669019 inf 88.781472 6.114712 63.520081 16.674183 91.291715 64.440720 64.640687 25.104966 16.768691 83.898909 79.113966
21.745806 42.148367 52.729255 57.723472 63.151928 25.696935 14.688142 89.386571 3.685486 3.709171 67.791896 1.203746 96.268323 9.466806 52.474956 60.513419 41.777822 54.790650 44.595149 22.907461 10.712462 2.933149 87.868320 91.909024 11.904573 8.330838 43.568095 97.166943 21.797368 15.546853 81.339951 40.016796 26.739582 58.036395 79.235066 61.720519 32.818054 17.469036 92.461660 44.716571 77.471295 59.020817 21.785831 6.404280 inf 14.883821 25.990336 49.072133 98.512510 33.858150 98.640057 94.044450 88.555106 48.917755 33.506736
20.411369 50.732515 3.084839 53.161818 13.709594 45.365364 10.319478 10.584951 54.007868 22.417126 51.506788 76.147847 24.551100 44.677251 69.572011 29.890199 84.938005 38.351688 38.228479 96.342081 90.901652 99.783373 16.264627 54.919795 67.317349 75.074722 95.737323 64.800349 54.407662 8.732133 19.486051 44.220360 26.413763 11.985838 41.441784 59.370974 22.554390 73.851168 91.055167 49.731299 47.815971 49.314793 65.528229 2.235807 75.831136 inf 33.055345 44.495842 94.194019 88.415398 43.661838 88.265592 86.393950 52.768755 63.125290
48.847098 30.672257 75.634178 26.794263 84.703836 67.823004 64.761262 98.897446 69.988538 52.527076 61.911401 54.400084 39.394364 53.480367 70.044903 34.163162 60.806685 15.012013 11.605227 75.806724 45.566232 20.811069 16.725501 63.822244 49.861844 35.480891 18.243277 7.126884 75.649888 7.721288 58.267719 25.794706 75.110304 65.064147 9.087324 67.934758 71.819309 70.152187 70.940702 23.953839 9.378513 31.748419 65.397953 94.639722 90.158163 85.321200 inf 98.354541 6.043107 89.090414 43.803480 82.105933 72.491170 14.789803 21.772159
11.911657 87.305120 92.680522 26.128758 61.513687 3.046144 13.780039 94.920626 15.801109 21.913927 45.902121 67.802076 37.728661 13.192695 66.908830 33.017678 70.274494 22.091351 21.074693 3.735722 42.198276 33.500363 83.099220 90.347712 93.119218 78.979971 10.666587 82.107494 60.730087 61.878190 6.523284 46.870361 38.679138 8.472909 84.830198 62.991925 98.701445 51.739587 99.131275 20.077383 82.581280 60.436489 64.624417 11.422699 85.453767 20.292894 72.714999 inf 46.619728 4.596854 35.727689 51.037927 39.121769 84.867009 59.487780
12.039007 94.810696 16.622980 66.686701 22.646775 91.393014 38.328153 86.385896 50.017015 13.099136 3.105605 2.072228 16.660418 74.007577 59.101156 51.207316 74.833359 89.864439 97.839547 30.513550 78.446634 87.489754 52.151433 54.814232 89.532840 68.314172 48.965485 38.629842 13.701774 85.728588 23.795332 23.048758 49.829508 2.314798 72.921563 60.530079 93.760167 44.921044 95.037867 19.238750 76.482194 12.538299 44.890550 28.883533 48.417702 70.316846 79.251196 70.116510 inf 62.886091 62.508693 14.828073 32.963433 6.131807 19.790749
21.477214 9.363106 94.813438 9.961090 43.835397 16.338226 43.335602 72.716511 80.704892 88.768461 13.710689 28.368816 58.011740 55.035876 41.614719 84.582995 21.255709 76.189448 36.872774 70.916992 30.027045 38.569259 70.080445 21.966411 65.829533 34.136682 55.276746 9.453538 13.003531 52.123154 42.475687 5.785359 73.627103 99.303383 41.993473 24.304402 44.231825 45.741212 92.257912 41.954536 95.601260 38.205979 27.336904 99.293499 1.191481 54.106587 25.945479 76.281677 25.256727 inf 30.935331 2.348185 77.691064 64.581441 90.176834
5.897857 61.664036 8.097833 82.698789 15.219846 72.075262 17.161552 52.420905 23.815239 96.031948 11.344987 43.123709 9.067518 56.044776 77.857009 84.654639 80.643987 94.855851 10.845336 17.696345 82.702436 30.001733 27.050711 40.397875 31.948420 37.135199 10.611524 3.428952 60.217337 93.592255 76.779263 32.573017 13.107514 37.989625 5.714103 72.302516 92.599242 80.812112 80.845854 4.205609 75.290010 57.629480 25.257814 25.068623 52.151063 57.884653 59.583075 55.444020 77.324747 90.999150 inf 85.722468 46.524078 1.940414 85.211430
34.296069 45.792125 71.704548 64.048503 22.040655 23.622684 9.694465 48.095622 86.791986 90.771829 36.517419 5.166494 94.534108 48.881660 74.919557 57.613351 85.955289 13.436611 74.178816 78.354419 27.106493 63.934540 67.292086 85.422725 81.128150 61.585054 85.511958 90.199997 60.109683 35.831950 41.550098 57.250402 10.633550 83.418435 3.683973 40.846016 2.847102 17.477621 82.176467 63.929003 60.160409 20.565311 57.074580 38.253483 47.424322 10.964767 38.056999 60.868414 34.350876 22.733793 81.989854 inf 20.373831 24.178383 22.123513
70.140553 10.872979 32.708248 79.325494 54.981014 37.462308 83.779540 52.181255 4.665882 83.059079 80.026573 41.857428 35.861695 49.060115 60.521455 30.536175 95.273113 53.309655 37.168814 49.888787 23.564590 43.899265 64.356786 13.283569 28.088537 6.195747 16.105240 61.260941 7.361021 65.221973 82.763422 6.747537 4.419880 82.924530 4.462596 73.912928 71.528348 46.681443 28.293104 70.413984 70.015535 57.906425 90.268178 41.305065 71.998437 68.088409 95.304056 59.127490 30.164809 45.524642 10.131913 51.281153 inf 34.484364 25.564006
5.732745 50.899013 56.876165 57.790203 98.064072 67.108118 36.445493 1.049191 98.531415 14.951546 37.278598 94.590292 36.698886 12.629429 9.034119 22.288451 72.115444 25.600437 88.866549 66.229431 27.150079 7.421267 49.047812 54.709164 24.385764 48.255356 52.008431 88.143732 20.701283 53.383009 25.378651 78.770775 87.568338 15.756225 14.165107 28.778371 84.308466 37.744047 26.123526 12.531657 39.010588 31.970902 45.553208 99.480382 58.087340 53.217300 69.969930 22.887856 53.174951 49.935606 22.986743 80.101168 79.834152 inf 40.605970
98.041591 86.467122 12.046461 46.232872 22.298631 34.012960 77.371317 26.009585 19.871617 20.759575 84.630247 41.946454 36.606653 29.115555 9.974253 24.074978 47.569942 42.304128 59.720144 86.964711 30.035558 45.463821 72.820676 53.079251 91.587125 5.746787 36.390964 6.226360 22.455747 16.416284 22.663462 32.696044 35.505767 38.813680 37.525085 30.063486 73.135316 10.032746 8.866166 53.741268 30.064438 62.549222 50.172760 88.628338 77.555398 33.098921 50.735326 18.259285 93.297728 65.334648 49.195589 40.580787 6.450493 97.935722 inf
