inf 18.659878 81.291730 12.436761 90.424735 91.301426 80.712242 89.780719 49.578564 14.479244 70.773734 11.928341 25.299035 41.647505 40.877183 93.227180 91.501488 66.133808 40.088611 29.254258 26.543118 73.347505 24.884911 75.403084 35.281044 88.022562 61.555693 64.245370 68.013040 99.843213 3.804013 37.854926 48.334641 47.389132 52.850421 91.008514 63.770869 14.576989 3.447366 7.492664 67.067435 74.965522 14.072945 88.646056 9.982658 82.784702 64.695951 96.503285 99.658208 99.425636 32.634110 55.435413 74.968278 94.203978 63.356836 31.477899 97.683511 62.563757 44.269702 33.829552
68.120881 inf 60.643087 87.316769 48.338659 36.443487 63.638492 58.502746 71.738782 45.259783 93.158439 85.742697 23.770916 31.091223 58.460965 73.851097 95.789476 57.201386 23.006014 73.757116 23.276795 68.256733 4.826826 8.095346 98.883975 11.233768 58.178376 26.243373 7.245270 30.311898 64.259719 17.880318 36.544370 12.050047 72.600106 40.402588 7.834632 42.295741 10.450224 8.649322 6.229903 70.262285 58.185119 30.091080 4.205136 86.485349 57.097089 62.871784 96.668263 40.114677 12.685894 39.671595 6.848520 44.250938 91.948726 30.385894 77.532583 37.541721 38.136279 82.655670
79.436522 2.501912 inf 84.804669 38.403291 56.069005 73.354847 62.019791 81.101130 90.089824 63.169312 45.725622 45.441944 66.728719 5.695051 44.330435 81.210017 86.043218 21.771376 57.830194 41.257823 55.265870 22.399031 54.011563 25.597634 18.120358 49.699261 95.712192 74.484859 31.138148 61.073465 87.620373 98.294001 95.567480 38.626923 41.891456 77.949412 4.468235 8.033415 48.045238 59.195239 77.200983 48.117417 29.426572 4.669350 25.483073 70.763970 36.529514 61.383938 75.401422 53.419936 67.990440 54.017478 53.019427 29.397906 92.818803 74.571506 52.898002 82.375215 19.363286
73.032565 76.105503 59.254000 inf 35.858412 83.734288 29.590883 54.708154 78.377832 47.416391 51.809157 55.778825 26.602688 34.771047 94.034152 84.269196 47.706705 76.854074 28.020250 97.512857 94.084251 36.619132 59.866328 46.190126 82.087044 51.824237 43.153393 75.311959 18.594661 32.195351 6.969038 26.900730 82.988711 52.581915 89.285877 62.885875 27.488854 41.351851 32.176753 90.219988 72.043482 67.288373 17.097327 55.405511 69.426616 31.509588 27.649219 53.683135 71.936153 40.819683 85.226556 68.462084 12.330591 51.682261 84.931136 85.494754 13.471316 74.916902 87.583556 85.356373
87.914642 5.166600 8.119001 90.160452 inf 16.982233 7.452596 36.469517 84.740352 62.086164 22.972192 47.743784 25.995922 97.254285 18.585974 85.694436 70.481792 40.762192 63.291314 37.701129 31.838203 3.112161 58.170224 73.632630 87.695583 16.024875 67.777267 41.709200 70.159414 28.794681 67.386308 4.992607 53.506041 78.905547 67.058514 22.673578 1.426809 43.057576 58.002889 65.972149 31.639604 41.989677 29.080415 67.284872 62.668979 52.182264 13.577844 15.498985 42.228620 29.818176 49.489548 83.876823 58.359006 42.443774 29.704038 66.730853 56.731063 31.910009 16.343493 93.414852
60.023607 34.095649 4.352097 81.332551 98.378292 inf 80.831934 32.016556 81.500601 73.664166 59.977886 23.257738 55.234828 3.750591 41.672606 60.886734 2.351850 81.951829 26.177636 1.085928 33.485411 89.245551 24.295197 93.148054 65.542095 28.932944 44.564692 62.448342 65.591441 46.285626 18.042695 39.256206 81.633116 39.843814 89.166598 83.076092 8.229190 95.736301 83.264904 59.499655 35.285703 91.577360 4.014217 43.689955 1.730447 74.147272 69.341755 23.128745 61.398288 51.695504 16.897003 35.698834 7.054299 27.617662 44.533183 55.881168 52.628020 93.965447 12.861177 54.168955
19.156547 38.956456 92.094088 3.298367 14.701077 3.568432 inf 64.284249 74.157460 38.359275 28.516550 89.228061 73.071849 90.245525 45.947471 59.652916 51.937044 83.666479 71.989851 11.094377 70.852600 19.009659 32.859024 36.487102 4.795901 86.294045 51.321124 18.202167 9.324015 12.982418 61.771999 32.465889 87.506211 56.446736 90.312763 79.046488 42.141161 54.435153 20.459929 25.361837 88.268666 90.514779 84.250779 92.940178 89.035428 48.419683 90.850188 55.791956 61.752977 62.881611 89.692472 94.370463 46.972069 2.445576 74.056984 43.223562 91.591350 23.393639 21.082057 70.960935
9.714204 88.319897 69.135024 15.410092 56.030254 26.608532 79.097586 inf 98.245385 84.903965 47.135973 67.761707 49.595367 7.449769 43.177934 14.416193 47.670605 41.696053 63.570196 14.553153 53.735460 98.230455 75.509451 76.427075 83.217546 74.844858 1.590709 9.065743 74.938098 66.535275 88.737349 24.362744 74.098036 73.388576 82.638567 57.006382 6.751862 8.227107 34.278802 97.196862 95.800442 75.689204 83.579552 23.523173 31.169938 58.587623 27.816972 40.883400 96.577689 59.456507 20.299433 81.758798 53.191898 41.623209 22.396717 17.046885 23.012227 10.075663 60.559589 56.768812
87.144234 4.549826 23.283129 36.716126 55.767746 69.163209 17.378046 31.754273 inf 12.852931 11.264334 95.213368 3.431490 50.749189 54.789485 2.090902 34.744603 42.248443 6.364457 87.234922 32.611531 17.360493 1.051282 95.977728 90.721143 85.265036 47.392213 66.535300 45.518714 46.503349 92.452620 47.440643 49.526655 54.524860 58.347871 60.822609 49.886637 6.136531 83.873271 12.529316 54.111297 37.118910 6.607646 64.391219 3.536169 74.491559 8.884657 51.698205 22.940288 38.170634 37.710862 10.003303 56.295826 62.617426 40.285380 80.259834 28.242842 49.087035 87.124571 32.311712
34.810242 75.622009 83.530972 23.726852 38.151216 32.333039 13.449610 31.607104 96.288092 inf 64.438694 49.349011 71.796962 97.492427 5.443536 37.230191 21.975853 94.705441 88.166832 43.480923 7.221652 50.428109 69.937251 78.126028 84.547023 58.332313 6.693352 89.629484 68.451771 83.285608 33.287111 52.080423 41.684539 79.779752 45.671364 96.146456 32.168679 66.583326 39.169322 84.353044 15.701392 43.723366 33.283591 11.452924 73.072165 50.714850 13.931009 62.600374 24.479710 79.026472 29.076980 69.368593 17.897868 74.541054 34.277993 28.131506 70.644196 55.179865 21.730384 27.720611
50.358249 72.637035 95.053324 95.581213 85.806996 3.282792 75.290279 85.997381 24.597488 74.781254 inf 98.991519 32.370236 46.651269 71.783440 74.215550 48.249778 77.323478 9.263506 83.197034 80.191052 65.369101 41.858295 69.549193 47.783573 45.174189 53.733162 77.744082 65.682514 36.712333 88.191926 79.379239 88.775440 85.036116 88.781599 56.862555 54.676191 93.359659 45.974246 50.635886 61.409035 84.258708 87.806247 76.725365 20.586468 83.554067 63.021518 66.381945 64.641033 6.869518 79.127550 29.559929 31.998468 9.861912 42.991403 73.676724 78.271344 26.594668 89.755803 29.120077
66.563671 17.338862 79.759237 8.604720 90.517790 49.150047 24.348980 37.718906 35.468676 15.977349 58.412482 inf 36.634133 71.963624 20.607576 97.776990 9.002063 32.938415 20.410380 37.103011 24.029462 78.768215 67.469692 36.058397 79.487443 51.286995 69.332905 96.014224 42.654065 95.495621 93.019689 63.950895 88.103670 94.298531 92.730210 17.258409 14.600222 9.995271 84.260137 3.289304 71.029137 23.793018 38.830597 8.319765 56.445773 85.693165 23.870202 26.014856 24.404967 37.833548 56.474522 34.762416 64.148932 57.931062 48.551578 79.130043 17.747920 5.681662 94.015156 24.245587
63.049541 87.419383 73.808030 48.740733 71.016221 4.700912 16.102489 6.718898 69.911147 97.238337 82.103280 58.251154 inf 54.630270 18.124901 73.531923 97.022944 15.498820 66.585607 2.761340 76.630044 28.406590 67.841304 20.898943 47.503775 82.301430 77.873938 43.156486 51.554639 7.491100 4.061532 95.231801 86.839582 68.928649 96.443132 8.868265 31.093317 65.672594 43.831253 36.892861 57.711490 64.470264 70.237198 83.909064 59.908079 96.705828 79.456689 88.718771 87.472114 86.525639 41.440436 16.504696 1.053991 60.043524 96.602298 13.901571 49.379639 88.380918 11.188502 73.768105
78.225465 61.312297 94.986893 62.742805 95.562753 72.978171 58.584246 71.474945 67.581083 67.290601 96.669292 27.914622 47.966592 inf 45.853343 18.264965 97.413971 20.855729 57.708165 5.162132 83.878064 32.438540 18.078252 75.137301 88.787455 42.970571 75.801705 22.437898 88.260101 4.243266 95.822532 10.713813 35.181046 48.955369 73.656654 27.214992 63.488374 64.544533 7.382623 79.913767 25.718954 40.028988 35.485418 39.260363 14.259949 20.505618 90.911388 81.756239 92.493187 20.115757 25.846274 14.065197 50.705411 92.143617 36.351659 40.037274 4.634280 88.976706 97.713578 13.203020
12.516188 61.320854 50.265098 15.663854 25.810809 35.641337 61.594028 3.531814 80.828283 65.321360 21.951182 29.483942 22.329751 9.856641 inf 73.845715 24.342428 91.204398 30.880340 76.382059 52.976929 67.915224 98.457601 64.144593 21.267999 37.730565 85.147905 76.223873 10.623462 75.391887 62.054217 80.214143 38.646982 43.269833 1.084104 29.040284 43.242742 75.593529 72.859289 88.780326 7.140043 16.076468 83.884829 25.327988 67.544010 69.214303 13.333327 14.165240 52.850969 98.644294 97.246512 2.402615 48.200675 10.414954 22.278531 68.211799 79.953940 52.149461 71.748982 58.233007
60.143376 81.005215 91.959300 3.267482 15.422395 79.757768 77.653490 87.019662 53.207865 74.310088 35.170092 33.561490 52.723998 44.017824 76.822627 inf 61.264410 71.288215 65.529047 13.498670 22.835963 86.583583 89.486079 22.480317 73.778183 71.200445 87.456828 12.836066 15.820014 43.740833 56.292022 73.216804 47.683637 72.274674 23.830764 66.375106 78.951934 77.458643 51.044640 6.248427 68.448652 91.374463 2.868741 99.190481 56.974122 31.074889 43.114761 98.876399 38.192773 73.217264 9.083466 71.506461 59.436857 61.202549 83.191112 32.943170 16.483650 72.019240 46.490192 85.205207
8.555718 5.360257 5.032859 30.297403 68.031649 56.153226 92.030329 64.076251 37.039754 49.344100 67.109494 21.336770 10.691048 59.935154 10.170284 56.107459 inf 53.752126 89.767516 63.266918 17.337770 57.860206 29.140297 25.180736 95.262905 92.339823 23.758279 69.386092 71.104118 67.091713 48.860945 86.853855 75.640672 19.603774 55.279383 70.981802 81.085276 69.912974 76.464482 68.477253 5.697034 31.098515 55.881907 24.356475 37.201691 83.759665 14.805251 15.203886 59.753298 27.068962 36.994481 9.288142 87.017377 44.713258 41.211484 88.344085 95.050820 38.082367 50.815135 79.956647
56.903923 16.086748 95.365996 91.655732 42.324744 31.541369 88.601492 5.277769 95.504346 77.971522 93.960803 80.221624 12.790258 56.217444 65.035241 11.267664 80.189309 inf 24.894335 50.714771 63.572289 83.812360 58.524130 19.979466 75.790279 1.465151 31.395804 69.667695 53.961736 66.848073 7.111635 17.352621 37.022840 58.808790 76.720636 40.428863 4.715511 8.804330 69.139320 6.566974 41.490982 65.250391 8.312643 75.220273 37.527720 56.681204 41.967963 90.605108 77.361225 66.024311 22.473301 59.522285 59.621036 69.297160 89.538627 46.152538 9.376980 28.466242 81.909080 49.896377
15.275284 82.907870 32.356122 75.566821 64.839264 98.276001 73.568077 3.192148 29.054494 78.129194 10.274459 42.980677 42.128866 63.012870 67.840915 64.705160 54.789483 25.592646 inf 77.828745 57.889739 53.483196 86.196073 18.873640 7.449890 62.827206 86.421083 69.433677 99.355142 10.251084 64.544895 6.774439 70.149384 31.506599 80.573801 44.970549 96.441307 32.322329 47.180414 95.117044 35.517925 52.008781 87.808856 28.902038 41.051098 69.194761 57.853449 68.667651 21.831916 32.275105 32.282677 26.750502 34.365297 26.732383 16.939084 32.881335 62.380735 23.221130 7.609348 42.669173
18.301409 49.823589 84.342792 43.292531 2.557418 66.522767 37.785408 26.246668 56.094954 40.164102 89.141929 91.834611 60.992809 67.540568 64.444566 91.465493 16.460563 39.023868 69.272164 inf 99.211856 96.083898 38.511201 61.893073 99.905730 24.731879 86.949012 60.008558 73.294847 71.385686 23.637224 37.379350 88.616833 55.952077 93.985841 75.529439 29.487166 16.335330 33.140116 27.700660 89.243433 35.101148 72.618002 49.101140 48.976444 84.229727 24.228283 96.107626 96.899070 9.680917 31.490343 12.904511 76.326437 28.256540 86.919375 24.607013 16.927126 23.790200 93.614148 93.535514
21.745246 22.319552 44.440495 53.942847 9.328708 4.895447 49.379811 71.894521 75.234300 64.630329 83.938710 49.244404 39.983821 82.746651 74.070713 51.211643 48.108944 70.896105 22.869759 93.590984 inf 2.390741 18.230178 76.990022 42.229467 85.167974 75.816046 60.361811 16.147023 55.237351 27.003674 47.043853 76.689373 52.223732 25.959882 27.852135 15.493857 28.730125 42.478010 32.964234 91.005837 41.210346 29.588533 35.230610 83.184416 96.715222 94.733123 37.112521 33.143843 64.437672 20.653101 93.110706 44.607761 26.357064 6.520696 35.931478 49.221093 38.257524 17.858284 23.993694
20.970981 16.550976 88.393089 58.900591 64.049466 7.238318 53.452612 94.764906 25.581151 16.146002 38.244535 83.321574 2.103616 40.011396 30.026287 77.624018 31.899946 9.335295 49.187493 96.749930 72.454392 inf 4.916227 80.084877 54.389618 15.671734 67.279737 79.285146 77.469709 9.642620 31.415912 78.773917 37.694866 4.201071 16.360177 55.444358 22.233480 4.686692 99.166920 7.552106 66.272597 99.693523 7.639604 77.320337 69.356327 23.173904 80.785915 16.330856 20.936859 73.983535 46.444476 87.431319 59.501692 97.134122 81.466362 21.124398 3.731055 92.880860 6.873923 35.683687
3.055344 59.653952 23.001783 2.539728 70.116294 53.304168 95.214588 51.851878 61.543118 14.877390 83.520295 82.241130 20.620259 26.991197 73.607574 24.787587 7.633294 39.588437 71.615079 73.174034 27.757410 72.240460 inf 33.092572 30.783127 64.306952 53.470775 91.187440 26.136850 96.301291 28.251819 16.552152 24.293882 73.891801 97.048363 52.257671 91.224463 54.415876 44.570408 49.021043 4.787472 40.674939 9.018265 49.706189 14.830992 64.133846 51.424859 87.247660 85.991554 55.331093 92.378600 74.950655 97.685368 83.574165 7.505030 46.588278 91.589156 28.857770 76.355785 70.075912
26.270046 43.415183 52.716878 6.706710 62.767737 23.831166 24.862212 67.218362 83.389614 34.489360 17.736940 25.922998 57.655000 26.588885 10.719635 82.550161 40.931229 54.302487 41.868062 56.570193 24.012966 46.222889 72.734266 inf 85.426624 92.154791 62.242738 42.438716 48.253715 90.010315 56.095243 91.142625 11.287805 74.733126 19.393458 10.556130 4.330858 74.341533 84.914909 7.697569 53.225010 13.709903 88.140366 70.788967 83.602577 73.340087 15.364550 45.703577 40.152478 56.828383 39.387037 76.533671 66.670009 51.257845 22.726304 67.362462 7.378626 52.294334 65.531608 5.899356
21.007456 3.080790 75.376630 52.470631 90.845816 13.054617 82.659508 89.757234 10.851072 56.276690 52.945130 24.219694 21.256350 28.865944 15.070100 16.345554 9.961202 33.129342 47.879304 60.616435 3.101278 62.785513 39.865270 95.240872 inf 26.963066 48.384260 9.759599 42.391175 71.333703 5.610226 99.316235 62.415124 3.744569 76.828623 47.680768 52.834764 25.317015 40.220329 31.752268 88.691345 66.356847 3.101852 8.371159 98.733165 81.872192 32.465118 45.500148 78.530555 68.211493 12.039765 79.142250 33.882125 58.435943 31.020724 93.998578 66.757679 50.605365 31.975352 57.329997
11.769634 11.003858 6.228026 48.530196 58.278891 82.127969 48.890599 66.773057 6.101493 57.409647 72.397658 37.837439 90.332688 28.267759 33.809516 32.249322 81.392848 37.473546 11.735652 42.441159 70.608781 93.695888 89.933673 37.291167 83.708747 inf 47.114867 86.945185 13.364035 65.396477 5.900071 4.228614 24.081155 92.451923 65.151997 53.068279 45.174883 94.983602 84.706696 8.079423 42.383271 63.805047 38.166199 72.306749 9.752252 62.490390 64.203115 54.875255 6.325037 17.344259 61.587016 46.497798 58.938946 80.843767 15.320454 35.788833 59.769772 96.515269 18.916682 57.732409
34.628132 24.252189 47.716882 56.013566 91.398483 76.979679 37.138430 32.156827 17.869674 45.076617 84.023469 93.264541 39.735404 48.687955 28.832557 66.254542 9.467182 80.044625 5.142589 54.332607 29.441737 9.302054 56.789526 64.208769 51.167145 52.403339 inf 63.960292 33.862198 40.120529 37.548791 23.554228 47.200981 12.806258 51.580543 79.940466 92.103451 90.467138 44.431017 21.343271 5.688825 28.183921 6.124143 46.122318 96.362654 97.787817 63.841944 17.864252 75.889929 53.316843 52.012565 45.653444 42.854520 35.183272 33.683005 66.254196 57.432069 44.484907 8.224512 7.975552
73.326313 93.585832 87.018817 78.377443 51.286320 88.339690 56.731672 51.941922 40.718284 88.156456 77.346409 17.898995 88.223174 39.017281 18.461188 4.478788 7.270936 16.268762 15.583387 39.416017 8.344816 4.706163 44.416370 60.205419 76.710874 32.157004 15.414668 inf 54.134065 46.069132 46.950762 38.183480 50.326552 31.622537 50.782720 11.975425 84.236576 84.838751 41.514525 53.783512 72.863727 38.680497 67.659986 63.556701 59.061164 66.174418 62.571331 6.621356 31.827375 86.177169 54.512204 39.155646 45.916760 29.939204 3.690043 13.445497 58.295227 96.369710 21.417885 78.573838
92.707971 13.465967 39.741681 89.784813 37.151752 1.975270 70.677683 16.334523 62.067814 63.144277 27.417154 90.569368 98.231622 43.625974 56.493265 97.695331 87.331897 4.139092 24.121457 14.958756 3.513072 35.710531 55.200832 14.423160 59.228682 40.409617 4.090896 62.459105 inf 52.280835 43.195901 79.296254 65.173002 92.722998 22.275411 20.125656 93.359258 38.869376 15.643990 65.341207 14.865800 35.086787 91.693362 20.853795 8.500983 26.362642 38.090737 52.684358 68.028101 68.744746 86.440725 86.792541 53.678754 91.849416 2.892653 74.447373 11.346407 85.734162 6.506598 73.760424
61.174793 78.824863 4.391502 38.003526 89.673178 41.888231 71.087453 58.100464 88.394130 76.836367 64.999006 40.416561 4.888290 81.217792 79.100818 29.371588 97.772145 39.913812 72.575140 56.075069 22.673396 71.890182 63.393349 20.545508 42.589816 84.160678 4.153537 84.872489 58.124546 inf 65.899072 65.647759 80.743516 3.113488 63.588743 9.987245 90.849214 46.105675 16.857773 86.788184 81.871361 72.513309 97.163484 73.311376 14.406753 23.006773 73.365176 74.267613 43.538238 40.477135 71.073943 74.509222 58.041639 65.274337 68.687289 94.278137 47.305795 91.307838 87.781601 33.881928
96.613416 92.749392 71.639940 6.628623 7.263974 57.358396 51.616690 74.944810 48.971678 48.585376 19.812174 56.089116 1.692534 62.255091 33.062495 25.892284 92.309983 16.369287 99.138267 9.756757 97.374264 47.717482 57.957267 12.138440 77.088666 25.123608 94.578230 83.200440 55.712614 9.323586 inf 25.204257 10.949772 6.990007 91.300023 53.745071 39.680008 24.448162 31.572279 98.760823 58.059427 84.553706 2.054448 38.366541 43.362090 64.983148 17.414106 82.893873 9.354665 66.984370 77.592709 68.736668 86.418910 25.076551 48.161144 89.637760 79.720379 57.464917 32.921176 22.757715
4.804163 68.461167 52.111027 25.442839 48.517324 17.491718 22.852719 61.436357 88.871634 23.190432 16.374450 16.191202 51.624484 37.028411 21.986462 23.620485 82.268725 24.455098 67.945728 85.826769 70.176730 90.059915 9.075857 7.720801 98.774694 54.354586 87.787924 5.321843 93.260976 30.628734 93.103673 inf 81.425020 11.500069 80.676930 95.128814 77.111051 96.725012 69.311477 40.274194 27.948795 97.276957 69.387562 31.119005 77.722548 80.408479 63.516584 61.774498 39.405095 32.881804 35.391758 65.164382 37.762918 14.018407 9.522672 78.336114 62.216114 17.730589 38.042588 78.676961
17.030153 88.818800 79.950066 92.330520 4.391805 70.210740 41.153929 64.719970 65.833411 37.657880 69.707320 9.909097 53.188574 81.784084 25.832188 79.294145 56.328477 7.450439 64.544584 24.321926 83.975110 25.243033 53.383949 45.574972 70.272921 16.373885 28.178992 21.702025 60.335517 61.257822 78.840760 56.184562 inf 7.270126 24.958912 94.585818 99.005821 76.102246 30.305181 10.762978 33.159927 40.866964 96.326355 64.110009 43.787228 73.612387 68.882011 45.724146 71.311619 55.590931 4.571964 54.456406 48.772722 36.775262 61.338086 97.385116 13.530487 11.148579 97.475569 95.763300
41.996287 88.571428 56.411258 69.948703 59.518093 20.978008 75.367781 44.262541 83.841806 66.132637 90.844978 67.534202 66.874341 26.778348 46.199941 37.001518 26.500500 92.221941 58.503249 12.513126 21.631689 23.873484 20.836187 53.979508 29.521510 30.304453 80.952030 91.174341 14.972647 62.725576 77.657475 69.600343 39.897377 inf 89.962116 37.776623 17.491505 18.957830 63.382385 76.207786 19.522404 62.093973 2.105123 23.456507 31.159000 69.667545 71.489817 92.423227 82.759833 94.298153 56.054361 32.334526 6.251607 49.291481 77.315040 35.102320 85.587250 39.329496 23.889172 28.122164
59.595445 85.346098 61.974113 16.842289 6.202277 60.644637 39.456859 53.453404 39.726145 97.604926 61.033781 34.055520 88.345775 51.533572 21.271853 12.474089 14.346321 29.646230 15.534994 96.814242 38.382043 36.526817 96.126258 3.838463 90.736535 41.013331 6.234535 66.708028 80.682530 92.472736 4.949853 76.686151 56.129845 4.855098 inf 71.353197 61.766477 60.417678 32.386865 74.622391 22.317160 84.481073 23.933803 15.051235 42.899549 8.830988 18.584122 43.463640 91.391294 99.185984 65.005262 90.084158 56.948599 98.406463 92.258718 70.686980 28.304352 60.747279 14.631340 40.116722
49.465262 50.690323 93.595640 21.572522 89.630756 31.731063 96.736982 75.828987 16.374757 5.761587 56.927196 49.898901 20.802190 63.997101 78.607254 8.211782 3.341891 95.485902 13.678960 40.525010 87.810582 81.920190 13.668258 22.532767 56.088234 58.187491 82.477989 42.426603 92.990209 8.792148 23.427379 19.506939 69.507132 26.129859 45.423064 inf 4.443775 66.999059 44.803383 25.758457 44.707621 65.840156 45.153923 26.013692 9.179557 10.841689 86.509907 44.428141 8.613309 9.085933 55.395199 61.191894 74.743220 4.741390 87.935130 42.242004 83.621728 25.137371 97.967502 19.351123
10.280221 61.825875 88.367823 81.904267 17.049035 48.157911 53.029446 95.506962 91.528950 66.304250 23.518330 90.744135 25.524723 94.118487 57.604207 98.792915 55.762001 49.708202 40.598403 69.906719 59.026772 19.427105 46.383908 1.914947 29.696658 26.483201 23.559670 63.163479 99.188744 50.862097 5.952505 25.742888 38.572064 38.545113 5.954022 22.880390 inf 38.769500 29.002637 21.917745 65.134530 7.894718 77.150645 97.808755 72.394780 77.185506 45.710832 50.584908 29.383165 83.122986 35.818334 91.172016 32.844158 54.172830 78.936806 25.697399 86.465299 90.065045 24.981095 55.237830
47.307993 80.230554 74.484589 11.597637 78.271699 43.977325 51.239134 5.246083 83.249881 6.580467 24.496947 56.070772 1.137219 23.324758 11.470294 46.432097 14.487338 97.607050 37.713457 44.885646 64.031193 42.372455 5.088146 83.729667 15.509178 18.353141 44.238854 61.917486 87.754731 51.368201 79.047077 91.409404 53.674782 45.590490 76.517985 35.088462 25.789114 inf 69.901071 16.652273 87.946628 85.931825 77.137622 26.107570 44.544056 15.550056 1.294507 30.035102 81.970596 4.817019 72.333073 85.157161 48.188524 52.741450 44.871552 34.627857 52.862571 31.193547 5.981579 13.797849
96.146137 40.534721 97.795798 33.808270 44.400563 87.728111 76.919701 96.430449 26.897710 72.495135 60.074547 59.572926 54.720316 3.218001 92.983382 24.052805 16.316038 91.433945 17.092899 39.805891 32.372355 73.211329 44.519165 96.280941 33.633167 77.209732 74.469667 16.447524 10.639332 74.609173 69.714838 25.600121 66.062913 75.180164 82.663312 12.911730 97.771943 66.578636 inf 40.068041 89.440838 85.129601 69.326150 48.718662 63.847520 34.194818 24.543109 72.122140 86.506965 59.502391 85.424409 71.434521 85.151507 15.385607 40.627806 81.514015 39.275608 69.560430 45.505378 95.124095
49.024660 70.775004 1.713314 16.118556 54.577825 12.428092 24.058034 64.228157 4.880861 10.852944 91.001486 41.153334 77.019698 72.883667 2.748844 98.541062 89.926226 88.496075 33.086064 83.680797 48.185644 78.651322 60.212532 73.085063 33.316302 74.661637 95.652599 12.664450 77.708630 41.283387 32.232907 5.500772 18.235625 7.812711 34.690526 78.955282 58.773264 86.328975 29.525360 inf 81.432319 44.737285 64.272021 52.864036 96.242566 21.670834 85.661195 89.334351 87.065293 83.379958 86.522428 19.228236 11.761343 51.020110 47.469660 85.884681 55.891551 5.168523 67.309865 62.572066
46.222974 73.010376 91.984182 58.488343 22.170330 99.331881 29.630196 43.803180 28.718048 2.854152 88.999594 23.920427 17.299248 97.453920 78.478349 39.137569 46.334865 56.046589 52.812598 41.166765 94.880978 48.308869 23.762973 99.627004 28.726242 99.748543 57.025824 45.997405 32.504560 33.148052 25.328440 54.334963 71.317339 82.374577 89.117924 47.250340 16.486174 62.553665 46.728551 56.397262 inf 16.189066 12.841462 47.626453 58.990080 38.257851 39.668058 26.648055 88.951339 33.776101 66.465014 63.300446 4.736203 60.380064 34.966204 56.472194 70.655532 79.297339 28.297804 29.169819
20.042947 13.319879 62.929727 38.523212 9.113904 39.119861 50.614407 49.607595 61.866229 41.519930 85.234942 50.112724 16.167630 69.138772 81.489212 78.451508 30.134691 55.339589 28.808717 46.453872 32.347236 83.619067 20.060268 18.308208 4.378790 25.917883 30.410725 98.824088 61.818934 32.887185 69.985034 80.306718 59.607568 16.669442 86.915491 84.165128 72.282636 1.431466 22.458973 17.197662 46.566773 inf 36.643527 11.196945 2.284346 98.606552 13.837874 35.583887 65.420240 73.070067 64.507975 24.863548 49.380287 41.026297 29.347452 67.973809 47.395348 91.801886 9.721121 24.264792
70.726441 43.649225 27.229372 7.217423 70.539728 67.420207 63.058954 70.440325 34.899759 96.160936 94.262667 66.910308 71.852722 97.416505 8.365165 77.131767 34.333073 84.953661 25.863288 72.429643 6.228219 98.913343 86.238058 99.521712 35.711528 79.970205 40.879532 75.010630 19.722959 61.344120 54.888275 57.447494 1.669792 20.841236 50.853646 18.876522 38.100988 67.713152 2.117172 76.045482 77.452112 51.032742 inf 10.527143 83.889717 76.118414 9.004361 97.331691 76.833017 94.970973 15.749529 41.531652 83.155158 7.974504 72.205757 81.267868 91.962947 12.814652 21.063718 95.506109
70.220531 78.267985 23.948873 5.510153 10.627368 31.386918 5.840854 79.528492 32.684902 15.240183 81.732956 44.801303 9.089603 56.931312 19.606574 28.934057 44.136827 6.206166 26.296501 89.828874 20.957063 87.130636 84.747412 14.995777 45.148312 77.363517 42.601793 58.933014 40.564610 55.250721 5.875723 30.955187 48.978790 67.063056 25.323603 82.134632 36.073956 74.796866 87.018587 18.571852 23.807214 37.748666 64.864396 inf 94.205538 37.366526 95.138328 6.270691 74.614831 92.233616 76.440341 48.802792 7.462437 98.275048 56.836228 54.040791 13.035577 2.673448 81.065359 95.949897
60.892536 68.553261 74.240427 81.596305 93.457202 36.295588 53.554128 50.391379 50.409358 56.310149 41.126832 71.079588 79.189070 16.906063 98.602424 38.694006 95.249609 28.953256 14.028403 69.097466 1.718613 54.357082 9.312270 12.859657 37.596554 32.453105 87.196138 5.738220 24.379076 68.157760 94.844092 76.613311 92.443368 71.138239 55.454593 47.622467 96.282200 13.974749 60.418006 25.441785 51.657734 49.413233 34.063060 47.965483 inf 69.517339 19.270574 85.918091 79.117550 35.208755 89.979228 28.310415 90.349346 80.554187 87.685703 98.600819 57.101764 86.972862 5.351246 58.905645
66.118189 14.016677 6.212401 28.744263 51.889820 68.392617 70.173280 73.816285 25.740768 20.172552 2.616988 78.082929 24.554237 59.638416 75.057325 52.431751 49.511184 6.521370 35.537732 49.224065 32.014232 32.823567 96.565094 11.883822 19.658304 91.587432 48.028823 72.486874 86.057918 94.551634 71.052023 9.077745 67.275938 54.873065 96.687469 68.416480 1.229185 54.279462 24.380905 94.745504 45.890930 29.118284 99.396814 56.621430 57.005780 inf 49.900469 99.404397 60.279632 60.427186 84.801834 74.620226 54.318883 14.751435 40.070876 74.922297 80.230959 35.662560 76.712585 62.462949
76.969172 21.912119 43.642047 97.480353 17.743991 37.711392 50.910616 70.995549 49.526595 50.359667 95.360955 39.711858 77.054966 94.673420 13.503897 37.274953 73.755606 36.781383 82.025591 87.062241 19.878412 40.048475 65.136524 27.840387 64.271052 31.363419 93.824874 69.080022 55.541765 28.570936 26.544803 4.012909 34.329845 60.746385 69.874096 40.454630 81.274372 87.374179 36.231453 36.929602 13.409425 41.740121 70.767244 18.627746 84.354723 74.451536 inf 90.085238 3.097772 7.097838 60.010732 71.452711 5.764108 34.547126 56.177704 32.510223 21.517600 63.222837 96.795954 88.259721
24.751675 47.006948 14.366841 16.709116 70.575556 15.988472 32.568265 29.316269 98.445440 40.455665 4.260911 39.212287 12.036620 27.205924 17.118001 78.295919 4.540704 81.828233 36.826945 58.254861 69.290837 22.127423 99.939833 20.236057 6.105379 8.506890 16.657928 21.170822 5.629094 56.202542 24.315517 81.457154 68.290985 91.559809 64.844169 85.634747 25.683925 58.037534 71.756806 46.844065 82.658733 85.109551 7.027815 99.384303 8.789496 22.722746 96.282592 inf 34.696661 18.771818 22.750790 36.822543 30.153462 16.553822 95.736243 95.926101 63.232928 74.475480 42.157995 78.634032
59.687744 60.698647 6.895536 31.335294 28.990099 12.238588 92.375159 25.552008 79.230013 55.533854 48.442815 91.450851 35.665904 65.406168 84.546299 47.859897 38.166953 5.841543 64.475153 80.079601 48.921031 95.048400 5.425024 47.845750 63.634083 15.601086 24.281593 48.302964 33.623748 33.048307 88.929549 49.236035 52.798211 95.365367 17.508736 6.953938 76.283148 59.068109 20.261015 31.569212 67.036185 3.928066 13.969932 49.407061 99.095548 38.667063 7.543885 4.974922 inf 72.406620 70.722898 4.969145 94.296220 90.399209 4.383693 57.459960 28.806729 6.491808 54.389874 43.183976
93.435654 59.028582 65.024008 26.850428 15.191196 44.604795 84.176061 9.622567 38.617583 29.255045 9.960766 64.611422 84.303633 47.673133 3.107264 15.906099 93.942760 41.163644 2.617072 33.066745 71.486062 62.397758 68.633259 88.985495 38.010133 4.761781 73.863964 71.374935 12.533904 97.641574 26.126997 31.323978 69.444488 92.952492 7.893632 17.444863 93.230853 78.212149 16.588008 7.547304 94.323717 77.291307 36.839705 3.003206 83.982716 87.081747 91.622945 19.791479 1.872781 inf 76.706511 49.405604 22.283190 60.697812 43.008853 43.012369 72.275636 29.502624 34.095948 46.122697
22.100486 42.006208 30.750115 51.592305 67.311267 13.503068 41.566124 46.112864 19.549988 65.897754 70.790053 40.614689 63.635532 74.612818 97.642170 98.074999 85.158176 20.071224 52.154480 7.181026 46.881824 72.575015 34.693875 54.389408 3.299576 49.533489 95.045936 93.883718 94.619013 54.026755 1.332353 90.046949 50.467628 49.057863 96.949790 33.577457 58.830640 75.654746 65.850328 95.785960 50.537916 72.413389 48.413885 26.406349 57.355069 84.145471 26.521173 85.075112 7.118392 89.493737 inf 56.888146 97.863545 6.233483 43.188474 47.101463 65.885903 67.981335 88.326442 81.387339
78.124707 54.829433 95.471398 99.512379 83.459269 43.117669 49.394987 67.919600 46.666493 2.825292 57.070849 74.293890 55.512003 52.468267 60.045468 97.612716 82.799697 8.667272 43.383440 60.928514 85.021996 7.747263 50.386560 18.170491 67.276973 63.132975 10.787994 48.806246 70.457483 8.122065 32.472671 40.601273 2.752094 35.541052 72.082523 31.427861 63.624925 51.381709 5.834060 21.921315 61.851305 89.448814 80.275477 65.699745 10.748786 7.634889 91.917485 75.451190 79.688335 5.735688 55.388876 inf 62.543995 47.533908 22.838954 55.924560 31.875300 20.673434 81.314159 59.751792
98.203039 65.745038 52.775930 33.347316 59.262368 27.313100 69.597400 35.763931 41.699383 10.815277 44.545965 33.591094 38.737408 59.901928 42.638069 21.111545 7.913262 92.045990 21.481902 83.242189 72.470315 93.661527 39.778083 51.122977 75.760987 58.064233 21.722731 44.061090 69.748337 6.041559 94.787663 61.723901 21.426826 32.855912 22.183119 4.782765 96.810133 98.483819 46.382058 69.413874 46.074156 12.867465 68.034103 41.879368 19.936435 49.922642 68.311101 45.608914 27.117046 52.330297 25.058985 78.427200 inf 56.867950 44.310903 76.124647 59.003936 36.123994 76.232361 69.803263
77.650358 97.003932 33.209668 13.613656 48.299237 34.621289 51.814638 48.883628 25.621737 3.117540 21.350342 52.345114 74.915368 48.462907 85.537742 96.147560 7.849294 2.356872 34.341209 18.962137 98.416376 81.421217 42.461080 22.968504 72.765900 89.079543 91.732716 12.818413 11.371651 58.799996 55.127018 54.179621 74.736159 71.144742 71.937734 52.505960 47.270217 26.852093 53.590048 23.580647 77.674799 41.203094 64.674337 44.662206 10.364371 70.118334 98.551719 35.737231 4.840391 62.662985 31.459689 63.548060 41.667264 inf 70.038135 10.720593 47.272780 53.638634 96.976862 47.054657
98.367647 77.085555 44.910442 56.859638 96.303660 52.286072 17.228882 76.736292 89.607751 47.509035 27.193482 79.295167 52.543346 91.446811 15.092624 57.695370 95.011110 4.348745 27.267105 54.126916 67.243781 22.685805 15.268832 5.529194 75.289335 4.668657 57.645477 22.881057 9.015961 37.862866 33.593708 68.555098 21.691162 17.337879 68.179631 35.310188 91.969997 15.761230 94.148116 72.307684 32.116026 60.470446 77.104339 97.435782 71.835020 67.808981 93.653338 50.295038 92.338830 23.166494 25.492336 39.626896 32.584842 52.051091 inf 48.888101 39.866824 36.540047 8.945821 19.754130
49.767008 67.961037 87.402251 24.615276 63.622131 15.600375 77.034040 80.285122 12.337223 36.194607 69.635300 75.667852 49.272320 96.936908 36.525220 43.103639 40.365089 35.584679 39.862755 88.035380 85.094757 68.219130 72.057812 87.684445 10.668668 71.182436 28.846660 16.231111 25.651890 8.140578 20.462011 16.120210 65.531340 3.427806 40.227096 58.565725 87.168942 93.374815 11.020548 75.243901 49.959724 49.918741 76.184193 33.925685 11.299209 98.677504 63.960478 78.828892 75.730287 51.838065 68.502228 87.774746 41.432374 22.654999 18.084804 inf 99.441878 14.113483 53.525921 59.575756
93.993581 41.448667 5.931837 16.975655 77.560390 29.073578 60.828014 8.903785 34.101442 35.190258 94.639641 83.416232 61.801954 35.664668 47.398336 66.682288 11.857814 83.751791 38.626530 26.023669 77.326162 79.407113 38.489891 32.631080 44.826473 66.580863 95.984042 43.596287 88.805783 11.143288 23.305729 85.482632 34.859857 89.515722 14.990824 77.390744 90.860355 64.504579 3.764212 32.951808 85.260575 82.939209 4.427403 69.706362 3.511520 44.928729 15.988525 31.735560 9.922384 22.824969 80.162087 15.694743 14.899626 43.000492 60.981603 43.461235 inf 97.909226 67.586113 45.503665
81.844490 1.310811 13.445785 54.020660 47.750528 31.209781 86.078455 35.185035 60.902796 36.960228 30.241209 49.622399 11.668341 68.026339 8.314888 20.596027 20.272393 78.016808 93.385907 42.511279 96.315428 97.443984 91.419634 31.508829 42.180213 89.433458 1.871229 60.040870 37.293242 80.640223 79.728477 37.178933 47.919711 12.374740 91.990029 86.131575 24.676220 57.666580 81.819367 24.549228 59.225790 36.997765 73.136660 31.846849 79.031260 47.825223 75.642099 37.809961 71.863295 87.114761 21.952138 27.764723 75.678133 41.433915 3.059480 30.053570 37.088261 inf 7.018976 36.101663
98.840008 7.641440 20.879629 57.197994 70.407410 28.606369 62.892572 57.208366 48.766952 1.523782 18.179837 12.418037 24.026665 52.789373 84.304830 7.409888 73.469443 21.288759 61.725164 14.335785 41.022817 94.100089 90.486189 29.553724 47.838623 49.740069 36.674896 69.254202 41.057796 29.136870 3.344489 44.894200 79.456578 62.020287 87.767863 88.599319 35.775477 2.517824 28.345166 11.892266 29.847768 30.234005 52.882250 92.185717 57.529535 16.201626 58.047928 12.457026 63.139721 83.143720 77.471859 13.826624 45.339542 34.455995 53.977032 1.588512 16.930469 8.881063 inf 3.193413
30.190233 98.138258 10.090664 59.830538 5.560334 28.127207 36.340607 67.918274 18.798749 44.538018 8.638699 7.617983 44.759658 78.026529 50.483694 95.735021 95.139366 79.657154 72.564105 16.487671 83.483717 36.668023 51.103485 22.947511 52.166128 28.564348 35.309280 39.946888 73.424073 96.828173 63.129135 94.215701 48.842395 74.374104 88.952051 27.582430 40.793998 57.250148 24.071912 4.714081 67.753470 99.101144 1.465674 20.731192 92.601309 85.522830 71.149953 63.638546 84.452346 78.611061 8.407536 79.957427 68.640250 18.186911 86.081772 17.130092 44.363705 54.990464 31.724968 inf
