inf 41.047393 13.196322 85.061330 62.434963 inf inf inf 45.974863 46.118781 inf 51.166709 78.225042 26.133339 16.921511 inf inf 74.867239 inf 28.528053 inf 16.417339 92.976939 inf 44.725015 1.176531 inf 68.611871 87.515360 inf inf 44.865916 inf 47.287250 inf inf inf inf 21.417178 11.376594
69.998221 inf inf 75.460412 inf 62.493089 88.255099 5.144942 inf 71.108281 64.538246 inf inf 54.320368 inf 45.496286 60.502253 58.071403 84.526084 inf 57.721732 inf 13.811888 4.576349 16.922988 46.279477 70.490348 inf inf 31.415994 5.658283 59.177870 inf inf inf inf 64.021283 inf 42.358047 inf
90.675206 inf inf inf 25.160791 83.012039 52.054840 inf 49.100202 inf inf 55.173638 32.844290 inf inf 17.400855 inf 46.641639 inf inf inf 26.835847 inf inf 85.958191 16.526645 95.122089 inf 73.578813 inf 24.385761 inf inf inf 8.800112 52.880747 inf inf inf inf
15.549489 80.530137 inf inf 45.287029 inf inf 2.589152 inf inf 32.020191 71.935459 56.619836 inf 13.718376 inf inf 63.204654 55.185855 48.926573 30.714050 inf 76.916651 87.207616 inf 72.451351 77.404073 inf 68.765250 97.155793 10.223884 inf 37.960720 16.076902 72.589294 47.028360 44.398304 22.604821 71.859029 inf
49.957605 inf 71.607306 78.788417 inf 48.209602 inf inf inf inf 66.972068 inf 27.388727 78.754581 49.823423 49.485724 29.503786 75.519155 64.711840 inf 43.771706 inf 63.063527 inf inf 2.892130 inf 85.689894 95.477286 inf inf inf 26.918784 63.511316 31.863427 76.995497 92.736771 76.937971 inf 49.144708
inf 15.914623 33.823523 inf 29.710688 inf 13.753247 74.962878 inf inf 71.739220 79.870350 66.130839 57.450235 inf 54.834773 24.109124 inf inf 52.601358 27.316491 21.618675 62.574730 33.651630 inf 37.166075 inf 87.655427 14.433695 35.610679 94.773222 inf 90.852099 inf 81.795235 33.708442 95.257474 inf 59.298523 46.220530
inf 14.281466 6.114077 inf inf 15.300814 inf 97.789252 74.983854 inf inf inf 44.381675 inf 71.610788 inf inf 67.468845 59.073726 5.307828 8.553399 26.207341 inf 75.111377 inf inf 9.996401 inf 78.254183 inf 95.813443 13.040094 72.367162 10.150449 inf inf inf inf 84.913612 inf
inf 35.786967 inf 67.040638 inf 59.793251 42.091735 inf 23.861187 inf inf inf 62.628654 30.946652 27.086973 31.209422 34.589383 inf 78.866610 99.766317 97.713654 59.378121 inf 7.206826 inf 22.606755 38.252956 8.327000 8.422016 inf inf 36.295529 43.547251 29.054978 66.389001 84.788279 54.009948 inf 8.979348 83.196950
73.161577 inf 96.403794 inf inf inf 49.558197 12.668682 inf inf inf inf 12.862674 63.918831 93.206247 inf 56.053567 14.922727 inf 49.596037 inf 26.700845 41.247045 inf 48.731108 37.652826 41.437721 81.465939 42.958406 19.415618 66.533307 26.584002 inf inf 68.658768 92.689585 inf 5.899119 43.932384 31.430362
24.418092 22.110138 inf inf inf inf inf inf inf inf 24.278632 93.032918 inf inf inf inf 11.913534 inf 97.637100 inf 71.106571 44.956296 inf 54.384890 41.648493 35.692519 39.940511 inf inf 53.092550 inf 43.606731 11.253862 inf 80.091802 54.636717 inf 61.395281 16.192096 86.044338
inf 9.347667 inf 48.950469 73.329533 34.731563 inf inf inf 27.908763 inf inf inf 82.712625 22.182682 inf inf 32.492260 42.606326 88.472722 inf 47.405798 inf 23.391744 2.999936 68.604203 inf 44.397485 inf 14.354161 6.993990 16.971145 inf inf 45.248079 12.206737 12.072546 inf 91.782142 59.549943
65.159587 inf 99.910080 44.067989 inf 93.377582 inf inf inf 35.025176 inf inf inf inf 18.870333 78.133866 inf 23.355568 50.884022 37.767990 82.161390 inf inf 67.080241 63.648828 inf inf 52.233734 inf 59.213109 94.844513 14.462725 inf inf 53.438673 92.328582 41.795437 85.763226 6.066236 inf
18.800665 inf 20.470429 95.350395 16.502013 23.970442 13.455723 81.321428 98.617746 inf inf inf inf inf inf inf 79.805678 20.767779 inf 72.042659 16.172513 inf inf 96.631297 inf 1.613344 inf inf inf inf 19.318548 inf 87.484894 95.334785 61.603059 inf inf inf 25.792963 4.762271
23.039404 20.010827 inf inf 28.175937 80.207611 inf 85.103279 29.019675 inf 99.478526 inf inf inf 86.861959 inf inf 94.164404 inf 58.704576 87.298875 inf 6.899749 23.148076 8.535862 inf inf inf 23.807726 inf 12.744316 10.769838 inf inf 55.837265 4.996516 29.241484 27.530226 inf inf
83.326562 inf inf 94.565224 49.240708 inf 68.430866 76.624086 27.967248 inf 72.439222 49.821186 inf 88.734272 inf 38.691385 inf inf 4.170036 38.219138 11.340795 86.319567 22.899342 69.593447 7.827916 48.642033 inf inf inf 91.811404 inf inf 47.858701 37.706498 52.645058 24.667354 41.753916 85.297349 inf inf
inf 23.475390 80.180758 inf 69.306329 59.278151 inf 11.884122 inf inf inf 23.154179 inf inf 12.714936 inf 7.778261 70.236361 inf inf 88.654839 inf inf 61.952713 inf 76.425665 38.695908 40.472289 1.366334 54.489957 92.061510 81.271272 4.509857 6.749217 inf 97.271122 inf 33.590173 9.876651 inf
inf 15.052016 inf inf 38.459243 42.146096 inf 68.185026 66.669549 61.416949 inf inf 8.504519 inf inf 45.698112 inf 44.626585 inf 89.545107 inf 76.294692 inf 41.938340 inf 6.969896 inf 14.354669 14.108550 inf 23.367500 inf 87.967920 inf inf 82.325663 44.580826 27.516273 inf inf
25.538010 23.709102 2.757154 12.517176 58.777731 inf 52.745242 inf 11.409167 inf 21.131431 55.068521 14.361006 98.189765 inf 93.436536 79.029234 inf 93.246915 25.968831 11.752922 inf inf inf 42.013169 26.332495 46.246196 21.120334 inf 62.414539 90.086385 inf 86.488380 inf 52.887185 inf inf inf 37.039838 98.145986
inf 72.871958 inf 82.706718 96.164319 inf 58.527708 58.378525 inf 9.414690 1.721581 83.861547 inf inf 86.131305 inf inf 29.648127 inf 77.452602 inf 70.876458 inf inf 9.332835 inf 96.541043 28.725425 32.648871 inf 52.062741 23.227062 inf 77.343009 38.078143 inf 43.704198 97.623538 5.003923 55.166938
43.365209 inf inf 5.585663 inf 17.940328 84.832222 95.589967 8.469920 inf 61.729370 98.722756 29.601787 2.542218 10.078487 inf 61.719024 91.660965 18.096134 inf 20.468007 82.946427 49.524241 9.559049 39.244879 94.052198 46.909926 90.357176 87.768078 inf 9.774925 58.636152 90.019279 inf 51.461158 34.159815 5.807085 61.040510 71.378204 inf
inf 43.347783 inf 67.364092 73.715637 20.133471 66.669148 86.983091 inf 81.221301 inf 66.810731 38.109348 10.636842 80.366818 38.042001 inf 43.444940 inf 22.739693 inf inf 35.903170 inf 65.624193 28.844508 51.834203 56.683755 17.912179 99.842541 inf inf 55.800894 69.381155 81.522920 inf inf inf 50.274446 59.027769
53.318123 inf 62.576854 inf inf 87.013828 42.235586 8.142032 55.037508 10.231454 72.511571 inf inf inf 15.748579 inf 18.097343 inf 14.984752 34.054647 inf inf 83.556523 93.007272 inf inf inf 56.644364 inf inf inf inf inf inf 98.509631 84.359875 62.009800 inf 67.757148 inf
53.935149 21.788233 inf 17.451635 54.944147 26.740576 inf inf 74.217797 inf inf inf inf 94.379757 81.147040 inf inf inf inf 10.963118 45.168870 94.336566 inf 49.228124 60.556311 29.151945 72.557665 inf 93.551126 34.157447 inf 78.938257 inf 47.363858 72.166589 29.105467 30.255369 17.667072 inf 80.903260
inf 26.281270 inf 14.827045 inf 56.305672 76.874762 57.148389 inf 51.335090 32.885077 30.306709 62.406862 20.861331 51.676068 22.347128 18.715706 inf inf 29.769893 inf 70.816032 77.753874 inf inf 44.968816 13.899809 inf 94.953600 inf 99.690632 44.980851 inf inf inf 42.742698 inf 37.683562 99.722050 51.008103
59.067646 81.095452 14.000069 inf inf inf inf inf 72.883780 46.519520 20.990105 25.844083 inf 39.999554 2.382182 inf inf 44.287683 9.296630 38.501306 61.414013 inf 78.774452 inf inf inf 70.678866 66.883837 29.582984 50.925941 41.285879 inf 59.201641 32.055525 inf inf inf 25.303654 inf 92.794007
1.850017 78.820809 55.653725 91.188939 36.032051 35.147450 inf 13.721528 29.065021 25.833276 45.001255 inf 7.064902 inf 70.478020 14.090273 99.242973 66.472139 inf 86.703474 68.927855 inf 24.305566 66.700751 inf inf 83.323135 2.713597 36.546905 inf 47.108169 1.514806 inf 35.656503 59.666173 38.187551 inf 23.366338 inf inf
inf 86.773172 87.834967 39.397564 inf inf 3.395516 66.268463 29.404190 19.621489 inf inf inf inf inf 89.957209 inf 14.515775 4.438609 79.831223 97.988161 inf 91.664114 35.828895 62.499877 79.196120 inf 79.682721 inf inf 85.451021 89.599617 inf inf inf inf 93.732819 83.483284 9.439541 89.831578
94.574382 inf inf inf 38.901981 3.250699 inf 54.747859 18.575728 inf 72.498131 76.461172 inf inf inf 97.920377 41.488773 47.062587 70.696175 40.506292 17.946646 21.833541 inf inf 20.749246 15.490701 74.410862 inf 94.431688 52.932790 inf inf 13.390917 inf 70.786551 95.110173 77.895175 49.377128 73.653636 inf
19.765407 inf 17.653463 29.782472 44.491051 69.851833 6.056179 45.757972 20.866697 inf inf inf inf 93.802086 inf 74.029663 60.790080 inf 37.526682 95.364635 56.101862 inf 29.329229 16.648960 38.833039 7.493662 inf 46.545603 inf 69.490680 58.190112 inf inf 29.615091 26.477167 68.453093 98.050042 32.222546 53.800922 inf
inf 82.472639 inf 17.939538 inf 15.740503 inf inf 53.459163 34.876015 65.223414 56.461452 inf inf 57.391723 90.436943 inf 14.972859 inf inf 56.402651 inf 33.935260 inf 24.719044 inf inf 8.583193 73.308190 inf inf inf 30.521360 20.472275 65.233885 inf 30.948192 inf 80.074664 inf
inf 18.376090 50.048561 60.554071 inf 1.777337 52.193609 inf 97.023470 inf 32.543544 70.398162 40.954871 11.811828 inf 45.587338 13.417926 3.891050 49.142621 30.650400 inf inf inf 57.351208 19.175849 23.555055 79.651863 inf 88.564864 inf inf 78.911121 inf 33.071946 inf inf 12.352707 inf 87.918231 inf
2.142820 62.722418 inf inf inf inf 94.122090 26.734251 20.969788 24.533528 76.614803 73.187329 inf 65.970504 inf 62.607578 inf inf 84.068033 24.539810 inf inf 72.655614 39.521386 inf 55.794280 23.610341 inf inf inf 64.643650 inf 15.175055 inf 46.404658 22.571426 32.246871 3.949191 21.770259 84.252127
inf inf inf 58.789802 17.694000 34.536326 47.415497 99.720849 inf 85.710491 inf inf 97.643902 inf 97.730837 10.543748 60.891745 75.187642 inf 54.595913 63.980142 inf inf inf 34.982243 inf inf 19.802814 inf 78.760701 inf 8.691282 inf inf 30.906509 14.913560 18.673300 83.288861 84.471242 48.427676
88.022296 inf inf 10.712723 16.371615 inf 93.039128 83.213734 inf inf inf inf 78.544627 inf 49.576759 79.621019 inf inf 38.251346 inf 46.007145 inf 53.860735 inf 17.405414 74.007809 inf inf 38.910478 15.937159 86.188437 inf inf inf 24.060613 inf 42.887771 82.498726 58.346307 45.621311
inf inf 21.594798 67.492790 44.710117 65.165299 inf 52.635721 32.416948 95.604604 52.628109 88.479541 47.118951 5.207785 86.426710 inf inf 39.914971 14.082381 92.348303 79.174640 79.498682 69.536160 inf inf 21.203850 inf 46.610456 19.427104 68.157906 inf 79.858149 21.638286 23.024589 inf 75.747075 49.600508 87.349133 61.877851 39.455203
inf inf 51.530688 84.912581 88.406851 72.687205 inf 24.763353 92.854320 3.068391 50.999640 70.987513 inf 20.434574 57.309404 48.245422 21.301611 inf inf 67.410110 inf 23.567672 3.431601 88.728665 inf 79.559111 inf 90.751343 9.510718 inf inf 34.098459 11.918251 inf 84.511530 inf inf 24.350326 75.682744 9.024967
inf 72.756890 inf 7.362732 72.754376 71.396140 inf 32.209810 inf inf 43.925816 36.364305 inf 31.060105 34.429641 inf 70.049058 inf 97.767389 39.345351 inf 57.917261 44.660319 inf inf inf 68.826059 36.528447 44.009400 76.558891 89.097178 86.954977 53.242916 17.150504 62.726726 inf inf 37.698377 inf inf
inf inf inf 2.189108 16.703321 inf inf inf 60.678771 36.708046 inf 1.174105 inf 33.328474 61.743187 52.476004 83.248655 inf 62.440971 15.273982 inf inf 12.985700 77.588476 77.463739 59.356742 21.487644 65.491444 74.030487 inf inf 8.545009 50.759052 26.133061 69.321874 86.048542 84.193646 inf 19.561954 14.845493
48.966987 96.168918 inf 27.188715 inf 11.672674 35.633357 3.599377 86.432079 13.729332 48.836231 80.495342 45.508514 inf inf 65.595045 inf 66.566323 79.587456 87.451132 51.295281 22.717137 inf 39.039366 inf inf 27.464410 75.416013 79.612830 49.242636 19.726277 78.467488 79.176702 81.218842 11.062846 3.203360 inf 12.516192 inf 96.057505
60.197217 inf inf inf 34.463425 57.018683 inf 61.028232 2.704765 57.745524 41.131626 inf 13.418853 inf inf inf inf 15.812610 65.799233 inf 19.497701 inf 36.167685 36.762014 9.004471 inf 30.652803 inf inf inf inf 17.051998 42.770923 8.925122 7.734205 19.279706 inf 7.544097 67.625794 inf
