inf 60.009694 68.790944 inf 70.911347 30.413039 77.485568 inf 81.851735 74.835622 inf 12.013094 inf 37.765742 29.809566 35.060217 72.211361 36.016162 48.790834 38.059390 84.674053 37.945034 21.526846 inf 31.685933 35.003368 97.114275 inf 88.505382 41.818478 56.930320 inf 7.420622 86.711815 inf 33.147955 inf 31.704671 inf 3.411710 74.871537 1.462459 52.712648 95.483001 19.914119 inf 51.159960 38.818237 57.698117 25.889664 78.431124 inf 97.610879 36.682693 56.226121 90.063098 inf inf inf 54.477991 48.421547 38.981871 inf 83.442144 27.726243 92.497567 inf 19.391774 13.633757 31.273087
6.202450 inf 35.385291 40.148151 inf 38.872344 inf 97.900810 inf 11.499319 46.711136 90.474690 88.150418 2.111760 89.006809 16.644705 15.021746 44.343205 30.029234 inf inf inf inf inf inf inf 25.916386 inf inf 78.915795 inf 46.172141 1.082761 16.100084 27.509014 90.709289 68.926001 75.505723 87.903200 40.935266 72.915184 13.945639 17.022536 4.376980 86.323407 59.162998 inf 78.459039 inf inf 97.975750 inf inf inf 70.489698 inf 65.494012 31.065956 61.241866 17.037614 61.560133 93.310326 58.580302 inf inf inf 4.374651 39.318447 80.704268 89.410106
94.046478 71.436545 inf 91.176507 inf inf inf 63.952104 97.457605 12.156466 70.176399 4.232093 99.237047 39.012159 21.387777 72.914706 inf 9.312270 89.609645 89.553520 25.882290 inf 6.145977 56.940674 50.174008 inf 20.692067 inf 99.578011 inf 84.953315 30.307714 58.290435 15.062289 90.082047 inf 88.402879 inf 99.653901 28.078255 92.326368 36.663274 94.322398 inf 65.197013 inf inf 82.550232 77.307470 13.479933 inf 28.102905 47.898195 36.101000 33.550041 64.307692 inf 37.672542 38.785933 inf inf 83.970989 24.209397 5.766713 59.046016 52.791411 inf inf 13.544935 45.855331
inf 55.753854 25.709968 inf inf 76.755879 inf 38.530324 55.342586 56.510505 40.763946 inf 96.529250 inf 19.922984 81.975914 92.219001 85.087142 36.511875 77.615895 inf 58.534220 18.617839 3.937078 11.418367 92.921730 34.366022 9.157837 97.577970 inf 75.047007 11.946859 inf inf 39.950126 inf 29.516259 24.007878 88.105136 40.412174 49.456883 91.323032 70.484728 27.509316 88.998911 inf 50.129895 29.824098 77.783707 18.624058 38.430411 44.593313 4.239107 88.364262 inf inf 51.402044 67.604642 67.586658 72.058800 inf 59.984224 89.944422 22.580233 60.159146 82.193955 inf 70.492817 55.779933 39.710959
60.487275 inf inf inf inf inf 54.281986 37.839411 71.201259 3.024492 inf 14.958550 55.808734 17.707802 27.912414 inf 69.819076 inf 34.030095 inf inf 85.380942 32.316378 39.713411 72.148494 77.007095 90.123741 inf 81.488703 72.946990 67.386683 78.396412 54.026391 inf inf 31.436030 inf 68.592733 76.181195 10.838358 57.193679 22.585784 46.404859 64.099659 41.024923 4.737664 37.010058 1.990483 17.324095 88.870567 73.294259 60.170772 inf 19.014576 26.465662 58.404669 52.729710 17.646146 87.285778 inf inf inf 2.085745 3.666648 51.654342 inf 53.096302 50.849683 inf 90.080606
3.965633 79.743855 inf 36.789158 inf inf 14.568931 13.542807 16.313459 56.528364 96.664953 42.874779 88.310304 30.284773 inf inf 40.172219 36.205538 inf 30.035818 inf 88.521015 87.965784 26.719337 8.436101 1.630013 43.660507 inf 45.845542 29.590664 5.305102 inf 17.473738 45.043387 92.589206 42.804841 28.318154 68.367171 98.720977 14.718515 40.162556 inf inf inf inf 24.712390 30.970596 12.962967 86.074724 28.305047 inf 5.588971 78.640570 57.077982 97.037129 51.122423 46.228298 51.388831 36.809693 89.779607 31.013127 49.480532 inf 58.616056 86.205303 inf 91.972832 32.223542 5.439580 inf
50.951366 inf inf inf 50.166188 37.858573 inf inf 31.293542 38.396122 59.393830 99.175371 11.566364 52.328289 9.092951 inf inf 34.969404 inf 94.872698 24.114729 48.301477 inf inf 84.724521 inf 78.502794 10.463848 inf 4.082980 70.364781 23.816939 39.388593 inf 33.956835 52.432827 59.702993 89.900342 inf 24.831126 78.445582 74.698872 86.335661 85.894866 87.746150 92.457436 79.300124 93.176196 81.885214 inf 56.060299 47.267923 38.471878 89.471078 59.809254 inf inf 10.180590 inf 51.553701 17.532054 69.574096 inf 73.012396 inf 86.427174 inf 22.459911 30.565288 55.952508
inf 5.900200 6.925552 83.857711 81.151926 73.563290 inf inf 62.757105 27.229459 90.997826 59.980911 46.877648 12.749646 31.159704 20.337370 63.859658 inf inf 40.772066 inf 22.083683 23.474169 56.826527 87.728509 4.711662 inf inf 6.177133 inf inf 44.189689 73.750262 13.077921 3.735118 8.482012 65.069256 75.183089 32.112701 98.787640 inf 95.904817 13.362384 87.648070 30.060448 40.360307 inf 17.901851 60.960517 inf 68.235082 90.561793 inf 76.803528 inf 52.142403 51.553148 inf 71.713349 29.556788 70.638433 66.296610 80.914489 36.822745 53.052147 48.209414 94.306265 78.083884 12.376061 77.759989
87.497486 inf 37.248806 49.360227 71.696272 37.390849 95.266496 34.331466 inf 35.864125 71.405841 79.935128 74.245018 71.274265 89.535499 inf inf 48.003394 73.817391 55.250876 inf 4.752578 7.979358 63.234835 75.904779 47.316444 inf inf inf 94.341306 89.525022 86.202764 13.356476 93.497346 58.977850 16.279310 60.003247 inf inf 36.415014 25.555266 55.408990 69.200266 88.401582 inf 61.701028 inf 39.169927 35.851212 45.251038 80.140527 19.619708 15.368153 inf inf 52.811219 18.990414 inf inf 39.629541 inf 89.424542 inf 93.128179 68.112718 36.008712 84.994665 62.070918 inf 46.958214
40.579223 87.263876 18.640300 67.185946 97.908894 71.357701 66.893052 87.792626 49.671320 inf 41.578864 inf 85.638244 72.481557 90.465001 65.039421 82.029342 inf 34.720308 52.146126 58.990015 44.573397 inf 76.106441 95.770495 2.181304 24.214368 inf 35.638728 65.021133 23.100912 96.961172 66.551211 85.852230 inf 54.046193 inf 73.874811 53.015001 inf 91.545592 24.529878 inf 15.584378 52.681959 11.618309 25.318052 inf 33.689663 86.694643 inf inf 3.173865 52.093643 77.990096 inf 42.500445 91.009148 41.580388 82.136938 inf 83.615754 83.390244 19.761264 inf inf 97.481044 23.984933 62.902930 9.665037
inf 46.335932 36.997858 52.445235 inf 84.467974 12.611100 32.563085 97.032617 47.520183 inf 24.508674 89.537314 inf inf 41.760280 69.762842 12.164091 88.324221 13.722916 22.348047 29.988912 75.524939 63.646528 inf inf inf 81.131207 23.763871 65.801128 94.625189 77.561151 71.478378 inf 64.943114 44.929686 68.197991 46.967421 inf 16.525246 10.032248 inf 23.774078 51.626803 inf 63.744474 inf 20.518100 inf inf 44.801361 47.844521 12.982374 67.554875 52.722921 14.912979 96.802452 5.131106 45.772045 91.967276 93.050549 inf 81.517380 81.718217 21.010978 18.568807 69.501087 9.956698 18.336608 86.064909
55.210486 21.073954 65.134338 inf 21.266078 41.648257 46.871935 27.213466 72.094445 inf 42.689864 inf 40.778562 45.581075 inf 94.857808 32.021441 20.636801 16.865794 inf 77.068155 54.524527 20.425042 inf 75.874110 20.932239 inf 5.313882 31.797764 inf 42.887613 94.992727 53.233556 66.521703 65.172196 30.754121 19.185234 28.137498 6.274478 22.897240 52.448401 24.215335 77.063747 13.302902 inf inf inf inf 78.459326 inf inf inf 11.827615 96.087969 inf 3.839011 50.941070 99.888466 19.216175 inf 34.343174 95.375285 99.863778 57.470164 29.767525 96.742627 51.513987 70.376256 71.875390 76.018100
inf 94.438481 31.604680 51.336565 59.026926 3.311383 26.594378 39.412747 16.902140 4.465846 82.170908 39.757979 inf 1.784094 70.590332 inf 91.218416 85.953120 28.339700 inf 17.637414 16.177836 65.499548 inf 48.597277 28.928645 47.296410 92.843989 34.231398 inf 85.328337 36.763241 33.727837 34.542050 67.862029 28.071653 24.869974 52.552580 25.769002 95.486982 41.117810 72.695083 93.581313 42.995484 80.661149 36.657785 52.750709 62.276603 73.567645 inf 65.304085 inf inf 9.621676 37.432012 75.378260 65.151351 38.501472 26.584139 inf 42.849718 inf 73.966892 inf 44.942823 67.400070 inf inf 30.382157 40.199032
22.405445 66.283403 28.606403 inf 48.124735 71.768192 20.186708 46.746824 2.964732 71.407459 inf 96.169816 32.511055 inf 57.295877 inf 32.556504 inf inf 21.201553 inf 44.517552 71.109456 83.006808 96.403723 inf 1.829740 88.315208 70.740015 34.302380 66.291803 inf inf 30.367554 inf 33.706315 22.916747 inf inf inf 42.302541 65.421583 38.050763 inf 20.826798 23.242475 5.634496 14.042894 11.303180 49.693260 78.904195 24.308702 7.171975 inf 79.883961 72.531672 33.025522 inf 50.641576 inf 47.887837 29.338070 15.519510 26.369994 inf 62.869795 55.048421 15.106720 47.870322 15.151570
20.141448 66.525158 2.051662 40.171355 71.099316 inf 83.724216 10.963104 75.376383 80.647382 inf inf 20.711143 21.472376 inf 60.655811 60.146304 inf 53.568659 15.135283 58.507567 82.980521 96.423508 54.224518 inf 14.166387 56.474940 inf 10.523076 70.361159 25.657401 60.798918 45.731848 26.287394 66.712602 55.244061 inf 33.117504 18.828768 inf 48.759694 92.942503 93.742643 24.916044 inf 93.298621 8.172998 95.395774 64.199207 42.616699 86.810960 40.241134 8.086604 44.129022 13.205252 42.465149 14.699024 23.658074 inf 49.858499 42.596997 83.735366 25.343333 92.042042 inf 13.054416 13.521821 82.125334 1.233416 27.576001
66.542323 86.382243 32.715504 36.621048 inf inf inf 43.493500 inf 22.499381 71.100833 30.241360 inf inf 69.331019 inf inf 24.758494 75.681500 97.168765 23.696480 79.907086 13.549455 51.692819 98.045320 1.228746 44.262930 2.413344 55.834934 3.799260 36.448989 inf inf 3.684297 89.612592 inf inf inf 56.842165 94.026157 82.245420 28.770418 inf 83.492842 2.044493 13.401307 28.833474 80.396343 44.483978 8.779925 18.176332 inf inf 19.280036 60.963889 58.212284 inf 37.667946 35.423762 18.319387 88.525390 inf inf 73.800647 63.858294 1.135276 91.353305 65.776507 inf 48.460438
87.774144 54.404219 inf 72.593344 67.226134 39.419437 inf 74.947179 inf 20.021377 75.866533 69.777564 8.583957 84.302844 60.798367 inf inf 49.139044 61.036307 inf 9.934050 60.248617 inf inf inf inf 50.409642 inf 66.265330 43.971657 72.884535 inf 56.427034 inf 69.541622 88.295586 93.972503 53.121358 inf inf 3.124867 87.950037 66.351968 10.673007 inf 61.277606 98.697002 inf inf 36.842209 inf 48.694983 73.762546 48.071972 76.010958 inf 99.860392 73.175964 63.555837 68.081844 25.829819 21.217050 inf 70.288325 11.015878 61.245631 9.627424 1.027955 8.142798 inf
95.292477 74.499505 19.758700 42.661286 inf 81.635434 53.771610 inf 80.564183 inf 56.153927 27.204515 92.746594 inf inf 84.483475 32.578510 inf inf 70.147528 18.620935 45.150067 99.645329 inf 87.539726 inf inf 21.767162 8.667170 51.927125 64.178345 37.204982 22.154525 5.176285 56.311341 80.619400 40.869466 14.174118 4.041465 inf 6.053087 82.184411 69.425976 51.287095 inf 83.007013 inf 46.010379 5.843790 83.495246 97.094165 23.645121 94.732906 84.813887 10.676846 41.717243 2.216414 50.719889 90.886082 41.988839 inf 26.784721 inf 51.804409 1.856680 64.321759 12.415127 27.559507 89.289924 inf
61.016214 33.881485 27.702824 7.669252 14.708804 inf inf inf 73.639329 30.964132 27.799710 8.562733 44.786027 inf 86.277139 97.029525 95.400679 inf inf 72.837494 54.585815 inf inf 13.195924 27.155430 inf 89.749090 26.757505 26.766721 98.243377 30.160619 52.953123 71.676854 50.266811 inf inf 16.389913 53.215156 63.936901 inf inf 10.752724 25.825094 inf 50.273634 41.477312 36.892281 93.996442 91.153891 42.731453 6.010596 14.134256 36.631843 inf 29.598784 66.866092 inf 54.679982 63.846114 33.835633 inf 39.646835 inf 19.760363 inf 70.443660 24.946827 28.981046 17.609692 inf
81.759249 inf 76.477357 2.801811 inf 15.941395 8.458692 59.488427 44.917938 41.211580 49.933002 inf inf 80.563480 95.699258 17.981387 inf 25.652477 8.396065 inf inf 15.555198 inf 92.210407 15.034802 inf 50.593598 38.534897 23.186608 inf 29.198063 26.543605 inf inf 77.688963 inf 43.121247 9.615167 inf 23.645707 17.582710 43.807691 72.637992 12.247717 98.515431 88.182582 inf 76.920972 inf 1.559260 74.653441 inf 22.613966 inf inf 27.095515 5.869409 18.928250 67.883273 98.659925 32.367777 27.651237 52.395228 39.949490 50.738043 inf inf 86.323303 35.026371 1.449998
37.390227 inf 2.424814 inf inf inf 20.030433 inf inf 50.124619 43.732975 99.267739 26.189982 inf 85.801941 89.282871 99.384796 4.384305 6.742525 inf inf 99.619863 54.082556 68.874941 3.080477 45.633906 inf 64.264304 49.076112 3.946981 76.922659 inf inf 25.799393 67.740993 41.479952 33.830651 34.582384 87.281066 76.732006 81.037318 96.030394 inf inf 79.004370 7.148503 52.699409 66.470231 79.189866 7.278029 58.198725 63.423857 55.802245 inf 36.555007 78.574044 inf 40.407882 inf 63.056392 inf inf 83.482099 51.535220 inf 4.241581 inf 1.298160 inf inf
2.136680 inf inf 26.136801 36.901156 56.019346 35.215201 88.520020 41.780488 33.434325 68.935437 39.071055 44.339516 90.755882 20.044123 18.993483 13.460758 80.621772 inf 5.068833 27.200640 inf 55.053113 68.974583 inf 64.338169 inf 62.800515 75.317445 43.767888 61.082614 inf 56.157347 61.457749 inf 20.781563 79.245807 inf inf 85.266514 24.270482 10.297247 inf inf 39.446365 72.294118 58.575683 96.703625 70.779435 inf 35.980198 31.257602 88.476787 inf 60.984437 73.595978 84.594770 74.526777 30.440466 61.534784 61.597722 54.096899 inf 86.939089 8.805595 75.065964 36.406943 59.188541 39.977099 29.655128
57.323729 inf 67.052746 3.243341 50.742461 13.536003 inf 41.293019 11.825991 inf 61.873181 83.123215 73.936262 17.026573 96.798924 21.815009 inf 76.572758 inf inf 63.343850 88.015210 inf 88.153835 51.697911 95.706353 55.723000 95.452109 45.802052 inf inf 87.505592 8.169977 52.312117 2.194202 15.602358 60.051389 69.658283 65.817322 inf 96.804581 31.771379 26.796878 17.823049 87.200150 52.296267 98.896680 inf inf 11.826981 9.587018 28.748981 76.892112 5.002118 inf 78.915774 12.133361 75.149562 2.460223 11.391135 63.445963 34.955022 57.466641 85.048017 46.983429 95.556519 61.304575 23.190096 9.455446 14.927812
inf inf 1.189730 98.196468 21.828769 50.327110 inf 99.505741 98.499359 80.648446 73.441581 inf inf 69.522842 70.459618 15.426962 inf inf 72.794251 4.751231 48.602762 28.005048 73.642157 inf 8.881730 3.521227 inf 47.827445 59.547262 70.724924 inf 3.468416 34.455114 7.585085 89.914217 13.594876 77.254572 inf inf 13.933929 37.735202 inf 41.523394 63.368118 66.913006 36.433043 inf inf 15.808104 inf 96.836016 95.724548 inf 65.175416 inf 43.259985 82.840763 63.944750 72.366259 inf 17.110005 31.499160 87.294892 53.659181 71.083198 33.696918 93.685996 inf 80.506657 2.215434
84.199541 inf 22.635145 40.729450 67.798117 21.630966 61.137779 99.841908 78.792378 68.162430 inf 90.357617 32.134834 77.474322 inf 60.583712 inf 47.866103 69.754966 7.788544 74.620849 inf 55.208524 63.316537 inf 69.388879 33.660571 63.272009 69.326211 48.776244 inf 32.216739 99.270623 22.256506 6.417065 2.557245 inf inf 99.107194 57.061937 inf 46.408643 13.923192 30.447143 17.622175 inf 59.483767 inf inf 5.462454 inf 38.715820 inf 67.039239 11.964199 26.150045 22.389874 inf inf 80.188997 66.707056 45.943903 inf 49.737134 80.542780 91.451263 2.654119 49.396446 99.822828 inf
56.045839 inf inf 74.202562 68.670735 41.195977 inf 73.635000 5.068480 90.551799 inf 1.449588 90.003575 inf 24.894368 7.957803 inf inf inf inf 36.669863 34.767130 77.451949 77.616377 93.077668 inf inf 23.273271 56.672491 8.048212 76.508220 28.926924 inf inf 18.906952 16.843428 1.504651 38.232046 inf 52.077401 12.926495 inf inf 43.417599 76.758685 inf 41.404371 68.891136 94.713097 62.301341 83.118253 inf 69.032878 84.002070 9.159261 9.904088 15.635020 76.359374 35.206915 inf 54.177733 30.896288 6.856133 79.926727 inf 90.644705 inf 52.842613 95.232308 22.413601
6.435943 51.565767 95.566396 83.540329 19.962483 54.822767 85.044565 inf inf 44.015584 inf inf 34.690582 52.674673 42.216493 27.736475 86.733579 inf 72.841721 21.494084 inf inf 5.012404 inf 93.877423 inf inf 69.858953 41.321309 90.334512 66.206193 76.834784 79.372262 74.551935 68.424491 43.808352 inf inf 31.220982 inf 3.926233 93.229313 inf inf 82.545204 34.096386 96.150063 inf 90.214002 36.618567 7.485591 4.160409 76.464250 99.590616 25.011689 63.792143 inf inf 29.131475 46.326332 83.324407 52.699921 45.787177 inf 56.866940 61.033460 93.875618 inf inf inf
inf inf inf 29.176787 inf inf 93.243800 inf inf inf 16.470216 85.968664 9.829280 86.086795 inf 19.413243 inf 97.185931 76.051441 78.027636 91.745222 63.227754 87.969381 38.300140 33.534754 94.491221 41.736857 inf 92.872388 inf 81.089964 26.175495 22.239334 98.437654 55.569002 56.689107 87.165193 inf inf 17.340575 inf 17.726309 78.379784 inf 17.980181 34.795719 17.756586 inf 60.647480 inf 48.201513 46.847121 75.988789 56.001225 35.084605 inf 96.431110 inf inf 55.969344 79.576014 56.130744 55.089512 8.857651 54.041365 4.448213 94.004861 inf 89.161735 19.479849
56.310435 inf 6.178408 10.674102 99.343009 28.261500 inf 36.506357 inf 20.850121 58.434604 3.687824 67.918796 45.969447 62.944128 10.350724 33.448983 12.704944 1.518748 82.976461 14.651463 54.387810 71.720975 99.826360 73.438326 81.779381 54.485983 7.219575 inf inf 93.338559 57.517176 97.479160 46.954924 76.493663 84.377314 inf 25.385535 73.777532 49.233288 29.187577 41.995174 56.377097 60.253684 inf inf 49.381335 75.124525 7.306821 77.793781 88.190934 83.628579 97.980724 62.577445 88.179044 inf 82.086328 90.096038 21.622116 28.170665 inf inf 4.049002 inf inf 78.051011 43.116553 37.978802 51.107501 inf
74.455688 92.781197 inf inf 27.030044 45.281953 70.472044 inf 22.325406 63.519550 24.926479 inf inf 93.443648 94.369348 96.433950 67.009253 42.429771 67.152539 inf 38.232646 32.511685 inf 55.815182 80.560951 62.603263 79.584271 inf inf inf 61.835627 4.903294 66.776454 inf 73.199168 inf inf inf inf inf 85.050739 11.468631 49.842477 49.522619 72.162610 inf 47.909777 90.095999 17.701018 39.950963 90.652248 19.260257 inf 35.013689 inf inf 99.512772 6.408976 inf 38.112977 31.451757 56.761810 81.050088 inf 69.286488 48.046637 44.371473 43.182522 44.628348 inf
62.358199 inf 17.786240 89.854159 41.993956 72.883210 5.438944 inf 95.525603 35.164701 8.803510 84.762649 85.969668 52.149382 84.806661 12.515152 47.429497 36.088385 53.984975 43.832497 56.493589 61.656317 inf inf inf 2.735657 95.123907 85.690787 37.032086 31.747582 inf 45.498841 52.872333 19.601678 10.567777 50.842853 79.751218 14.974493 74.929134 inf 12.503529 81.315241 84.749151 inf inf 58.036608 18.241296 40.691680 46.122899 18.331837 44.783057 88.319870 77.047123 3.889808 31.478119 18.075545 48.718012 inf 29.840279 91.247764 8.826128 66.881053 20.643090 inf 99.816610 inf 88.676858 83.030668 7.603626 inf
inf 63.793257 13.056545 54.602243 72.039298 inf 1.973464 55.959077 17.994196 16.179614 80.581047 32.820716 92.751626 inf 5.974336 inf inf 69.486765 55.947891 54.757421 inf inf 58.657067 5.554222 96.193992 62.987325 50.976123 92.692751 83.829144 57.210684 39.560116 inf 54.067423 86.712309 62.493298 50.623567 3.334299 87.024060 9.587637 inf 32.827750 18.359621 87.228142 inf 59.926787 16.624673 83.161249 23.422537 17.570676 inf inf 16.957963 14.051567 93.142299 37.075237 99.798187 32.728270 71.631941 28.931814 29.899888 93.543440 inf 5.625202 39.671513 74.387174 inf 21.374953 35.001187 12.748452 77.028467
56.863422 58.114510 2.697699 inf 37.509370 3.984173 19.246589 56.582908 17.747437 26.793044 51.941872 32.825581 86.715911 inf 66.098923 inf 7.397238 66.104762 36.418649 inf inf 13.877075 13.095608 12.354613 86.476291 inf 44.909274 16.777011 56.782158 47.339744 85.706322 69.627007 inf 19.160731 65.122324 95.235574 73.289009 94.867652 3.747259 73.823514 inf 12.858643 29.551092 inf 33.442634 inf inf 25.939030 93.186154 36.368001 78.553221 inf inf inf inf 36.301468 inf 88.575628 71.883615 57.178865 75.003949 93.632850 inf 93.691597 69.460971 79.243064 7.769535 88.167688 88.686380 4.209635
30.385550 33.422590 80.207890 inf inf 29.648289 inf 36.614180 56.371381 82.095381 inf 1.061517 41.756212 73.629130 94.607593 37.981362 inf 3.947432 5.301460 inf 39.864401 89.039159 35.174995 6.106982 19.792336 inf 23.627293 70.294902 18.481255 inf 71.015669 90.078067 73.366279 inf 11.011494 98.887226 66.795105 59.187379 76.453748 16.113587 2.088504 inf inf 8.606048 55.209117 53.260838 73.006443 41.566879 78.506169 17.836927 inf 76.082421 31.386373 82.314056 94.613891 68.779468 63.641513 59.687753 inf 91.854890 16.119259 inf 74.591441 1.546365 22.404421 49.232699 56.166463 inf 1.869557 30.074909
inf 5.411627 68.803824 48.686265 inf 39.410625 89.373859 56.834726 41.977441 inf 23.428630 51.427269 4.279300 inf 94.610302 14.532552 1.554648 38.960300 inf 80.339500 24.128651 inf 79.357847 54.498974 34.183666 50.617031 52.406294 71.594003 85.644308 39.458563 60.808671 81.786148 53.797889 46.731426 inf 70.192068 22.843601 43.433557 inf 86.541349 71.783152 inf inf 3.691390 97.496442 inf 50.181651 inf inf 44.032529 inf 29.377213 inf inf 80.986307 76.492908 38.777126 68.909217 15.710913 43.762374 64.791665 9.566483 inf 81.313007 inf 23.143707 69.320858 58.085597 inf 20.085160
59.510286 20.104822 inf inf 16.579716 2.174899 7.921700 54.603177 70.569604 34.613054 89.890613 80.604967 13.011913 99.932363 86.284233 inf 42.599826 65.925875 inf inf 23.756494 61.453838 5.783558 98.339324 78.479708 76.778197 91.045740 53.357887 13.660086 inf 46.412322 78.533817 57.665532 57.416362 38.595985 inf 20.869268 3.462627 5.343044 inf 17.302832 27.847658 96.430414 inf 58.949852 78.508039 19.307986 16.200522 58.823469 78.011635 45.930438 24.828625 98.114789 72.272955 inf inf 48.833340 inf 63.405071 inf 14.478711 70.086484 81.890382 52.541297 53.828360 inf inf inf 91.861107 inf
inf 56.908633 68.011383 46.258030 inf 75.658110 66.625102 55.585088 78.902089 inf 68.330953 77.720567 28.372165 68.543320 inf inf 68.658622 85.727756 74.765314 43.462915 8.507637 46.112976 53.721699 45.720220 inf 46.305140 inf 12.951191 inf inf 51.766489 50.870571 52.110062 90.842740 57.755212 35.271217 inf 89.431550 67.610998 40.968049 inf 9.743349 18.217450 1.582494 31.116595 inf 5.716140 38.819158 82.254246 84.098896 21.833187 59.473510 21.946262 inf 28.500342 81.809601 inf inf 8.026076 24.228323 73.271316 85.381011 24.691022 27.175587 85.782455 67.902399 28.485552 inf 6.650561 inf
44.766817 57.903909 inf 68.885834 72.970606 25.467423 98.759215 22.628087 inf 44.504793 54.699238 68.398553 49.328723 inf 18.636102 inf 25.547237 92.467716 34.784262 64.720953 27.911092 inf 77.923707 inf inf 80.618058 inf inf 8.844848 inf 75.591924 45.540793 97.948112 5.377840 48.540349 13.143516 37.553137 inf 84.474096 inf 26.618548 inf inf 45.174582 42.941221 47.218840 inf 1.056537 91.861406 inf inf inf inf 86.069495 25.349055 43.458250 56.735289 19.661949 70.443135 66.571214 1.561401 13.102384 98.930010 38.020443 7.333410 17.368668 40.220442 inf 76.469285 77.161863
inf 10.927120 53.628468 70.650407 1.148051 16.794499 inf 71.784095 inf 5.466970 inf 26.943869 14.502066 inf 63.871653 24.533526 inf 6.065362 62.628759 inf 74.061399 inf 5.161739 inf 15.554813 inf 43.378874 inf 41.275498 inf 77.972451 46.892143 44.172442 28.556884 inf 78.899814 25.281193 82.395230 inf 44.875383 51.492207 62.394444 53.640762 40.953995 11.267322 85.983059 88.967920 95.470436 inf 94.481610 inf 11.784660 inf 15.814701 inf 73.986460 inf 47.591978 2.928878 5.995196 5.061182 42.081498 inf 64.422008 10.999374 inf 28.438109 inf inf 3.750689
93.077363 58.157311 89.318176 76.998392 97.923829 92.750807 28.825154 29.054797 55.268631 inf 6.245634 40.936795 4.001550 inf inf 72.863744 inf inf inf 20.868176 43.005498 64.356707 inf 94.781584 67.256146 30.657114 inf 76.281484 79.335476 inf inf inf 23.183471 2.369425 46.346456 inf 99.954810 inf 90.495995 inf 41.654484 inf inf 79.748068 75.832548 17.084711 14.233421 3.277242 68.429871 50.875116 41.663279 14.746724 78.650008 8.059096 83.789668 56.075942 68.879810 inf 58.692934 90.188455 16.091047 inf 89.246351 82.561930 27.418477 15.107314 inf 19.449322 89.727224 31.062582
44.636447 98.592697 82.614247 65.139645 15.595180 32.168519 96.643022 inf 99.238558 89.744577 44.689818 5.049931 27.669581 68.652390 55.554472 5.823277 72.438898 10.279555 inf 65.548772 93.134074 70.584537 71.216359 92.887138 inf 31.744006 98.608763 inf 51.448477 25.053164 37.974868 87.328432 inf 22.514379 14.313484 36.256325 inf 72.096016 81.428935 55.799506 inf inf 67.543070 inf 12.360505 98.948806 20.248585 inf 81.658289 46.793371 94.582278 45.207669 58.229358 79.779159 67.511031 70.463225 74.888511 30.859407 inf 53.837245 78.355203 47.326826 21.565051 inf 53.565754 inf 60.425989 7.266999 inf 5.696317
16.500244 97.252529 10.081269 2.969517 69.549792 inf 13.325052 14.263599 92.208204 38.526790 inf 90.342809 30.902174 36.171964 57.128635 46.007854 55.404918 68.704849 23.542436 81.258684 12.049866 49.178826 15.483569 inf 57.395674 inf 5.819057 84.129154 11.487550 28.829703 80.661514 14.756642 3.170037 inf inf 64.099569 20.970899 inf 14.260095 inf inf inf 23.446021 98.006249 89.639285 9.596376 59.104612 81.448416 70.278398 23.242101 64.744013 21.576954 27.801244 68.908050 69.506130 55.231311 inf 53.224278 21.972377 1.396848 79.437565 87.882684 16.585088 22.394003 53.259299 45.405765 48.521534 53.115099 26.224488 48.680012
66.724942 85.995003 48.365186 78.918888 2.072677 inf 46.988014 90.539460 49.992734 inf 59.465212 12.496551 72.761467 20.726352 6.550058 inf 28.785984 41.368163 78.602271 1.089913 inf inf 73.971641 65.052420 90.241690 inf inf 84.211688 28.991974 28.835259 69.659969 93.133743 96.910630 inf inf 8.148532 15.960154 inf 63.780544 inf 68.821698 29.354659 inf 35.669302 51.916301 70.483341 inf 64.494485 75.535190 3.897019 18.684236 88.697400 90.454367 inf 31.398887 14.668308 inf 10.407636 65.784527 70.356562 inf 9.270564 1.492485 66.624293 88.702855 inf inf 10.999460 44.592907 98.670753
41.039650 24.928145 inf 4.795796 30.135058 inf 86.343849 51.317333 99.646730 34.305016 42.441732 80.019341 90.919853 inf 65.957943 7.640849 76.577283 80.819920 inf 80.402120 inf inf 58.094568 21.234459 79.043043 89.635150 inf inf 98.607463 26.676711 inf inf inf 30.932068 31.917099 inf 36.091297 47.108603 57.125324 8.264101 inf 85.475197 44.043010 inf 31.238345 97.461230 37.868599 71.583338 inf inf 40.035786 inf 61.757830 41.614260 79.998680 21.838271 44.509505 31.171480 inf 1.513331 57.386320 6.625152 18.727861 65.450592 93.287624 inf 14.827309 51.810568 8.760344 inf
34.811918 88.875083 26.273275 89.071885 56.586817 inf 22.189191 15.303593 inf 52.030711 inf inf 15.187702 8.321549 inf 5.767440 inf inf 86.428980 22.430974 54.906550 29.145963 39.177992 11.643361 33.504132 17.752435 28.028001 92.497145 inf 53.488560 inf 23.802396 98.222498 36.365229 97.431375 52.649374 6.019328 11.567781 92.166231 54.162308 69.361880 64.022683 6.963528 71.670411 inf 40.962075 3.533260 54.960544 13.126846 inf 16.795930 8.041009 56.762142 26.799767 5.965320 65.313782 20.600665 inf 3.290408 92.418902 76.218243 91.680246 80.652561 88.815205 93.965380 inf inf 67.845439 42.148307 38.652567
inf 38.426607 inf inf 79.005393 70.645371 76.300656 18.301864 99.483904 7.680622 91.700801 inf 18.637699 14.965550 37.163305 41.625435 45.279785 47.956837 9.996187 58.610353 67.357748 23.764744 55.915524 83.033607 inf inf 81.118408 69.220636 inf inf 11.506443 77.277982 inf 40.038015 inf 60.936554 inf 71.515363 89.230867 67.830172 39.223133 90.581678 66.459021 70.263724 59.022037 inf 63.807279 59.755185 91.291552 inf 37.733214 78.094053 38.134144 43.936119 26.933817 52.349929 40.491175 inf 51.702914 80.094945 68.227604 inf 64.178542 inf inf 77.856538 82.704433 46.953942 inf 64.773213
8.291422 inf inf 31.842120 90.929602 29.298161 82.944269 inf inf 94.872583 inf inf 12.397648 45.641155 17.585706 1.912257 63.287923 inf 94.121774 inf 34.261942 22.936573 39.678182 inf 76.712454 28.021056 99.966842 71.294199 75.129156 94.997433 80.253144 79.654698 inf 20.487666 87.077698 48.774852 46.569837 inf 84.347071 51.538873 23.529773 27.748727 inf 62.678186 61.846861 1.005567 inf 63.225315 29.349956 78.372899 55.332713 inf 50.328025 8.447495 48.100835 92.472869 inf 10.263691 47.466059 inf inf 57.568376 60.265582 78.695155 40.357246 inf 81.827139 inf inf 19.609280
66.161892 63.775290 85.786030 97.957183 99.539408 2.429274 56.478039 17.253266 63.429340 inf 85.584778 inf 25.103627 16.397657 52.484516 15.239570 inf 5.644319 6.881265 28.466908 76.882816 45.503726 inf inf inf 21.588323 inf inf 50.768854 22.557382 49.771620 56.110520 18.560655 27.500590 inf 21.667064 77.450319 65.174822 94.631926 70.476612 inf 13.375227 67.490701 41.707946 99.737595 35.890372 74.955911 inf 1.362982 50.811857 47.102056 54.552818 26.822650 44.049516 14.078121 inf 12.133578 78.467485 41.083979 inf 2.136698 89.789179 35.827230 7.850889 82.155648 77.552529 inf 60.328500 5.194689 13.154792
50.175243 inf 81.472798 22.081631 39.958773 3.283417 96.120045 70.270472 66.645742 43.174665 inf 9.710956 32.723189 41.412196 59.841208 29.959372 inf 73.033651 1.495049 inf 30.120437 15.815783 inf 81.332335 inf 50.002440 61.714729 68.854518 52.557650 17.650598 28.060979 99.656212 92.947911 87.650192 inf 14.424758 63.431698 47.377875 inf 68.901443 96.735245 68.492347 97.431823 inf 65.968350 20.792369 96.726957 53.399193 inf inf 10.816861 72.640422 95.002075 18.246066 18.140621 51.201471 58.344912 42.386067 3.491189 inf 8.444871 inf inf inf inf 36.811058 74.062678 8.105289 22.542921 inf
10.351524 inf 89.102466 3.328851 72.145892 35.286662 inf inf 2.323623 65.406032 inf inf inf 41.761397 5.764440 97.284642 60.860598 63.161123 21.360038 75.577494 60.748379 inf 53.072625 inf 5.261479 98.230162 81.175464 inf 17.271344 65.936996 53.001030 inf 19.484215 80.956539 53.196569 23.873599 32.493815 inf 95.778814 65.869446 73.312728 36.093843 88.953731 inf inf inf 13.984340 88.884534 inf inf inf 89.032140 inf 60.991047 18.208469 65.819188 50.879399 1.861055 25.315123 87.458822 inf 12.823756 88.303209 21.051615 33.757129 4.297134 18.383958 inf inf 45.162404
86.004343 93.369273 inf 88.175566 59.599010 inf 86.414437 88.966955 16.680866 inf 63.803411 inf 73.928299 86.736551 97.765106 67.229359 inf 2.706432 77.863889 61.556419 85.338373 25.170036 17.700351 45.636857 inf 14.406276 33.126359 66.276598 97.323318 72.597337 88.579032 inf 23.249614 inf inf 52.942839 13.906372 inf inf 76.521222 86.115126 59.143471 3.003287 11.142276 73.379781 99.828630 27.794085 80.676183 26.508900 inf inf inf 20.430489 93.893835 79.579930 64.817870 9.157286 inf 40.331365 88.736912 40.347253 56.429709 62.213479 7.901418 inf 32.034417 38.230238 33.480492 52.322373 47.241268
inf inf 5.079889 81.477385 22.141547 7.428642 18.156353 1.772999 81.397922 inf 40.158740 inf inf 81.807157 67.386177 inf 32.975496 36.801338 82.405463 inf 30.526748 10.017167 52.553881 66.589524 82.510576 inf 22.521149 49.478083 74.699511 31.908165 60.922887 92.048437 inf 97.390110 59.881751 96.032877 81.371776 inf 37.643578 78.981701 73.236703 88.338822 79.156014 inf 96.164032 28.169436 inf 96.564339 90.368966 32.294142 inf inf 29.988838 inf inf 44.534374 71.320165 inf 65.994748 inf 82.317851 75.883119 39.277181 54.964735 38.580808 38.880306 45.798839 inf 33.749686 13.645598
58.977215 inf 48.771396 3.173620 inf 55.848182 4.241875 inf 34.156170 19.259050 41.999051 80.137838 inf 46.844527 5.330728 inf 10.509135 91.562186 38.320825 80.685498 69.649676 85.537649 50.369409 inf inf 87.027387 15.522884 77.412505 95.066897 inf 80.661637 43.671806 inf 61.018458 inf 5.314717 40.096111 inf inf 9.124321 33.324752 65.403668 54.023555 64.788509 64.113913 18.782722 95.938117 27.817640 2.991145 inf 73.571250 52.183636 inf 31.504153 6.357122 67.029148 84.757447 42.481658 inf 1.674308 2.166388 19.929733 39.684206 34.105145 24.322950 39.829270 inf 71.731951 40.511617 inf
25.001240 inf 22.948566 33.969136 65.808417 7.288700 35.603390 65.214235 inf 78.667743 72.875091 29.956075 17.285291 inf 27.861079 87.428153 67.190193 62.743404 inf inf inf inf 86.952901 12.542893 82.551555 43.523898 24.464928 9.646851 39.126385 23.274633 78.632523 60.042239 inf 75.870472 inf 37.927601 inf 48.833147 71.096430 28.838787 86.502055 64.729893 inf 58.197873 9.879425 69.320584 19.751224 67.296559 32.869540 74.800883 3.250836 inf 67.169752 inf 43.893778 inf inf 82.637972 22.971259 72.484554 17.014061 19.613122 inf 37.345564 64.832615 70.089125 27.079502 9.658309 65.214444 72.511629
14.547495 56.318281 9.227280 inf 24.492521 30.231996 23.158189 inf inf 46.787643 10.563816 inf 45.530917 63.627370 56.009147 82.838079 41.914684 82.688386 46.945835 inf 79.068487 43.160224 inf inf 86.040853 14.328111 42.275114 22.419006 51.369496 inf 59.591439 70.192233 inf 10.477736 87.061089 inf 56.029002 77.588784 inf 79.043036 20.162519 91.950392 79.985401 40.796443 90.594544 2.588330 37.385448 79.204095 82.023710 2.709529 12.783753 inf 43.117167 35.103497 inf 92.203865 60.814427 inf 3.463650 50.858512 9.858374 20.981398 inf inf 56.850814 68.081944 42.903313 51.676292 inf 23.851209
43.632005 inf 29.852189 inf 72.386104 40.127373 inf 25.783569 1.844574 inf 44.026995 66.411265 26.926599 70.055307 90.092880 93.396779 inf 87.527484 1.658453 47.034139 6.165770 51.731659 68.198665 31.458910 63.824346 40.443790 81.358392 inf inf inf 79.994681 57.049248 26.039428 22.950146 30.449842 inf 88.720754 64.768932 63.323352 31.563018 85.110281 12.663368 80.163174 30.085555 91.154599 47.592567 10.699700 inf 88.618521 9.358379 15.958373 80.807075 88.415971 inf 49.440051 inf inf 57.365163 98.714380 75.784200 46.363512 12.130002 92.228779 44.655432 70.855581 81.236232 91.502197 66.640434 45.838970 30.747750
inf 14.859032 inf 21.227303 28.043593 11.022858 inf 38.329036 64.866330 63.579139 87.583141 94.294678 98.057950 85.172795 85.655786 inf 5.930294 70.136445 inf 56.788455 inf 39.326080 16.578828 18.794757 35.554175 31.331143 inf 24.463041 23.600840 61.836949 28.579919 46.063619 inf 82.366341 20.550221 39.208308 inf 59.539769 inf 34.708222 59.534292 inf inf 48.749475 37.224902 55.937523 inf 14.706373 8.597388 31.505846 23.017561 49.316472 94.798742 inf 20.031391 inf inf inf inf 41.208362 20.157306 38.447167 97.384786 14.982647 52.374957 53.364163 13.901299 inf 42.508311 68.168066
inf 38.014779 29.082816 98.251130 77.178918 75.942955 1.712920 inf inf 87.742997 85.179378 61.937082 80.123903 inf 16.119802 97.423421 12.940192 5.355819 58.879714 26.155926 99.435038 20.501517 31.040861 8.624851 inf 28.762362 inf inf 13.362447 49.460278 inf 10.643275 8.554417 66.538856 52.794198 inf inf 96.317347 33.310879 inf 2.067880 92.857605 74.857965 92.146812 inf inf 85.136530 89.594318 9.558270 41.584926 inf inf 22.680569 39.081047 inf 84.081980 inf inf 38.730333 71.178488 14.197243 inf 57.257898 98.627827 95.079726 23.338561 13.030290 inf 57.535398 39.108704
inf 70.428655 66.180315 98.859430 5.203298 67.463510 inf 91.137372 inf 66.031027 9.043221 51.009273 53.077610 80.324202 inf 53.685936 72.735822 33.650222 53.099847 3.527919 inf 95.142059 9.389117 42.786360 inf 76.210566 6.833342 inf 87.739985 inf 85.007455 32.799169 90.487014 inf 79.983904 56.695370 25.879251 15.509594 73.386968 62.133964 inf 58.232456 66.276815 inf 20.438186 6.842085 43.107780 40.069738 39.282055 49.293930 82.253560 19.395518 inf 59.177257 41.442764 10.134146 inf 43.482484 inf inf 68.538406 91.473162 inf 27.945098 25.552898 inf inf 7.784414 74.964063 31.045103
11.568979 54.790029 inf 7.750086 inf 38.657284 8.790167 55.533681 2.276659 91.328538 39.875638 inf inf inf 35.813184 9.576743 34.901070 82.066539 47.035551 18.547628 5.177238 70.319269 65.065975 inf 42.621194 inf 59.631252 89.509435 39.270962 69.249104 33.329769 37.606580 20.226439 78.670234 70.384671 inf 88.600312 70.474680 38.814561 6.043363 52.429256 96.767822 86.921698 18.274058 46.480655 36.645980 inf inf inf 69.964808 24.806158 inf 81.345890 30.478871 31.208370 91.200937 92.490295 72.758597 inf inf 50.243916 61.918582 63.236999 inf 12.326144 13.578112 94.971091 inf 26.979995 21.621399
34.388017 75.823895 inf inf inf 51.754321 93.670975 30.115135 inf inf 7.595906 98.225795 37.802791 21.038281 71.494686 68.575892 4.704374 inf inf 94.050870 inf 21.564711 68.519833 2.443417 41.891148 92.415895 80.252083 38.347983 inf 62.972432 54.813424 90.422207 10.375971 30.523770 70.519315 23.619167 64.954131 37.729757 53.065510 10.605604 67.153278 97.450744 inf 51.153544 46.339060 26.056969 inf 48.384929 51.825783 inf 48.442766 17.696220 34.421134 37.041495 63.447719 65.172196 6.437036 5.158882 67.165258 21.780464 inf 13.691013 7.712429 29.069527 51.255527 72.098718 4.365389 1.512937 59.246324 6.021466
26.346270 24.811541 10.254648 42.167728 inf 17.115482 80.558599 95.186546 46.619619 61.487827 inf 33.141837 inf 24.170839 64.689143 inf 66.306004 83.089962 70.001783 62.777527 inf 9.148934 35.138691 66.938227 22.302144 44.040513 3.545525 54.778739 inf 64.603787 80.208234 inf 91.904606 inf 79.721165 69.383860 79.359959 84.103281 95.039640 inf 8.393097 7.511749 30.492853 43.659001 56.880621 inf 60.443811 54.784430 inf 24.084239 85.281965 24.127320 69.662472 59.776705 81.297302 91.763607 1.070490 inf 40.692002 40.074194 36.020755 inf 48.027531 90.193087 inf inf inf 53.720678 inf inf
inf 78.720114 38.094969 51.021008 57.037132 inf inf 10.447625 inf 25.457882 91.295526 77.573874 29.321923 17.912512 40.699659 inf inf inf inf 22.757279 40.712198 inf 18.704250 13.255875 inf 74.093306 21.838173 81.330032 87.506793 49.031141 34.810564 28.879418 inf 62.048804 inf 90.766562 43.316255 73.428156 inf 91.161169 27.698095 46.807697 71.682165 97.632793 20.063417 40.128117 39.742070 16.085612 inf 83.576493 48.121494 5.453052 16.430740 inf inf 48.531427 75.903241 75.454086 inf 32.981482 59.628069 68.851051 inf 61.713199 27.146538 11.754389 26.198687 81.736498 15.581668 inf
13.549252 inf 30.699944 51.200127 50.308154 6.917314 69.513397 70.813922 9.154267 69.448986 38.467990 78.663316 inf 28.360208 95.582241 43.969001 34.590693 17.108061 57.960731 6.500859 40.856679 55.842589 64.601353 45.134138 22.702454 77.120077 inf 39.341272 inf inf inf 2.680595 22.376020 50.026640 16.160394 20.574176 97.852823 55.505604 34.646673 23.423155 inf 41.039163 41.574410 22.663467 50.316004 inf 75.361046 57.985036 inf 22.836785 24.175360 84.714435 99.257550 55.794127 inf 67.756047 26.380018 72.376798 61.370961 inf 93.764612 32.415862 53.337437 inf inf 45.341580 inf inf 31.352750 35.585891
15.903329 inf 9.079437 61.219520 57.518121 43.970893 inf 58.612193 98.196527 inf 69.208043 51.069977 96.300632 inf inf 28.267455 45.685337 35.247555 inf 30.968931 inf 27.180804 93.108581 8.210880 81.583689 inf 37.297406 88.812203 inf 96.388927 99.162188 56.001370 80.644684 49.236239 inf 11.616148 7.770701 12.142845 66.064407 16.876619 63.663241 20.438486 34.046915 73.016086 23.082136 inf 26.147281 59.092589 inf 99.042783 inf 65.149057 34.304945 39.673347 18.399135 17.342826 67.758982 5.921527 78.331099 94.206317 15.843095 inf 70.950037 inf inf 10.071088 inf 63.948911 83.410045 inf
69.083466 inf 51.900172 45.529182 inf inf 99.854298 48.523138 70.064481 inf 31.524393 46.540911 29.310896 97.730266 29.769652 82.438408 48.917315 85.254887 55.897226 inf 13.955852 69.670767 78.631394 56.234501 66.159647 77.123051 2.079197 31.502461 2.481770 58.243722 inf inf 99.148345 89.234981 34.022732 inf 62.890990 36.018777 inf 45.757035 inf 18.212735 inf inf inf 63.094549 inf 55.431081 93.624940 44.963773 51.447602 43.871893 68.447562 24.393665 5.568632 37.893255 90.191714 62.630932 inf 31.748069 37.918511 inf 80.767196 10.849782 79.348135 inf 23.789691 46.056141 64.841554 18.538965
inf 86.538570 inf inf 2.177450 35.728045 inf 91.238068 6.473239 75.743999 22.375445 82.831574 inf 55.918930 29.090627 35.086480 12.402109 50.498046 21.197424 inf inf 16.314485 25.592609 21.221457 82.078850 inf 33.696915 74.125008 3.716447 48.029533 82.422900 36.733666 61.106494 6.333991 83.334755 inf 62.702103 2.599101 28.155912 inf 78.865866 96.530722 inf 22.396307 inf 41.563728 15.849774 inf 3.109538 28.846364 97.207580 85.923710 inf 30.411279 82.643821 94.448420 57.733922 41.505140 inf 95.983856 90.270505 inf 8.186687 inf inf 73.724865 inf 20.940724 inf 85.833479
11.008892 59.973652 inf 3.523628 99.609777 87.781513 59.488482 15.847853 68.838276 59.299250 93.149084 72.001174 inf 30.518540 83.223868 49.028261 87.832300 42.277730 23.790991 50.495619 39.871027 24.224586 92.438736 inf 46.527704 53.152353 inf inf 53.575248 15.377745 84.334123 70.176733 54.362154 inf 55.397759 inf inf inf inf 62.373182 71.555409 44.357206 80.742973 41.393591 3.568441 34.417966 inf 86.374426 61.556903 inf 51.062576 inf 27.219821 11.879243 48.636741 62.523554 inf inf 89.551021 inf 50.430581 28.162535 13.574692 inf 10.223985 60.470893 67.473480 inf 93.885614 89.843629
81.680511 36.764284 52.728957 46.312992 inf 9.293054 89.315919 30.287498 inf 21.211065 77.825924 82.959203 29.178349 15.498185 37.326087 inf 57.429502 59.002487 55.539080 36.987806 inf 2.207327 2.752938 7.073506 64.467003 3.093763 inf 39.066199 37.332261 78.596595 39.394639 20.793523 12.373082 51.510800 inf 63.173039 52.560572 75.009725 inf 98.038502 inf 7.643001 27.405684 22.596060 2.737321 inf inf 82.708801 57.227409 inf 91.403718 13.351936 6.312353 53.755043 inf 82.777636 87.688312 12.672943 47.922381 69.114520 72.698836 inf 8.455313 18.592306 40.777388 86.707211 inf 10.788916 inf 12.165383
76.521445 35.995477 1.562836 34.523297 51.074970 inf 12.434194 18.841577 19.671449 67.763028 57.095315 48.127850 38.972707 15.873366 47.342507 34.655634 inf inf inf 18.592073 inf 4.660591 89.373749 24.252830 inf 47.805870 inf 67.662768 inf inf inf 8.194572 14.127658 12.229465 21.389867 inf inf 91.564917 87.239124 98.769400 37.649164 37.432394 45.490923 inf 27.901252 87.918179 68.614333 2.059623 inf 94.376370 59.731208 19.230682 inf 48.911543 34.088810 45.134169 36.440805 50.661096 79.031165 69.651686 44.793676 inf inf 54.835861 inf 84.927535 44.464174 8.881225 10.672803 inf
